-1.734484405000000038e+02,-1.750781250000000000e+02,-2.980799870000000169e+02
-1.730968780000000038e+02,-1.750781250000000000e+02,-2.987049870000000169e+02
-1.730968780000000038e+02,-1.754296875000000000e+02,-2.980799870000000169e+02
-1.730968780000000038e+02,-1.750781250000000000e+02,-2.974549870000000169e+02
-1.734484405000000038e+02,-1.743750000000000000e+02,-2.980799870000000169e+02
-1.730968780000000038e+02,-1.743750000000000000e+02,-2.987049870000000169e+02
-1.730968780000000038e+02,-1.743750000000000000e+02,-2.974549870000000169e+02
-1.734484405000000038e+02,-1.736718750000000000e+02,-2.980799870000000169e+02
-1.730968780000000038e+02,-1.736718750000000000e+02,-2.987049870000000169e+02
-1.730968780000000038e+02,-1.736718750000000000e+02,-2.974549870000000169e+02
-1.734484405000000038e+02,-1.729687500000000000e+02,-2.980799870000000169e+02
-1.730968780000000038e+02,-1.729687500000000000e+02,-2.987049870000000169e+02
-1.730968780000000038e+02,-1.729687500000000000e+02,-2.974549870000000169e+02
-1.730968780000000038e+02,-1.726171875000000000e+02,-2.980799870000000169e+02
-1.727453155000000038e+02,-1.757812500000000000e+02,-2.993299870000000169e+02
-1.723937530000000038e+02,-1.757812500000000000e+02,-2.999549870000000169e+02
-1.723937530000000038e+02,-1.761328125000000000e+02,-2.993299870000000169e+02
-1.723937530000000038e+02,-1.761328125000000000e+02,-2.980799870000000169e+02
-1.727453155000000038e+02,-1.757812500000000000e+02,-2.980799870000000169e+02
-1.723937530000000038e+02,-1.761328125000000000e+02,-2.968299870000000169e+02
-1.727453155000000038e+02,-1.757812500000000000e+02,-2.968299870000000169e+02
-1.723937530000000038e+02,-1.757812500000000000e+02,-2.962049870000000169e+02
-1.727453155000000038e+02,-1.750781250000000000e+02,-2.993299870000000169e+02
-1.723937530000000038e+02,-1.750781250000000000e+02,-2.999549870000000169e+02
-1.727453155000000038e+02,-1.750781250000000000e+02,-2.968299870000000169e+02
-1.723937530000000038e+02,-1.754296875000000000e+02,-2.955799870000000169e+02
-1.727453155000000038e+02,-1.750781250000000000e+02,-2.955799870000000169e+02
-1.723937530000000038e+02,-1.750781250000000000e+02,-2.949549870000000169e+02
-1.727453155000000038e+02,-1.743750000000000000e+02,-2.993299870000000169e+02
-1.723937530000000038e+02,-1.743750000000000000e+02,-2.999549870000000169e+02
-1.727453155000000038e+02,-1.743750000000000000e+02,-2.968299870000000169e+02
-1.727453155000000038e+02,-1.743750000000000000e+02,-2.955799870000000169e+02
-1.723937530000000038e+02,-1.747265625000000000e+02,-2.943299870000000169e+02
-1.727453155000000038e+02,-1.743750000000000000e+02,-2.943299870000000169e+02
-1.727453155000000038e+02,-1.736718750000000000e+02,-2.993299870000000169e+02
-1.723937530000000038e+02,-1.736718750000000000e+02,-2.999549870000000169e+02
-1.727453155000000038e+02,-1.736718750000000000e+02,-2.968299870000000169e+02
-1.727453155000000038e+02,-1.736718750000000000e+02,-2.955799870000000169e+02
-1.727453155000000038e+02,-1.736718750000000000e+02,-2.943299870000000169e+02
-1.727453155000000038e+02,-1.729687500000000000e+02,-2.993299870000000169e+02
-1.723937530000000038e+02,-1.729687500000000000e+02,-2.999549870000000169e+02
-1.727453155000000038e+02,-1.729687500000000000e+02,-2.968299870000000169e+02
-1.727453155000000038e+02,-1.729687500000000000e+02,-2.955799870000000169e+02
-1.727453155000000038e+02,-1.729687500000000000e+02,-2.943299870000000169e+02
-1.727453155000000038e+02,-1.722656250000000000e+02,-2.993299870000000169e+02
-1.723937530000000038e+02,-1.722656250000000000e+02,-2.999549870000000169e+02
-1.727453155000000038e+02,-1.722656250000000000e+02,-2.980799870000000169e+02
-1.727453155000000038e+02,-1.722656250000000000e+02,-2.968299870000000169e+02
-1.727453155000000038e+02,-1.722656250000000000e+02,-2.955799870000000169e+02
-1.727453155000000038e+02,-1.722656250000000000e+02,-2.943299870000000169e+02
-1.723937530000000038e+02,-1.719140625000000000e+02,-2.993299870000000169e+02
-1.723937530000000038e+02,-1.719140625000000000e+02,-2.980799870000000169e+02
-1.727453155000000038e+02,-1.715625000000000000e+02,-2.968299870000000169e+02
-1.723937530000000038e+02,-1.715625000000000000e+02,-2.974549870000000169e+02
-1.723937530000000038e+02,-1.715625000000000000e+02,-2.962049870000000169e+02
-1.723937530000000038e+02,-1.719140625000000000e+02,-2.955799870000000169e+02
-1.723937530000000038e+02,-1.719140625000000000e+02,-2.943299870000000169e+02
-1.727453155000000038e+02,-1.708593750000000000e+02,-2.968299870000000169e+02
-1.723937530000000038e+02,-1.708593750000000000e+02,-2.974549870000000169e+02
-1.723937530000000038e+02,-1.708593750000000000e+02,-2.962049870000000169e+02
-1.723937530000000038e+02,-1.705078125000000000e+02,-2.968299870000000169e+02
-1.720421905000000038e+02,-1.771875000000000000e+02,-2.993299870000000169e+02
-1.716906280000000038e+02,-1.771875000000000000e+02,-2.999549870000000169e+02
-1.716906280000000038e+02,-1.775390625000000000e+02,-2.993299870000000169e+02
-1.716906280000000038e+02,-1.771875000000000000e+02,-2.987049870000000169e+02
-1.720421905000000038e+02,-1.764843750000000000e+02,-2.993299870000000169e+02
-1.716906280000000038e+02,-1.764843750000000000e+02,-2.999549870000000169e+02
-1.716906280000000038e+02,-1.768359375000000000e+02,-2.980799870000000169e+02
-1.720421905000000038e+02,-1.764843750000000000e+02,-2.980799870000000169e+02
-1.716906280000000038e+02,-1.768359375000000000e+02,-2.968299870000000169e+02
-1.720421905000000038e+02,-1.764843750000000000e+02,-2.968299870000000169e+02
-1.716906280000000038e+02,-1.764843750000000000e+02,-2.962049870000000169e+02
-1.716906280000000038e+02,-1.757812500000000000e+02,-2.999549870000000169e+02
-1.716906280000000038e+02,-1.761328125000000000e+02,-2.955799870000000169e+02
-1.720421905000000038e+02,-1.757812500000000000e+02,-2.955799870000000169e+02
-1.716906280000000038e+02,-1.757812500000000000e+02,-2.949549870000000169e+02
-1.720421905000000038e+02,-1.750781250000000000e+02,-3.005799870000000169e+02
-1.716906280000000038e+02,-1.750781250000000000e+02,-3.012049870000000169e+02
-1.716906280000000038e+02,-1.754296875000000000e+02,-3.005799870000000169e+02
-1.716906280000000038e+02,-1.754296875000000000e+02,-2.943299870000000169e+02
-1.720421905000000038e+02,-1.750781250000000000e+02,-2.943299870000000169e+02
-1.720421905000000038e+02,-1.743750000000000000e+02,-3.005799870000000169e+02
-1.716906280000000038e+02,-1.743750000000000000e+02,-3.012049870000000169e+02
-1.720421905000000038e+02,-1.736718750000000000e+02,-3.005799870000000169e+02
-1.716906280000000038e+02,-1.736718750000000000e+02,-3.012049870000000169e+02
-1.720421905000000038e+02,-1.729687500000000000e+02,-3.005799870000000169e+02
-1.716906280000000038e+02,-1.729687500000000000e+02,-3.012049870000000169e+02
-1.716906280000000038e+02,-1.726171875000000000e+02,-3.005799870000000169e+02
-1.716906280000000038e+02,-1.722656250000000000e+02,-2.999549870000000169e+02
-1.720421905000000038e+02,-1.715625000000000000e+02,-2.993299870000000169e+02
-1.716906280000000038e+02,-1.715625000000000000e+02,-2.999549870000000169e+02
-1.720421905000000038e+02,-1.715625000000000000e+02,-2.980799870000000169e+02
-1.720421905000000038e+02,-1.715625000000000000e+02,-2.955799870000000169e+02
-1.720421905000000038e+02,-1.715625000000000000e+02,-2.943299870000000169e+02
-1.716906280000000038e+02,-1.712109375000000000e+02,-2.993299870000000169e+02
-1.716906280000000038e+02,-1.712109375000000000e+02,-2.980799870000000169e+02
-1.716906280000000038e+02,-1.708593750000000000e+02,-2.974549870000000169e+02
-1.716906280000000038e+02,-1.712109375000000000e+02,-2.955799870000000169e+02
-1.716906280000000038e+02,-1.708593750000000000e+02,-2.962049870000000169e+02
-1.716906280000000038e+02,-1.712109375000000000e+02,-2.943299870000000169e+02
-1.716906280000000038e+02,-1.705078125000000000e+02,-2.968299870000000169e+02
-1.709875030000000038e+02,-1.771875000000000000e+02,-2.999549870000000169e+02
-1.709875030000000038e+02,-1.775390625000000000e+02,-2.993299870000000169e+02
-1.709875030000000038e+02,-1.775390625000000000e+02,-2.980799870000000169e+02
-1.713390655000000038e+02,-1.771875000000000000e+02,-2.980799870000000169e+02
-1.709875030000000038e+02,-1.775390625000000000e+02,-2.968299870000000169e+02
-1.713390655000000038e+02,-1.771875000000000000e+02,-2.968299870000000169e+02
-1.709875030000000038e+02,-1.771875000000000000e+02,-2.962049870000000169e+02
-1.709875030000000038e+02,-1.764843750000000000e+02,-2.999549870000000169e+02
-1.709875030000000038e+02,-1.768359375000000000e+02,-2.955799870000000169e+02
-1.713390655000000038e+02,-1.764843750000000000e+02,-2.955799870000000169e+02
-1.709875030000000038e+02,-1.764843750000000000e+02,-2.949549870000000169e+02
-1.713390655000000038e+02,-1.757812500000000000e+02,-3.005799870000000169e+02
-1.709875030000000038e+02,-1.757812500000000000e+02,-3.012049870000000169e+02
-1.709875030000000038e+02,-1.761328125000000000e+02,-3.005799870000000169e+02
-1.709875030000000038e+02,-1.757812500000000000e+02,-2.949549870000000169e+02
-1.709875030000000038e+02,-1.750781250000000000e+02,-3.012049870000000169e+02
-1.709875030000000038e+02,-1.754296875000000000e+02,-2.943299870000000169e+02
-1.709875030000000038e+02,-1.743750000000000000e+02,-3.012049870000000169e+02
-1.713390655000000038e+02,-1.736718750000000000e+02,-3.018299870000000169e+02
-1.709875030000000038e+02,-1.736718750000000000e+02,-3.024549870000000169e+02
-1.709875030000000038e+02,-1.740234375000000000e+02,-3.018299870000000169e+02
-1.709875030000000038e+02,-1.733203125000000000e+02,-3.018299870000000169e+02
-1.709875030000000038e+02,-1.729687500000000000e+02,-3.012049870000000169e+02
-1.713390655000000038e+02,-1.722656250000000000e+02,-3.005799870000000169e+02
-1.709875030000000038e+02,-1.722656250000000000e+02,-3.012049870000000169e+02
-1.709875030000000038e+02,-1.719140625000000000e+02,-3.005799870000000169e+02
-1.709875030000000038e+02,-1.715625000000000000e+02,-2.999549870000000169e+02
-1.713390655000000038e+02,-1.708593750000000000e+02,-2.993299870000000169e+02
-1.709875030000000038e+02,-1.708593750000000000e+02,-2.999549870000000169e+02
-1.709875030000000038e+02,-1.708593750000000000e+02,-2.987049870000000169e+02
-1.709875030000000038e+02,-1.712109375000000000e+02,-2.980799870000000169e+02
-1.709875030000000038e+02,-1.708593750000000000e+02,-2.974549870000000169e+02
-1.709875030000000038e+02,-1.712109375000000000e+02,-2.955799870000000169e+02
-1.709875030000000038e+02,-1.708593750000000000e+02,-2.962049870000000169e+02
-1.713390655000000038e+02,-1.708593750000000000e+02,-2.943299870000000169e+02
-1.709875030000000038e+02,-1.708593750000000000e+02,-2.949549870000000169e+02
-1.709875030000000038e+02,-1.705078125000000000e+02,-2.993299870000000169e+02
-1.709875030000000038e+02,-1.705078125000000000e+02,-2.968299870000000169e+02
-1.709875030000000038e+02,-1.705078125000000000e+02,-2.943299870000000169e+02
-1.706359405000000038e+02,-1.778906250000000000e+02,-2.980799870000000169e+02
-1.702843780000000038e+02,-1.778906250000000000e+02,-2.987049870000000169e+02
-1.702843780000000038e+02,-1.782421875000000000e+02,-2.980799870000000169e+02
-1.702843780000000038e+02,-1.778906250000000000e+02,-2.974549870000000169e+02
-1.702843780000000038e+02,-1.771875000000000000e+02,-2.999549870000000169e+02
-1.702843780000000038e+02,-1.775390625000000000e+02,-2.993299870000000169e+02
-1.702843780000000038e+02,-1.775390625000000000e+02,-2.968299870000000169e+02
-1.702843780000000038e+02,-1.771875000000000000e+02,-2.962049870000000169e+02
-1.702843780000000038e+02,-1.768359375000000000e+02,-3.030799870000000169e+02
-1.702843780000000038e+02,-1.764843750000000000e+02,-3.024549870000000169e+02
-1.706359405000000038e+02,-1.764843750000000000e+02,-3.030799870000000169e+02
-1.706359405000000038e+02,-1.764843750000000000e+02,-3.005799870000000169e+02
-1.702843780000000038e+02,-1.764843750000000000e+02,-3.012049870000000169e+02
-1.702843780000000038e+02,-1.768359375000000000e+02,-3.005799870000000169e+02
-1.702843780000000038e+02,-1.768359375000000000e+02,-2.955799870000000169e+02
-1.702843780000000038e+02,-1.764843750000000000e+02,-2.949549870000000169e+02
-1.702843780000000038e+02,-1.761328125000000000e+02,-3.018299870000000169e+02
-1.706359405000000038e+02,-1.757812500000000000e+02,-3.018299870000000169e+02
-1.706359405000000038e+02,-1.757812500000000000e+02,-3.030799870000000169e+02
-1.702843780000000038e+02,-1.761328125000000000e+02,-2.943299870000000169e+02
-1.706359405000000038e+02,-1.757812500000000000e+02,-2.943299870000000169e+02
-1.706359405000000038e+02,-1.750781250000000000e+02,-3.018299870000000169e+02
-1.706359405000000038e+02,-1.750781250000000000e+02,-3.030799870000000169e+02
-1.706359405000000038e+02,-1.743750000000000000e+02,-3.018299870000000169e+02
-1.706359405000000038e+02,-1.743750000000000000e+02,-3.030799870000000169e+02
-1.702843780000000038e+02,-1.736718750000000000e+02,-3.024549870000000169e+02
-1.702843780000000038e+02,-1.740234375000000000e+02,-3.030799870000000169e+02
-1.706359405000000038e+02,-1.729687500000000000e+02,-3.018299870000000169e+02
-1.702843780000000038e+02,-1.729687500000000000e+02,-3.024549870000000169e+02
-1.702843780000000038e+02,-1.726171875000000000e+02,-3.018299870000000169e+02
-1.702843780000000038e+02,-1.722656250000000000e+02,-3.012049870000000169e+02
-1.702843780000000038e+02,-1.719140625000000000e+02,-3.005799870000000169e+02
-1.702843780000000038e+02,-1.715625000000000000e+02,-2.999549870000000169e+02
-1.702843780000000038e+02,-1.708593750000000000e+02,-2.999549870000000169e+02
-1.702843780000000038e+02,-1.712109375000000000e+02,-2.980799870000000169e+02
-1.702843780000000038e+02,-1.708593750000000000e+02,-2.987049870000000169e+02
-1.702843780000000038e+02,-1.708593750000000000e+02,-2.974549870000000169e+02
-1.702843780000000038e+02,-1.712109375000000000e+02,-2.955799870000000169e+02
-1.702843780000000038e+02,-1.708593750000000000e+02,-2.962049870000000169e+02
-1.702843780000000038e+02,-1.708593750000000000e+02,-2.949549870000000169e+02
-1.702843780000000038e+02,-1.705078125000000000e+02,-2.993299870000000169e+02
-1.702843780000000038e+02,-1.705078125000000000e+02,-2.968299870000000169e+02
-1.702843780000000038e+02,-1.705078125000000000e+02,-2.943299870000000169e+02
-1.695812530000000038e+02,-1.778906250000000000e+02,-2.987049870000000169e+02
-1.695812530000000038e+02,-1.782421875000000000e+02,-2.980799870000000169e+02
-1.695812530000000038e+02,-1.778906250000000000e+02,-2.974549870000000169e+02
-1.695812530000000038e+02,-1.775390625000000000e+02,-3.030799870000000169e+02
-1.695812530000000038e+02,-1.771875000000000000e+02,-3.024549870000000169e+02
-1.699328155000000038e+02,-1.771875000000000000e+02,-3.030799870000000169e+02
-1.699328155000000038e+02,-1.771875000000000000e+02,-3.005799870000000169e+02
-1.695812530000000038e+02,-1.771875000000000000e+02,-3.012049870000000169e+02
-1.695812530000000038e+02,-1.775390625000000000e+02,-3.005799870000000169e+02
-1.695812530000000038e+02,-1.775390625000000000e+02,-2.993299870000000169e+02
-1.695812530000000038e+02,-1.775390625000000000e+02,-2.968299870000000169e+02
-1.695812530000000038e+02,-1.775390625000000000e+02,-2.955799870000000169e+02
-1.699328155000000038e+02,-1.771875000000000000e+02,-2.955799870000000169e+02
-1.695812530000000038e+02,-1.771875000000000000e+02,-2.949549870000000169e+02
-1.695812530000000038e+02,-1.768359375000000000e+02,-3.018299870000000169e+02
-1.699328155000000038e+02,-1.764843750000000000e+02,-3.018299870000000169e+02
-1.695812530000000038e+02,-1.764843750000000000e+02,-2.949549870000000169e+02
-1.695812530000000038e+02,-1.761328125000000000e+02,-2.943299870000000169e+02
-1.695812530000000038e+02,-1.740234375000000000e+02,-3.030799870000000169e+02
-1.695812530000000038e+02,-1.736718750000000000e+02,-3.024549870000000169e+02
-1.695812530000000038e+02,-1.729687500000000000e+02,-3.024549870000000169e+02
-1.695812530000000038e+02,-1.726171875000000000e+02,-3.018299870000000169e+02
-1.695812530000000038e+02,-1.722656250000000000e+02,-3.012049870000000169e+02
-1.695812530000000038e+02,-1.719140625000000000e+02,-3.005799870000000169e+02
-1.695812530000000038e+02,-1.715625000000000000e+02,-2.999549870000000169e+02
-1.695812530000000038e+02,-1.708593750000000000e+02,-2.999549870000000169e+02
-1.695812530000000038e+02,-1.712109375000000000e+02,-2.980799870000000169e+02
-1.695812530000000038e+02,-1.708593750000000000e+02,-2.987049870000000169e+02
-1.695812530000000038e+02,-1.708593750000000000e+02,-2.974549870000000169e+02
-1.695812530000000038e+02,-1.712109375000000000e+02,-2.955799870000000169e+02
-1.695812530000000038e+02,-1.708593750000000000e+02,-2.962049870000000169e+02
-1.699328155000000038e+02,-1.708593750000000000e+02,-2.943299870000000169e+02
-1.695812530000000038e+02,-1.712109375000000000e+02,-2.943299870000000169e+02
-1.695812530000000038e+02,-1.705078125000000000e+02,-2.993299870000000169e+02
-1.695812530000000038e+02,-1.705078125000000000e+02,-2.968299870000000169e+02
-1.692296905000000038e+02,-1.785937500000000000e+02,-2.993299870000000169e+02
-1.688781280000000038e+02,-1.785937500000000000e+02,-2.999549870000000169e+02
-1.688781280000000038e+02,-1.789453125000000000e+02,-2.993299870000000169e+02
-1.688781280000000038e+02,-1.785937500000000000e+02,-2.987049870000000169e+02
-1.692296905000000038e+02,-1.778906250000000000e+02,-3.018299870000000169e+02
-1.688781280000000038e+02,-1.778906250000000000e+02,-3.024549870000000169e+02
-1.688781280000000038e+02,-1.782421875000000000e+02,-3.018299870000000169e+02
-1.688781280000000038e+02,-1.778906250000000000e+02,-3.012049870000000169e+02
-1.692296905000000038e+02,-1.778906250000000000e+02,-2.993299870000000169e+02
-1.688781280000000038e+02,-1.778906250000000000e+02,-2.999549870000000169e+02
-1.688781280000000038e+02,-1.782421875000000000e+02,-2.980799870000000169e+02
-1.688781280000000038e+02,-1.778906250000000000e+02,-2.974549870000000169e+02
-1.692296905000000038e+02,-1.771875000000000000e+02,-3.018299870000000169e+02
-1.688781280000000038e+02,-1.775390625000000000e+02,-3.030799870000000169e+02
-1.688781280000000038e+02,-1.775390625000000000e+02,-3.005799870000000169e+02
-1.688781280000000038e+02,-1.775390625000000000e+02,-2.968299870000000169e+02
-1.692296905000000038e+02,-1.771875000000000000e+02,-2.955799870000000169e+02
-1.688781280000000038e+02,-1.771875000000000000e+02,-2.962049870000000169e+02
-1.688781280000000038e+02,-1.768359375000000000e+02,-2.955799870000000169e+02
-1.688781280000000038e+02,-1.764843750000000000e+02,-2.949549870000000169e+02
-1.688781280000000038e+02,-1.761328125000000000e+02,-2.943299870000000169e+02
-1.688781280000000038e+02,-1.747265625000000000e+02,-3.030799870000000169e+02
-1.692296905000000038e+02,-1.743750000000000000e+02,-3.030799870000000169e+02
-1.688781280000000038e+02,-1.743750000000000000e+02,-3.024549870000000169e+02
-1.688781280000000038e+02,-1.736718750000000000e+02,-3.024549870000000169e+02
-1.688781280000000038e+02,-1.733203125000000000e+02,-3.018299870000000169e+02
-1.692296905000000038e+02,-1.729687500000000000e+02,-3.018299870000000169e+02
-1.688781280000000038e+02,-1.729687500000000000e+02,-3.012049870000000169e+02
-1.688781280000000038e+02,-1.722656250000000000e+02,-3.012049870000000169e+02
-1.688781280000000038e+02,-1.719140625000000000e+02,-3.005799870000000169e+02
-1.688781280000000038e+02,-1.715625000000000000e+02,-2.999549870000000169e+02
-1.688781280000000038e+02,-1.708593750000000000e+02,-2.999549870000000169e+02
-1.688781280000000038e+02,-1.712109375000000000e+02,-2.980799870000000169e+02
-1.688781280000000038e+02,-1.708593750000000000e+02,-2.987049870000000169e+02
-1.688781280000000038e+02,-1.708593750000000000e+02,-2.974549870000000169e+02
-1.688781280000000038e+02,-1.712109375000000000e+02,-2.955799870000000169e+02
-1.688781280000000038e+02,-1.708593750000000000e+02,-2.962049870000000169e+02
-1.688781280000000038e+02,-1.712109375000000000e+02,-2.943299870000000169e+02
-1.688781280000000038e+02,-1.705078125000000000e+02,-2.993299870000000169e+02
-1.688781280000000038e+02,-1.705078125000000000e+02,-2.968299870000000169e+02
-1.685265655000000038e+02,-1.792968750000000000e+02,-2.993299870000000169e+02
-1.681750030000000038e+02,-1.792968750000000000e+02,-2.999549870000000169e+02
-1.681750030000000038e+02,-1.796484375000000000e+02,-2.993299870000000169e+02
-1.681750030000000038e+02,-1.792968750000000000e+02,-2.987049870000000169e+02
-1.685265655000000038e+02,-1.785937500000000000e+02,-3.018299870000000169e+02
-1.681750030000000038e+02,-1.785937500000000000e+02,-3.024549870000000169e+02
-1.681750030000000038e+02,-1.789453125000000000e+02,-3.018299870000000169e+02
-1.681750030000000038e+02,-1.785937500000000000e+02,-3.012049870000000169e+02
-1.681750030000000038e+02,-1.785937500000000000e+02,-2.999549870000000169e+02
-1.681750030000000038e+02,-1.785937500000000000e+02,-2.987049870000000169e+02
-1.685265655000000038e+02,-1.778906250000000000e+02,-3.030799870000000169e+02
-1.681750030000000038e+02,-1.782421875000000000e+02,-3.030799870000000169e+02
-1.681750030000000038e+02,-1.782421875000000000e+02,-3.005799870000000169e+02
-1.685265655000000038e+02,-1.778906250000000000e+02,-3.005799870000000169e+02
-1.681750030000000038e+02,-1.782421875000000000e+02,-2.980799870000000169e+02
-1.681750030000000038e+02,-1.778906250000000000e+02,-2.974549870000000169e+02
-1.681750030000000038e+02,-1.775390625000000000e+02,-2.968299870000000169e+02
-1.681750030000000038e+02,-1.771875000000000000e+02,-2.962049870000000169e+02
-1.681750030000000038e+02,-1.768359375000000000e+02,-2.955799870000000169e+02
-1.681750030000000038e+02,-1.764843750000000000e+02,-2.949549870000000169e+02
-1.685265655000000038e+02,-1.757812500000000000e+02,-2.943299870000000169e+02
-1.681750030000000038e+02,-1.757812500000000000e+02,-2.949549870000000169e+02
-1.681750030000000038e+02,-1.754296875000000000e+02,-2.943299870000000169e+02
-1.681750030000000038e+02,-1.747265625000000000e+02,-3.030799870000000169e+02
-1.681750030000000038e+02,-1.743750000000000000e+02,-3.024549870000000169e+02
-1.681750030000000038e+02,-1.736718750000000000e+02,-3.024549870000000169e+02
-1.681750030000000038e+02,-1.733203125000000000e+02,-3.018299870000000169e+02
-1.681750030000000038e+02,-1.729687500000000000e+02,-3.012049870000000169e+02
-1.681750030000000038e+02,-1.726171875000000000e+02,-3.005799870000000169e+02
-1.685265655000000038e+02,-1.722656250000000000e+02,-3.005799870000000169e+02
-1.681750030000000038e+02,-1.722656250000000000e+02,-2.999549870000000169e+02
-1.681750030000000038e+02,-1.715625000000000000e+02,-2.999549870000000169e+02
-1.685265655000000038e+02,-1.715625000000000000e+02,-2.980799870000000169e+02
-1.681750030000000038e+02,-1.719140625000000000e+02,-2.980799870000000169e+02
-1.681750030000000038e+02,-1.715625000000000000e+02,-2.987049870000000169e+02
-1.681750030000000038e+02,-1.715625000000000000e+02,-2.974549870000000169e+02
-1.685265655000000038e+02,-1.715625000000000000e+02,-2.955799870000000169e+02
-1.681750030000000038e+02,-1.719140625000000000e+02,-2.955799870000000169e+02
-1.681750030000000038e+02,-1.715625000000000000e+02,-2.962049870000000169e+02
-1.685265655000000038e+02,-1.715625000000000000e+02,-2.943299870000000169e+02
-1.681750030000000038e+02,-1.719140625000000000e+02,-2.943299870000000169e+02
-1.681750030000000038e+02,-1.712109375000000000e+02,-2.993299870000000169e+02
-1.685265655000000038e+02,-1.708593750000000000e+02,-2.993299870000000169e+02
-1.685265655000000038e+02,-1.708593750000000000e+02,-2.968299870000000169e+02
-1.681750030000000038e+02,-1.712109375000000000e+02,-2.968299870000000169e+02
-1.674718780000000038e+02,-1.792968750000000000e+02,-2.999549870000000169e+02
-1.674718780000000038e+02,-1.796484375000000000e+02,-2.993299870000000169e+02
-1.674718780000000038e+02,-1.792968750000000000e+02,-2.987049870000000169e+02
-1.674718780000000038e+02,-1.785937500000000000e+02,-3.024549870000000169e+02
-1.674718780000000038e+02,-1.789453125000000000e+02,-3.018299870000000169e+02
-1.674718780000000038e+02,-1.789453125000000000e+02,-3.005799870000000169e+02
-1.678234405000000038e+02,-1.785937500000000000e+02,-3.005799870000000169e+02
-1.674718780000000038e+02,-1.785937500000000000e+02,-2.987049870000000169e+02
-1.674718780000000038e+02,-1.782421875000000000e+02,-3.030799870000000169e+02
-1.678234405000000038e+02,-1.778906250000000000e+02,-2.980799870000000169e+02
-1.674718780000000038e+02,-1.778906250000000000e+02,-2.987049870000000169e+02
-1.674718780000000038e+02,-1.775390625000000000e+02,-2.980799870000000169e+02
-1.674718780000000038e+02,-1.775390625000000000e+02,-2.968299870000000169e+02
-1.674718780000000038e+02,-1.771875000000000000e+02,-2.962049870000000169e+02
-1.674718780000000038e+02,-1.768359375000000000e+02,-2.955799870000000169e+02
-1.674718780000000038e+02,-1.764843750000000000e+02,-2.949549870000000169e+02
-1.674718780000000038e+02,-1.757812500000000000e+02,-2.949549870000000169e+02
-1.674718780000000038e+02,-1.754296875000000000e+02,-3.030799870000000169e+02
-1.678234405000000038e+02,-1.750781250000000000e+02,-3.030799870000000169e+02
-1.674718780000000038e+02,-1.750781250000000000e+02,-3.024549870000000169e+02
-1.678234405000000038e+02,-1.750781250000000000e+02,-2.943299870000000169e+02
-1.674718780000000038e+02,-1.750781250000000000e+02,-2.949549870000000169e+02
-1.674718780000000038e+02,-1.743750000000000000e+02,-3.024549870000000169e+02
-1.678234405000000038e+02,-1.743750000000000000e+02,-2.943299870000000169e+02
-1.674718780000000038e+02,-1.743750000000000000e+02,-2.949549870000000169e+02
-1.674718780000000038e+02,-1.740234375000000000e+02,-3.018299870000000169e+02
-1.678234405000000038e+02,-1.736718750000000000e+02,-3.018299870000000169e+02
-1.674718780000000038e+02,-1.736718750000000000e+02,-3.012049870000000169e+02
-1.678234405000000038e+02,-1.736718750000000000e+02,-2.943299870000000169e+02
-1.674718780000000038e+02,-1.736718750000000000e+02,-2.949549870000000169e+02
-1.678234405000000038e+02,-1.729687500000000000e+02,-3.005799870000000169e+02
-1.674718780000000038e+02,-1.733203125000000000e+02,-3.005799870000000169e+02
-1.674718780000000038e+02,-1.729687500000000000e+02,-2.999549870000000169e+02
-1.678234405000000038e+02,-1.729687500000000000e+02,-2.955799870000000169e+02
-1.674718780000000038e+02,-1.733203125000000000e+02,-2.955799870000000169e+02
-1.674718780000000038e+02,-1.729687500000000000e+02,-2.962049870000000169e+02
-1.678234405000000038e+02,-1.729687500000000000e+02,-2.943299870000000169e+02
-1.674718780000000038e+02,-1.722656250000000000e+02,-2.999549870000000169e+02
-1.678234405000000038e+02,-1.722656250000000000e+02,-2.955799870000000169e+02
-1.674718780000000038e+02,-1.722656250000000000e+02,-2.962049870000000169e+02
-1.678234405000000038e+02,-1.722656250000000000e+02,-2.943299870000000169e+02
-1.674718780000000038e+02,-1.719140625000000000e+02,-2.993299870000000169e+02
-1.678234405000000038e+02,-1.715625000000000000e+02,-2.993299870000000169e+02
-1.674718780000000038e+02,-1.719140625000000000e+02,-2.980799870000000169e+02
-1.678234405000000038e+02,-1.715625000000000000e+02,-2.968299870000000169e+02
-1.674718780000000038e+02,-1.719140625000000000e+02,-2.968299870000000169e+02
-1.671203155000000038e+02,-1.792968750000000000e+02,-2.993299870000000169e+02
-1.667687530000000038e+02,-1.785937500000000000e+02,-3.024549870000000169e+02
-1.667687530000000038e+02,-1.789453125000000000e+02,-3.018299870000000169e+02
-1.667687530000000038e+02,-1.789453125000000000e+02,-3.005799870000000169e+02
-1.667687530000000038e+02,-1.789453125000000000e+02,-2.993299870000000169e+02
-1.667687530000000038e+02,-1.785937500000000000e+02,-2.987049870000000169e+02
-1.671203155000000038e+02,-1.778906250000000000e+02,-3.030799870000000169e+02
-1.667687530000000038e+02,-1.778906250000000000e+02,-3.024549870000000169e+02
-1.667687530000000038e+02,-1.778906250000000000e+02,-2.987049870000000169e+02
-1.667687530000000038e+02,-1.775390625000000000e+02,-3.030799870000000169e+02
-1.671203155000000038e+02,-1.771875000000000000e+02,-2.980799870000000169e+02
-1.667687530000000038e+02,-1.771875000000000000e+02,-2.987049870000000169e+02
-1.671203155000000038e+02,-1.771875000000000000e+02,-2.968299870000000169e+02
-1.671203155000000038e+02,-1.764843750000000000e+02,-2.980799870000000169e+02
-1.667687530000000038e+02,-1.764843750000000000e+02,-2.987049870000000169e+02
-1.667687530000000038e+02,-1.764843750000000000e+02,-2.974549870000000169e+02
-1.667687530000000038e+02,-1.768359375000000000e+02,-2.968299870000000169e+02
-1.671203155000000038e+02,-1.764843750000000000e+02,-2.955799870000000169e+02
-1.667687530000000038e+02,-1.764843750000000000e+02,-2.962049870000000169e+02
-1.667687530000000038e+02,-1.761328125000000000e+02,-2.980799870000000169e+02
-1.671203155000000038e+02,-1.757812500000000000e+02,-2.955799870000000169e+02
-1.667687530000000038e+02,-1.757812500000000000e+02,-2.962049870000000169e+02
-1.667687530000000038e+02,-1.754296875000000000e+02,-3.030799870000000169e+02
-1.667687530000000038e+02,-1.750781250000000000e+02,-3.024549870000000169e+02
-1.671203155000000038e+02,-1.750781250000000000e+02,-2.955799870000000169e+02
-1.667687530000000038e+02,-1.750781250000000000e+02,-2.962049870000000169e+02
-1.667687530000000038e+02,-1.747265625000000000e+02,-3.018299870000000169e+02
-1.671203155000000038e+02,-1.743750000000000000e+02,-3.018299870000000169e+02
-1.667687530000000038e+02,-1.743750000000000000e+02,-3.012049870000000169e+02
-1.671203155000000038e+02,-1.743750000000000000e+02,-2.955799870000000169e+02
-1.667687530000000038e+02,-1.743750000000000000e+02,-2.962049870000000169e+02
-1.671203155000000038e+02,-1.736718750000000000e+02,-3.005799870000000169e+02
-1.667687530000000038e+02,-1.740234375000000000e+02,-3.005799870000000169e+02
-1.667687530000000038e+02,-1.736718750000000000e+02,-2.999549870000000169e+02
-1.671203155000000038e+02,-1.736718750000000000e+02,-2.955799870000000169e+02
-1.667687530000000038e+02,-1.736718750000000000e+02,-2.962049870000000169e+02
-1.667687530000000038e+02,-1.729687500000000000e+02,-2.999549870000000169e+02
-1.671203155000000038e+02,-1.729687500000000000e+02,-2.980799870000000169e+02
-1.667687530000000038e+02,-1.733203125000000000e+02,-2.980799870000000169e+02
-1.667687530000000038e+02,-1.729687500000000000e+02,-2.987049870000000169e+02
-1.671203155000000038e+02,-1.729687500000000000e+02,-2.968299870000000169e+02
-1.667687530000000038e+02,-1.733203125000000000e+02,-2.968299870000000169e+02
-1.667687530000000038e+02,-1.726171875000000000e+02,-2.993299870000000169e+02
-1.671203155000000038e+02,-1.722656250000000000e+02,-2.993299870000000169e+02
-1.671203155000000038e+02,-1.722656250000000000e+02,-2.980799870000000169e+02
-1.671203155000000038e+02,-1.722656250000000000e+02,-2.968299870000000169e+02
-1.660656280000000038e+02,-1.785937500000000000e+02,-3.024549870000000169e+02
-1.660656280000000038e+02,-1.789453125000000000e+02,-3.018299870000000169e+02
-1.660656280000000038e+02,-1.789453125000000000e+02,-3.005799870000000169e+02
-1.660656280000000038e+02,-1.789453125000000000e+02,-2.993299870000000169e+02
-1.660656280000000038e+02,-1.785937500000000000e+02,-2.987049870000000169e+02
-1.660656280000000038e+02,-1.778906250000000000e+02,-3.024549870000000169e+02
-1.660656280000000038e+02,-1.778906250000000000e+02,-2.987049870000000169e+02
-1.660656280000000038e+02,-1.775390625000000000e+02,-3.030799870000000169e+02
-1.660656280000000038e+02,-1.771875000000000000e+02,-2.987049870000000169e+02
-1.664171905000000038e+02,-1.764843750000000000e+02,-3.005799870000000169e+02
-1.660656280000000038e+02,-1.768359375000000000e+02,-3.005799870000000169e+02
-1.660656280000000038e+02,-1.764843750000000000e+02,-3.012049870000000169e+02
-1.660656280000000038e+02,-1.764843750000000000e+02,-2.999549870000000169e+02
-1.660656280000000038e+02,-1.764843750000000000e+02,-2.987049870000000169e+02
-1.664171905000000038e+02,-1.764843750000000000e+02,-2.968299870000000169e+02
-1.664171905000000038e+02,-1.757812500000000000e+02,-3.030799870000000169e+02
-1.664171905000000038e+02,-1.757812500000000000e+02,-3.018299870000000169e+02
-1.660656280000000038e+02,-1.761328125000000000e+02,-3.018299870000000169e+02
-1.660656280000000038e+02,-1.761328125000000000e+02,-3.030799870000000169e+02
-1.664171905000000038e+02,-1.757812500000000000e+02,-3.005799870000000169e+02
-1.660656280000000038e+02,-1.757812500000000000e+02,-2.999549870000000169e+02
-1.664171905000000038e+02,-1.757812500000000000e+02,-2.980799870000000169e+02
-1.660656280000000038e+02,-1.757812500000000000e+02,-2.987049870000000169e+02
-1.664171905000000038e+02,-1.757812500000000000e+02,-2.968299870000000169e+02
-1.664171905000000038e+02,-1.750781250000000000e+02,-3.018299870000000169e+02
-1.664171905000000038e+02,-1.750781250000000000e+02,-3.005799870000000169e+02
-1.660656280000000038e+02,-1.750781250000000000e+02,-2.999549870000000169e+02
-1.664171905000000038e+02,-1.750781250000000000e+02,-2.980799870000000169e+02
-1.660656280000000038e+02,-1.750781250000000000e+02,-2.987049870000000169e+02
-1.664171905000000038e+02,-1.750781250000000000e+02,-2.968299870000000169e+02
-1.664171905000000038e+02,-1.743750000000000000e+02,-3.005799870000000169e+02
-1.660656280000000038e+02,-1.743750000000000000e+02,-2.999549870000000169e+02
-1.664171905000000038e+02,-1.743750000000000000e+02,-2.980799870000000169e+02
-1.660656280000000038e+02,-1.743750000000000000e+02,-2.987049870000000169e+02
-1.664171905000000038e+02,-1.743750000000000000e+02,-2.968299870000000169e+02
-1.664171905000000038e+02,-1.736718750000000000e+02,-2.993299870000000169e+02
-1.660656280000000038e+02,-1.740234375000000000e+02,-2.993299870000000169e+02
-1.664171905000000038e+02,-1.736718750000000000e+02,-2.980799870000000169e+02
-1.664171905000000038e+02,-1.736718750000000000e+02,-2.968299870000000169e+02
-1.664171905000000038e+02,-1.729687500000000000e+02,-2.993299870000000169e+02
-1.657140655000000038e+02,-1.785937500000000000e+02,-3.018299870000000169e+02
-1.653625030000000038e+02,-1.785937500000000000e+02,-3.012049870000000169e+02
-1.653625030000000038e+02,-1.789453125000000000e+02,-3.005799870000000169e+02
-1.657140655000000038e+02,-1.785937500000000000e+02,-2.993299870000000169e+02
-1.653625030000000038e+02,-1.785937500000000000e+02,-2.999549870000000169e+02
-1.657140655000000038e+02,-1.778906250000000000e+02,-3.018299870000000169e+02
-1.653625030000000038e+02,-1.782421875000000000e+02,-3.005799870000000169e+02
-1.657140655000000038e+02,-1.778906250000000000e+02,-3.005799870000000169e+02
-1.657140655000000038e+02,-1.778906250000000000e+02,-2.993299870000000169e+02
-1.657140655000000038e+02,-1.771875000000000000e+02,-3.030799870000000169e+02
-1.657140655000000038e+02,-1.771875000000000000e+02,-3.018299870000000169e+02
-1.657140655000000038e+02,-1.771875000000000000e+02,-3.005799870000000169e+02
-1.657140655000000038e+02,-1.771875000000000000e+02,-2.993299870000000169e+02
-1.657140655000000038e+02,-1.764843750000000000e+02,-3.018299870000000169e+02
-1.657140655000000038e+02,-1.764843750000000000e+02,-3.030799870000000169e+02
-1.657140655000000038e+02,-1.764843750000000000e+02,-2.993299870000000169e+02
-1.657140655000000038e+02,-1.757812500000000000e+02,-2.993299870000000169e+02
-1.657140655000000038e+02,-1.750781250000000000e+02,-2.993299870000000169e+02
-1.657140655000000038e+02,-1.743750000000000000e+02,-2.993299870000000169e+02
-1.650109405000000038e+02,-1.785937500000000000e+02,-3.005799870000000169e+02
