-2.023289029999999968e+02,-1.720890630000000101e+02,-3.287500000000000000e+02
-2.019578089999999975e+02,-1.720890630000000101e+02,-3.300000000000000000e+02
-2.019578089999999975e+02,-1.724601570000000095e+02,-3.287500000000000000e+02
-2.019578089999999975e+02,-1.724601570000000095e+02,-3.262500000000000000e+02
-2.023289029999999968e+02,-1.720890630000000101e+02,-3.262500000000000000e+02
-2.023289029999999968e+02,-1.713468750000000114e+02,-3.287500000000000000e+02
-2.019578089999999975e+02,-1.713468750000000114e+02,-3.300000000000000000e+02
-2.023289029999999968e+02,-1.713468750000000114e+02,-3.262500000000000000e+02
-2.019578089999999975e+02,-1.709757810000000120e+02,-3.287500000000000000e+02
-2.023289029999999968e+02,-1.706046870000000126e+02,-3.262500000000000000e+02
-2.019578089999999975e+02,-1.706046870000000126e+02,-3.275000000000000000e+02
-2.023289029999999968e+02,-1.698624990000000139e+02,-3.262500000000000000e+02
-2.019578089999999975e+02,-1.698624990000000139e+02,-3.275000000000000000e+02
-2.019578089999999975e+02,-1.694914050000000145e+02,-3.262500000000000000e+02
-2.015867149999999981e+02,-1.735734390000000076e+02,-3.337500000000000000e+02
-2.012156209999999987e+02,-1.735734390000000076e+02,-3.350000000000000000e+02
-2.012156209999999987e+02,-1.739445330000000070e+02,-3.337500000000000000e+02
-2.012156209999999987e+02,-1.735734390000000076e+02,-3.325000000000000000e+02
-2.015867149999999981e+02,-1.735734390000000076e+02,-3.287500000000000000e+02
-2.012156209999999987e+02,-1.735734390000000076e+02,-3.300000000000000000e+02
-2.012156209999999987e+02,-1.739445330000000070e+02,-3.287500000000000000e+02
-2.012156209999999987e+02,-1.735734390000000076e+02,-3.275000000000000000e+02
-2.015867149999999981e+02,-1.728312510000000088e+02,-3.337500000000000000e+02
-2.012156209999999987e+02,-1.728312510000000088e+02,-3.350000000000000000e+02
-2.012156209999999987e+02,-1.732023450000000082e+02,-3.312500000000000000e+02
-2.015867149999999981e+02,-1.728312510000000088e+02,-3.312500000000000000e+02
-2.015867149999999981e+02,-1.728312510000000088e+02,-3.287500000000000000e+02
-2.012156209999999987e+02,-1.732023450000000082e+02,-3.262500000000000000e+02
-2.015867149999999981e+02,-1.728312510000000088e+02,-3.262500000000000000e+02
-2.015867149999999981e+02,-1.720890630000000101e+02,-3.337500000000000000e+02
-2.012156209999999987e+02,-1.720890630000000101e+02,-3.350000000000000000e+02
-2.015867149999999981e+02,-1.720890630000000101e+02,-3.312500000000000000e+02
-2.015867149999999981e+02,-1.713468750000000114e+02,-3.337500000000000000e+02
-2.012156209999999987e+02,-1.713468750000000114e+02,-3.350000000000000000e+02
-2.015867149999999981e+02,-1.713468750000000114e+02,-3.312500000000000000e+02
-2.015867149999999981e+02,-1.706046870000000126e+02,-3.337500000000000000e+02
-2.012156209999999987e+02,-1.706046870000000126e+02,-3.350000000000000000e+02
-2.015867149999999981e+02,-1.706046870000000126e+02,-3.312500000000000000e+02
-2.015867149999999981e+02,-1.706046870000000126e+02,-3.287500000000000000e+02
-2.015867149999999981e+02,-1.698624990000000139e+02,-3.337500000000000000e+02
-2.012156209999999987e+02,-1.698624990000000139e+02,-3.350000000000000000e+02
-2.015867149999999981e+02,-1.698624990000000139e+02,-3.312500000000000000e+02
-2.015867149999999981e+02,-1.698624990000000139e+02,-3.287500000000000000e+02
-2.015867149999999981e+02,-1.691203110000000152e+02,-3.337500000000000000e+02
-2.012156209999999987e+02,-1.691203110000000152e+02,-3.350000000000000000e+02
-2.012156209999999987e+02,-1.691203110000000152e+02,-3.325000000000000000e+02
-2.012156209999999987e+02,-1.694914050000000145e+02,-3.312500000000000000e+02
-2.015867149999999981e+02,-1.691203110000000152e+02,-3.287500000000000000e+02
-2.012156209999999987e+02,-1.691203110000000152e+02,-3.300000000000000000e+02
-2.015867149999999981e+02,-1.691203110000000152e+02,-3.262500000000000000e+02
-2.015867149999999981e+02,-1.683781230000000164e+02,-3.337500000000000000e+02
-2.012156209999999987e+02,-1.683781230000000164e+02,-3.350000000000000000e+02
-2.012156209999999987e+02,-1.683781230000000164e+02,-3.325000000000000000e+02
-2.012156209999999987e+02,-1.687492170000000158e+02,-3.287500000000000000e+02
-2.012156209999999987e+02,-1.687492170000000158e+02,-3.262500000000000000e+02
-2.012156209999999987e+02,-1.680070290000000170e+02,-3.337500000000000000e+02
-2.008445269999999994e+02,-1.743156270000000063e+02,-3.337500000000000000e+02
-2.004734330000000000e+02,-1.743156270000000063e+02,-3.350000000000000000e+02
-2.004734330000000000e+02,-1.746867210000000057e+02,-3.337500000000000000e+02
-2.004734330000000000e+02,-1.746867210000000057e+02,-3.312500000000000000e+02
-2.008445269999999994e+02,-1.743156270000000063e+02,-3.312500000000000000e+02
-2.004734330000000000e+02,-1.746867210000000057e+02,-3.287500000000000000e+02
-2.008445269999999994e+02,-1.743156270000000063e+02,-3.287500000000000000e+02
-2.004734330000000000e+02,-1.743156270000000063e+02,-3.275000000000000000e+02
-2.004734330000000000e+02,-1.735734390000000076e+02,-3.350000000000000000e+02
-2.008445269999999994e+02,-1.735734390000000076e+02,-3.312500000000000000e+02
-2.004734330000000000e+02,-1.739445330000000070e+02,-3.262500000000000000e+02
-2.008445269999999994e+02,-1.735734390000000076e+02,-3.262500000000000000e+02
-2.004734330000000000e+02,-1.728312510000000088e+02,-3.350000000000000000e+02
-2.004734330000000000e+02,-1.720890630000000101e+02,-3.350000000000000000e+02
-2.004734330000000000e+02,-1.713468750000000114e+02,-3.350000000000000000e+02
-2.004734330000000000e+02,-1.706046870000000126e+02,-3.350000000000000000e+02
-2.004734330000000000e+02,-1.698624990000000139e+02,-3.350000000000000000e+02
-2.004734330000000000e+02,-1.691203110000000152e+02,-3.350000000000000000e+02
-2.008445269999999994e+02,-1.691203110000000152e+02,-3.312500000000000000e+02
-2.004734330000000000e+02,-1.683781230000000164e+02,-3.350000000000000000e+02
-2.008445269999999994e+02,-1.683781230000000164e+02,-3.312500000000000000e+02
-2.008445269999999994e+02,-1.683781230000000164e+02,-3.287500000000000000e+02
-2.004734330000000000e+02,-1.683781230000000164e+02,-3.275000000000000000e+02
-2.004734330000000000e+02,-1.687492170000000158e+02,-3.262500000000000000e+02
-2.008445269999999994e+02,-1.676359350000000177e+02,-3.337500000000000000e+02
-2.004734330000000000e+02,-1.676359350000000177e+02,-3.350000000000000000e+02
-2.004734330000000000e+02,-1.676359350000000177e+02,-3.325000000000000000e+02
-2.004734330000000000e+02,-1.680070290000000170e+02,-3.312500000000000000e+02
-2.004734330000000000e+02,-1.680070290000000170e+02,-3.287500000000000000e+02
-2.004734330000000000e+02,-1.672648409999999899e+02,-3.337500000000000000e+02
-2.001023390000000006e+02,-1.750578150000000051e+02,-3.312500000000000000e+02
-1.997312450000000013e+02,-1.750578150000000051e+02,-3.325000000000000000e+02
-1.997312450000000013e+02,-1.754289090000000044e+02,-3.312500000000000000e+02
-1.997312450000000013e+02,-1.750578150000000051e+02,-3.300000000000000000e+02
-1.997312450000000013e+02,-1.743156270000000063e+02,-3.350000000000000000e+02
-1.997312450000000013e+02,-1.746867210000000057e+02,-3.337500000000000000e+02
-1.997312450000000013e+02,-1.746867210000000057e+02,-3.287500000000000000e+02
-1.997312450000000013e+02,-1.743156270000000063e+02,-3.275000000000000000e+02
-1.997312450000000013e+02,-1.735734390000000076e+02,-3.350000000000000000e+02
-1.997312450000000013e+02,-1.739445330000000070e+02,-3.262500000000000000e+02
-1.997312450000000013e+02,-1.728312510000000088e+02,-3.350000000000000000e+02
-2.001023390000000006e+02,-1.720890630000000101e+02,-3.362500000000000000e+02
-1.997312450000000013e+02,-1.724601570000000095e+02,-3.362500000000000000e+02
-2.001023390000000006e+02,-1.713468750000000114e+02,-3.362500000000000000e+02
-1.997312450000000013e+02,-1.709757810000000120e+02,-3.362500000000000000e+02
-1.997312450000000013e+02,-1.706046870000000126e+02,-3.350000000000000000e+02
-1.997312450000000013e+02,-1.698624990000000139e+02,-3.350000000000000000e+02
-1.997312450000000013e+02,-1.691203110000000152e+02,-3.350000000000000000e+02
-1.997312450000000013e+02,-1.683781230000000164e+02,-3.350000000000000000e+02
-1.997312450000000013e+02,-1.687492170000000158e+02,-3.262500000000000000e+02
-1.997312450000000013e+02,-1.683781230000000164e+02,-3.275000000000000000e+02
-1.997312450000000013e+02,-1.676359350000000177e+02,-3.350000000000000000e+02
-1.997312450000000013e+02,-1.680070290000000170e+02,-3.312500000000000000e+02
-1.997312450000000013e+02,-1.676359350000000177e+02,-3.325000000000000000e+02
-1.997312450000000013e+02,-1.680070290000000170e+02,-3.287500000000000000e+02
-1.997312450000000013e+02,-1.672648409999999899e+02,-3.337500000000000000e+02
-1.989890570000000025e+02,-1.750578150000000051e+02,-3.325000000000000000e+02
-1.989890570000000025e+02,-1.754289090000000044e+02,-3.312500000000000000e+02
-1.989890570000000025e+02,-1.750578150000000051e+02,-3.300000000000000000e+02
-1.993601510000000019e+02,-1.743156270000000063e+02,-3.337500000000000000e+02
-1.989890570000000025e+02,-1.743156270000000063e+02,-3.325000000000000000e+02
-1.989890570000000025e+02,-1.746867210000000057e+02,-3.287500000000000000e+02
-1.989890570000000025e+02,-1.743156270000000063e+02,-3.275000000000000000e+02
-1.989890570000000025e+02,-1.735734390000000076e+02,-3.350000000000000000e+02
-1.989890570000000025e+02,-1.739445330000000070e+02,-3.337500000000000000e+02
-1.989890570000000025e+02,-1.739445330000000070e+02,-3.262500000000000000e+02
-1.989890570000000025e+02,-1.728312510000000088e+02,-3.350000000000000000e+02
-1.989890570000000025e+02,-1.724601570000000095e+02,-3.362500000000000000e+02
-1.993601510000000019e+02,-1.706046870000000126e+02,-3.362500000000000000e+02
-1.989890570000000025e+02,-1.702335930000000133e+02,-3.362500000000000000e+02
-1.989890570000000025e+02,-1.698624990000000139e+02,-3.350000000000000000e+02
-1.989890570000000025e+02,-1.691203110000000152e+02,-3.350000000000000000e+02
-1.989890570000000025e+02,-1.683781230000000164e+02,-3.350000000000000000e+02
-1.993601510000000019e+02,-1.683781230000000164e+02,-3.262500000000000000e+02
-1.989890570000000025e+02,-1.676359350000000177e+02,-3.350000000000000000e+02
-1.989890570000000025e+02,-1.680070290000000170e+02,-3.312500000000000000e+02
-1.989890570000000025e+02,-1.676359350000000177e+02,-3.325000000000000000e+02
-1.989890570000000025e+02,-1.680070290000000170e+02,-3.287500000000000000e+02
-1.989890570000000025e+02,-1.680070290000000170e+02,-3.262500000000000000e+02
-1.989890570000000025e+02,-1.672648409999999899e+02,-3.337500000000000000e+02
-1.986179630000000031e+02,-1.750578150000000051e+02,-3.312500000000000000e+02
-1.982468690000000038e+02,-1.743156270000000063e+02,-3.325000000000000000e+02
-1.982468690000000038e+02,-1.746867210000000057e+02,-3.312500000000000000e+02
-1.982468690000000038e+02,-1.746867210000000057e+02,-3.287500000000000000e+02
-1.982468690000000038e+02,-1.743156270000000063e+02,-3.275000000000000000e+02
-1.986179630000000031e+02,-1.735734390000000076e+02,-3.337500000000000000e+02
-1.982468690000000038e+02,-1.735734390000000076e+02,-3.325000000000000000e+02
-1.986179630000000031e+02,-1.735734390000000076e+02,-3.262500000000000000e+02
-1.982468690000000038e+02,-1.735734390000000076e+02,-3.275000000000000000e+02
-1.982468690000000038e+02,-1.728312510000000088e+02,-3.350000000000000000e+02
-1.982468690000000038e+02,-1.732023450000000082e+02,-3.337500000000000000e+02
-1.982468690000000038e+02,-1.732023450000000082e+02,-3.262500000000000000e+02
-1.986179630000000031e+02,-1.720890630000000101e+02,-3.362500000000000000e+02
-1.982468690000000038e+02,-1.720890630000000101e+02,-3.350000000000000000e+02
-1.982468690000000038e+02,-1.717179690000000107e+02,-3.362500000000000000e+02
-1.982468690000000038e+02,-1.702335930000000133e+02,-3.362500000000000000e+02
-1.982468690000000038e+02,-1.698624990000000139e+02,-3.350000000000000000e+02
-1.982468690000000038e+02,-1.691203110000000152e+02,-3.350000000000000000e+02
-1.982468690000000038e+02,-1.687492170000000158e+02,-3.337500000000000000e+02
-1.986179630000000031e+02,-1.683781230000000164e+02,-3.337500000000000000e+02
-1.986179630000000031e+02,-1.683781230000000164e+02,-3.312500000000000000e+02
-1.982468690000000038e+02,-1.687492170000000158e+02,-3.312500000000000000e+02
-1.982468690000000038e+02,-1.683781230000000164e+02,-3.300000000000000000e+02
-1.986179630000000031e+02,-1.683781230000000164e+02,-3.262500000000000000e+02
-1.982468690000000038e+02,-1.687492170000000158e+02,-3.262500000000000000e+02
-1.982468690000000038e+02,-1.683781230000000164e+02,-3.275000000000000000e+02
-1.986179630000000031e+02,-1.676359350000000177e+02,-3.337500000000000000e+02
-1.982468690000000038e+02,-1.680070290000000170e+02,-3.287500000000000000e+02
-1.978757750000000044e+02,-1.743156270000000063e+02,-3.312500000000000000e+02
-1.978757750000000044e+02,-1.743156270000000063e+02,-3.287500000000000000e+02
-1.975046810000000050e+02,-1.735734390000000076e+02,-3.325000000000000000e+02
-1.975046810000000050e+02,-1.739445330000000070e+02,-3.312500000000000000e+02
-1.975046810000000050e+02,-1.739445330000000070e+02,-3.287500000000000000e+02
-1.975046810000000050e+02,-1.735734390000000076e+02,-3.275000000000000000e+02
-1.978757750000000044e+02,-1.728312510000000088e+02,-3.337500000000000000e+02
-1.975046810000000050e+02,-1.728312510000000088e+02,-3.325000000000000000e+02
-1.978757750000000044e+02,-1.728312510000000088e+02,-3.262500000000000000e+02
-1.975046810000000050e+02,-1.728312510000000088e+02,-3.275000000000000000e+02
-1.975046810000000050e+02,-1.720890630000000101e+02,-3.350000000000000000e+02
-1.975046810000000050e+02,-1.724601570000000095e+02,-3.337500000000000000e+02
-1.975046810000000050e+02,-1.724601570000000095e+02,-3.262500000000000000e+02
-1.978757750000000044e+02,-1.713468750000000114e+02,-3.362500000000000000e+02
-1.975046810000000050e+02,-1.713468750000000114e+02,-3.350000000000000000e+02
-1.975046810000000050e+02,-1.709757810000000120e+02,-3.337500000000000000e+02
-1.978757750000000044e+02,-1.706046870000000126e+02,-3.337500000000000000e+02
-1.978757750000000044e+02,-1.706046870000000126e+02,-3.362500000000000000e+02
-1.975046810000000050e+02,-1.706046870000000126e+02,-3.325000000000000000e+02
-1.978757750000000044e+02,-1.706046870000000126e+02,-3.262500000000000000e+02
-1.975046810000000050e+02,-1.709757810000000120e+02,-3.262500000000000000e+02
-1.975046810000000050e+02,-1.706046870000000126e+02,-3.275000000000000000e+02
-1.978757750000000044e+02,-1.698624990000000139e+02,-3.337500000000000000e+02
-1.975046810000000050e+02,-1.698624990000000139e+02,-3.325000000000000000e+02
-1.978757750000000044e+02,-1.698624990000000139e+02,-3.262500000000000000e+02
-1.975046810000000050e+02,-1.698624990000000139e+02,-3.275000000000000000e+02
-1.978757750000000044e+02,-1.691203110000000152e+02,-3.337500000000000000e+02
-1.975046810000000050e+02,-1.694914050000000145e+02,-3.312500000000000000e+02
-1.978757750000000044e+02,-1.691203110000000152e+02,-3.312500000000000000e+02
-1.975046810000000050e+02,-1.691203110000000152e+02,-3.300000000000000000e+02
-1.978757750000000044e+02,-1.691203110000000152e+02,-3.262500000000000000e+02
-1.975046810000000050e+02,-1.691203110000000152e+02,-3.275000000000000000e+02
-1.975046810000000050e+02,-1.683781230000000164e+02,-3.300000000000000000e+02
-1.975046810000000050e+02,-1.683781230000000164e+02,-3.275000000000000000e+02
-1.975046810000000050e+02,-1.680070290000000170e+02,-3.287500000000000000e+02
-1.971335870000000057e+02,-1.735734390000000076e+02,-3.312500000000000000e+02
-1.971335870000000057e+02,-1.735734390000000076e+02,-3.287500000000000000e+02
-1.971335870000000057e+02,-1.728312510000000088e+02,-3.312500000000000000e+02
-1.971335870000000057e+02,-1.728312510000000088e+02,-3.287500000000000000e+02
-1.971335870000000057e+02,-1.720890630000000101e+02,-3.337500000000000000e+02
-1.971335870000000057e+02,-1.720890630000000101e+02,-3.312500000000000000e+02
-1.967624930000000063e+02,-1.720890630000000101e+02,-3.300000000000000000e+02
-1.967624930000000063e+02,-1.724601570000000095e+02,-3.287500000000000000e+02
-1.971335870000000057e+02,-1.720890630000000101e+02,-3.262500000000000000e+02
-1.967624930000000063e+02,-1.720890630000000101e+02,-3.275000000000000000e+02
-1.971335870000000057e+02,-1.713468750000000114e+02,-3.337500000000000000e+02
-1.971335870000000057e+02,-1.713468750000000114e+02,-3.312500000000000000e+02
-1.967624930000000063e+02,-1.713468750000000114e+02,-3.300000000000000000e+02
-1.971335870000000057e+02,-1.713468750000000114e+02,-3.262500000000000000e+02
-1.967624930000000063e+02,-1.713468750000000114e+02,-3.275000000000000000e+02
-1.971335870000000057e+02,-1.706046870000000126e+02,-3.312500000000000000e+02
-1.967624930000000063e+02,-1.706046870000000126e+02,-3.300000000000000000e+02
-1.967624930000000063e+02,-1.706046870000000126e+02,-3.275000000000000000e+02
-1.971335870000000057e+02,-1.698624990000000139e+02,-3.312500000000000000e+02
-1.967624930000000063e+02,-1.702335930000000133e+02,-3.287500000000000000e+02
-1.971335870000000057e+02,-1.698624990000000139e+02,-3.287500000000000000e+02
-1.971335870000000057e+02,-1.691203110000000152e+02,-3.287500000000000000e+02
-1.971335870000000057e+02,-1.683781230000000164e+02,-3.287500000000000000e+02
-1.963913990000000069e+02,-1.720890630000000101e+02,-3.287500000000000000e+02
-1.963913990000000069e+02,-1.713468750000000114e+02,-3.287500000000000000e+02
-1.963913990000000069e+02,-1.706046870000000126e+02,-3.287500000000000000e+02
