-2.066703124999999943e+02,-2.182812500000000000e+02,-3.100000000000000000e+02
-2.062406249999999943e+02,-2.182812500000000000e+02,-3.106250000000000000e+02
-2.062406249999999943e+02,-2.187109375000000000e+02,-3.100000000000000000e+02
-2.066703124999999943e+02,-2.174218750000000000e+02,-3.100000000000000000e+02
-2.062406249999999943e+02,-2.174218750000000000e+02,-3.106250000000000000e+02
-2.066703124999999943e+02,-2.165625000000000000e+02,-3.100000000000000000e+02
-2.062406249999999943e+02,-2.165625000000000000e+02,-3.106250000000000000e+02
-2.066703124999999943e+02,-2.157031250000000000e+02,-3.100000000000000000e+02
-2.062406249999999943e+02,-2.157031250000000000e+02,-3.106250000000000000e+02
-2.066703124999999943e+02,-2.148437500000000000e+02,-3.100000000000000000e+02
-2.062406249999999943e+02,-2.148437500000000000e+02,-3.106250000000000000e+02
-2.066703124999999943e+02,-2.139843750000000000e+02,-3.100000000000000000e+02
-2.062406249999999943e+02,-2.139843750000000000e+02,-3.106250000000000000e+02
-2.066703124999999943e+02,-2.131250000000000000e+02,-3.112500000000000000e+02
-2.062406249999999943e+02,-2.131250000000000000e+02,-3.118750000000000000e+02
-2.062406249999999943e+02,-2.135546875000000000e+02,-3.112500000000000000e+02
-2.066703124999999943e+02,-2.131250000000000000e+02,-3.100000000000000000e+02
-2.066703124999999943e+02,-2.122656250000000000e+02,-3.112500000000000000e+02
-2.062406249999999943e+02,-2.122656250000000000e+02,-3.118750000000000000e+02
-2.062406249999999943e+02,-2.122656250000000000e+02,-3.106250000000000000e+02
-2.062406249999999943e+02,-2.126953125000000000e+02,-3.100000000000000000e+02
-2.066703124999999943e+02,-2.114062500000000000e+02,-3.112500000000000000e+02
-2.062406249999999943e+02,-2.114062500000000000e+02,-3.118750000000000000e+02
-2.062406249999999943e+02,-2.114062500000000000e+02,-3.106250000000000000e+02
-2.062406249999999943e+02,-2.109765625000000000e+02,-3.112500000000000000e+02
-2.058109374999999943e+02,-2.191406250000000000e+02,-3.100000000000000000e+02
-2.053812499999999943e+02,-2.191406250000000000e+02,-3.106250000000000000e+02
-2.053812499999999943e+02,-2.195703125000000000e+02,-3.100000000000000000e+02
-2.053812499999999943e+02,-2.182812500000000000e+02,-3.106250000000000000e+02
-2.053812499999999943e+02,-2.174218750000000000e+02,-3.106250000000000000e+02
-2.053812499999999943e+02,-2.165625000000000000e+02,-3.106250000000000000e+02
-2.058109374999999943e+02,-2.157031250000000000e+02,-3.112500000000000000e+02
-2.053812499999999943e+02,-2.157031250000000000e+02,-3.118750000000000000e+02
-2.053812499999999943e+02,-2.161328125000000000e+02,-3.112500000000000000e+02
-2.058109374999999943e+02,-2.148437500000000000e+02,-3.112500000000000000e+02
-2.053812499999999943e+02,-2.148437500000000000e+02,-3.118750000000000000e+02
-2.058109374999999943e+02,-2.139843750000000000e+02,-3.112500000000000000e+02
-2.053812499999999943e+02,-2.139843750000000000e+02,-3.118750000000000000e+02
-2.053812499999999943e+02,-2.131250000000000000e+02,-3.118750000000000000e+02
-2.053812499999999943e+02,-2.122656250000000000e+02,-3.118750000000000000e+02
-2.058109374999999943e+02,-2.122656250000000000e+02,-3.100000000000000000e+02
-2.053812499999999943e+02,-2.114062500000000000e+02,-3.118750000000000000e+02
-2.053812499999999943e+02,-2.118359375000000000e+02,-3.100000000000000000e+02
-2.053812499999999943e+02,-2.114062500000000000e+02,-3.106250000000000000e+02
-2.058109374999999943e+02,-2.105468750000000000e+02,-3.112500000000000000e+02
-2.053812499999999943e+02,-2.105468750000000000e+02,-3.118750000000000000e+02
-2.053812499999999943e+02,-2.105468750000000000e+02,-3.106250000000000000e+02
-2.053812499999999943e+02,-2.101171875000000000e+02,-3.112500000000000000e+02
-2.045218749999999943e+02,-2.191406250000000000e+02,-3.106250000000000000e+02
-2.045218749999999943e+02,-2.195703125000000000e+02,-3.100000000000000000e+02
-2.045218749999999943e+02,-2.182812500000000000e+02,-3.106250000000000000e+02
-2.045218749999999943e+02,-2.174218750000000000e+02,-3.106250000000000000e+02
-2.049515624999999943e+02,-2.165625000000000000e+02,-3.112500000000000000e+02
-2.045218749999999943e+02,-2.165625000000000000e+02,-3.118750000000000000e+02
-2.045218749999999943e+02,-2.169921875000000000e+02,-3.112500000000000000e+02
-2.045218749999999943e+02,-2.157031250000000000e+02,-3.118750000000000000e+02
-2.045218749999999943e+02,-2.148437500000000000e+02,-3.118750000000000000e+02
-2.045218749999999943e+02,-2.139843750000000000e+02,-3.118750000000000000e+02
-2.045218749999999943e+02,-2.131250000000000000e+02,-3.118750000000000000e+02
-2.045218749999999943e+02,-2.122656250000000000e+02,-3.118750000000000000e+02
-2.045218749999999943e+02,-2.114062500000000000e+02,-3.118750000000000000e+02
-2.045218749999999943e+02,-2.118359375000000000e+02,-3.100000000000000000e+02
-2.045218749999999943e+02,-2.114062500000000000e+02,-3.106250000000000000e+02
-2.045218749999999943e+02,-2.105468750000000000e+02,-3.118750000000000000e+02
-2.045218749999999943e+02,-2.105468750000000000e+02,-3.106250000000000000e+02
-2.045218749999999943e+02,-2.101171875000000000e+02,-3.112500000000000000e+02
-2.036624999999999943e+02,-2.191406250000000000e+02,-3.106250000000000000e+02
-2.036624999999999943e+02,-2.195703125000000000e+02,-3.100000000000000000e+02
-2.036624999999999943e+02,-2.182812500000000000e+02,-3.106250000000000000e+02
-2.036624999999999943e+02,-2.174218750000000000e+02,-3.106250000000000000e+02
-2.036624999999999943e+02,-2.165625000000000000e+02,-3.118750000000000000e+02
-2.036624999999999943e+02,-2.169921875000000000e+02,-3.112500000000000000e+02
-2.036624999999999943e+02,-2.157031250000000000e+02,-3.118750000000000000e+02
-2.036624999999999943e+02,-2.148437500000000000e+02,-3.118750000000000000e+02
-2.036624999999999943e+02,-2.139843750000000000e+02,-3.118750000000000000e+02
-2.036624999999999943e+02,-2.131250000000000000e+02,-3.118750000000000000e+02
-2.036624999999999943e+02,-2.122656250000000000e+02,-3.118750000000000000e+02
-2.040921874999999943e+02,-2.114062500000000000e+02,-3.125000000000000000e+02
-2.036624999999999943e+02,-2.114062500000000000e+02,-3.131250000000000000e+02
-2.036624999999999943e+02,-2.118359375000000000e+02,-3.125000000000000000e+02
-2.036624999999999943e+02,-2.118359375000000000e+02,-3.100000000000000000e+02
-2.036624999999999943e+02,-2.114062500000000000e+02,-3.106250000000000000e+02
-2.040921874999999943e+02,-2.105468750000000000e+02,-3.125000000000000000e+02
-2.036624999999999943e+02,-2.105468750000000000e+02,-3.131250000000000000e+02
-2.036624999999999943e+02,-2.105468750000000000e+02,-3.106250000000000000e+02
-2.040921874999999943e+02,-2.096875000000000000e+02,-3.125000000000000000e+02
-2.036624999999999943e+02,-2.096875000000000000e+02,-3.131250000000000000e+02
-2.036624999999999943e+02,-2.101171875000000000e+02,-3.112500000000000000e+02
-2.036624999999999943e+02,-2.096875000000000000e+02,-3.118750000000000000e+02
-2.036624999999999943e+02,-2.092578125000000000e+02,-3.125000000000000000e+02
-2.028031249999999943e+02,-2.191406250000000000e+02,-3.106250000000000000e+02
-2.028031249999999943e+02,-2.195703125000000000e+02,-3.100000000000000000e+02
-2.028031249999999943e+02,-2.182812500000000000e+02,-3.106250000000000000e+02
-2.028031249999999943e+02,-2.174218750000000000e+02,-3.106250000000000000e+02
-2.028031249999999943e+02,-2.165625000000000000e+02,-3.118750000000000000e+02
-2.028031249999999943e+02,-2.169921875000000000e+02,-3.112500000000000000e+02
-2.028031249999999943e+02,-2.157031250000000000e+02,-3.118750000000000000e+02
-2.028031249999999943e+02,-2.148437500000000000e+02,-3.118750000000000000e+02
-2.028031249999999943e+02,-2.139843750000000000e+02,-3.118750000000000000e+02
-2.028031249999999943e+02,-2.131250000000000000e+02,-3.118750000000000000e+02
-2.032328124999999943e+02,-2.122656250000000000e+02,-3.125000000000000000e+02
-2.028031249999999943e+02,-2.122656250000000000e+02,-3.131250000000000000e+02
-2.028031249999999943e+02,-2.126953125000000000e+02,-3.125000000000000000e+02
-2.028031249999999943e+02,-2.114062500000000000e+02,-3.131250000000000000e+02
-2.028031249999999943e+02,-2.118359375000000000e+02,-3.100000000000000000e+02
-2.028031249999999943e+02,-2.114062500000000000e+02,-3.106250000000000000e+02
-2.028031249999999943e+02,-2.105468750000000000e+02,-3.131250000000000000e+02
-2.028031249999999943e+02,-2.105468750000000000e+02,-3.106250000000000000e+02
-2.028031249999999943e+02,-2.096875000000000000e+02,-3.131250000000000000e+02
-2.028031249999999943e+02,-2.101171875000000000e+02,-3.112500000000000000e+02
-2.028031249999999943e+02,-2.096875000000000000e+02,-3.118750000000000000e+02
-2.032328124999999943e+02,-2.088281250000000000e+02,-3.125000000000000000e+02
-2.028031249999999943e+02,-2.088281250000000000e+02,-3.131250000000000000e+02
-2.028031249999999943e+02,-2.088281250000000000e+02,-3.118750000000000000e+02
-2.028031249999999943e+02,-2.083984375000000000e+02,-3.125000000000000000e+02
-2.023734374999999943e+02,-2.191406250000000000e+02,-3.100000000000000000e+02
-2.019437499999999943e+02,-2.182812500000000000e+02,-3.106250000000000000e+02
-2.019437499999999943e+02,-2.187109375000000000e+02,-3.100000000000000000e+02
-2.019437499999999943e+02,-2.174218750000000000e+02,-3.106250000000000000e+02
-2.019437499999999943e+02,-2.165625000000000000e+02,-3.118750000000000000e+02
-2.019437499999999943e+02,-2.169921875000000000e+02,-3.112500000000000000e+02
-2.019437499999999943e+02,-2.157031250000000000e+02,-3.118750000000000000e+02
-2.019437499999999943e+02,-2.148437500000000000e+02,-3.118750000000000000e+02
-2.019437499999999943e+02,-2.139843750000000000e+02,-3.118750000000000000e+02
-2.019437499999999943e+02,-2.131250000000000000e+02,-3.118750000000000000e+02
-2.019437499999999943e+02,-2.122656250000000000e+02,-3.131250000000000000e+02
-2.019437499999999943e+02,-2.126953125000000000e+02,-3.125000000000000000e+02
-2.019437499999999943e+02,-2.114062500000000000e+02,-3.131250000000000000e+02
-2.019437499999999943e+02,-2.118359375000000000e+02,-3.100000000000000000e+02
-2.019437499999999943e+02,-2.114062500000000000e+02,-3.106250000000000000e+02
-2.019437499999999943e+02,-2.105468750000000000e+02,-3.131250000000000000e+02
-2.019437499999999943e+02,-2.105468750000000000e+02,-3.106250000000000000e+02
-2.019437499999999943e+02,-2.096875000000000000e+02,-3.131250000000000000e+02
-2.019437499999999943e+02,-2.101171875000000000e+02,-3.112500000000000000e+02
-2.019437499999999943e+02,-2.096875000000000000e+02,-3.118750000000000000e+02
-2.019437499999999943e+02,-2.088281250000000000e+02,-3.131250000000000000e+02
-2.019437499999999943e+02,-2.088281250000000000e+02,-3.118750000000000000e+02
-2.019437499999999943e+02,-2.083984375000000000e+02,-3.125000000000000000e+02
-2.010843749999999943e+02,-2.182812500000000000e+02,-3.106250000000000000e+02
-2.010843749999999943e+02,-2.187109375000000000e+02,-3.100000000000000000e+02
-2.010843749999999943e+02,-2.174218750000000000e+02,-3.106250000000000000e+02
-2.010843749999999943e+02,-2.165625000000000000e+02,-3.118750000000000000e+02
-2.010843749999999943e+02,-2.169921875000000000e+02,-3.112500000000000000e+02
-2.010843749999999943e+02,-2.157031250000000000e+02,-3.118750000000000000e+02
-2.010843749999999943e+02,-2.148437500000000000e+02,-3.118750000000000000e+02
-2.010843749999999943e+02,-2.139843750000000000e+02,-3.118750000000000000e+02
-2.010843749999999943e+02,-2.131250000000000000e+02,-3.118750000000000000e+02
-2.015140624999999943e+02,-2.122656250000000000e+02,-3.137500000000000000e+02
-2.010843749999999943e+02,-2.122656250000000000e+02,-3.143750000000000000e+02
-2.010843749999999943e+02,-2.126953125000000000e+02,-3.137500000000000000e+02
-2.010843749999999943e+02,-2.126953125000000000e+02,-3.125000000000000000e+02
-2.015140624999999943e+02,-2.122656250000000000e+02,-3.100000000000000000e+02
-2.010843749999999943e+02,-2.126953125000000000e+02,-3.100000000000000000e+02
-2.010843749999999943e+02,-2.122656250000000000e+02,-3.106250000000000000e+02
-2.015140624999999943e+02,-2.114062500000000000e+02,-3.137500000000000000e+02
-2.010843749999999943e+02,-2.114062500000000000e+02,-3.143750000000000000e+02
-2.010843749999999943e+02,-2.114062500000000000e+02,-3.106250000000000000e+02
-2.015140624999999943e+02,-2.105468750000000000e+02,-3.137500000000000000e+02
-2.010843749999999943e+02,-2.105468750000000000e+02,-3.143750000000000000e+02
-2.010843749999999943e+02,-2.105468750000000000e+02,-3.106250000000000000e+02
-2.015140624999999943e+02,-2.096875000000000000e+02,-3.137500000000000000e+02
-2.010843749999999943e+02,-2.096875000000000000e+02,-3.143750000000000000e+02
-2.010843749999999943e+02,-2.101171875000000000e+02,-3.112500000000000000e+02
-2.010843749999999943e+02,-2.096875000000000000e+02,-3.118750000000000000e+02
-2.015140624999999943e+02,-2.088281250000000000e+02,-3.137500000000000000e+02
-2.010843749999999943e+02,-2.088281250000000000e+02,-3.143750000000000000e+02
-2.010843749999999943e+02,-2.088281250000000000e+02,-3.118750000000000000e+02
-2.010843749999999943e+02,-2.083984375000000000e+02,-3.162500000000000000e+02
-2.010843749999999943e+02,-2.079687500000000000e+02,-3.156250000000000000e+02
-2.015140624999999943e+02,-2.079687500000000000e+02,-3.162500000000000000e+02
-2.015140624999999943e+02,-2.079687500000000000e+02,-3.137500000000000000e+02
-2.010843749999999943e+02,-2.079687500000000000e+02,-3.143750000000000000e+02
-2.015140624999999943e+02,-2.079687500000000000e+02,-3.125000000000000000e+02
-2.010843749999999943e+02,-2.079687500000000000e+02,-3.118750000000000000e+02
-2.010843749999999943e+02,-2.071093750000000000e+02,-3.156250000000000000e+02
-2.015140624999999943e+02,-2.071093750000000000e+02,-3.162500000000000000e+02
-2.010843749999999943e+02,-2.075390625000000000e+02,-3.137500000000000000e+02
-2.015140624999999943e+02,-2.071093750000000000e+02,-3.125000000000000000e+02
-2.010843749999999943e+02,-2.071093750000000000e+02,-3.131250000000000000e+02
-2.010843749999999943e+02,-2.071093750000000000e+02,-3.118750000000000000e+02
-2.010843749999999943e+02,-2.066796875000000000e+02,-3.162500000000000000e+02
-2.010843749999999943e+02,-2.066796875000000000e+02,-3.125000000000000000e+02
-2.006546874999999943e+02,-2.182812500000000000e+02,-3.100000000000000000e+02
-2.002249999999999943e+02,-2.174218750000000000e+02,-3.106250000000000000e+02
-2.002249999999999943e+02,-2.178515625000000000e+02,-3.100000000000000000e+02
-2.002249999999999943e+02,-2.165625000000000000e+02,-3.118750000000000000e+02
-2.002249999999999943e+02,-2.169921875000000000e+02,-3.112500000000000000e+02
-2.002249999999999943e+02,-2.157031250000000000e+02,-3.118750000000000000e+02
-2.002249999999999943e+02,-2.148437500000000000e+02,-3.118750000000000000e+02
-2.002249999999999943e+02,-2.139843750000000000e+02,-3.118750000000000000e+02
-2.006546874999999943e+02,-2.131250000000000000e+02,-3.137500000000000000e+02
-2.002249999999999943e+02,-2.131250000000000000e+02,-3.143750000000000000e+02
-2.002249999999999943e+02,-2.135546875000000000e+02,-3.137500000000000000e+02
-2.002249999999999943e+02,-2.135546875000000000e+02,-3.125000000000000000e+02
-2.006546874999999943e+02,-2.131250000000000000e+02,-3.125000000000000000e+02
-2.002249999999999943e+02,-2.122656250000000000e+02,-3.143750000000000000e+02
-2.002249999999999943e+02,-2.126953125000000000e+02,-3.100000000000000000e+02
-2.002249999999999943e+02,-2.122656250000000000e+02,-3.106250000000000000e+02
-2.006546874999999943e+02,-2.114062500000000000e+02,-3.150000000000000000e+02
-2.002249999999999943e+02,-2.114062500000000000e+02,-3.156250000000000000e+02
-2.002249999999999943e+02,-2.118359375000000000e+02,-3.150000000000000000e+02
-2.002249999999999943e+02,-2.114062500000000000e+02,-3.106250000000000000e+02
-2.006546874999999943e+02,-2.105468750000000000e+02,-3.150000000000000000e+02
-2.002249999999999943e+02,-2.105468750000000000e+02,-3.156250000000000000e+02
-2.002249999999999943e+02,-2.105468750000000000e+02,-3.106250000000000000e+02
-2.006546874999999943e+02,-2.096875000000000000e+02,-3.162500000000000000e+02
-2.002249999999999943e+02,-2.101171875000000000e+02,-3.162500000000000000e+02
-2.006546874999999943e+02,-2.096875000000000000e+02,-3.150000000000000000e+02
-2.002249999999999943e+02,-2.101171875000000000e+02,-3.112500000000000000e+02
-2.002249999999999943e+02,-2.096875000000000000e+02,-3.118750000000000000e+02
-2.006546874999999943e+02,-2.088281250000000000e+02,-3.150000000000000000e+02
-2.006546874999999943e+02,-2.088281250000000000e+02,-3.162500000000000000e+02
-2.002249999999999943e+02,-2.088281250000000000e+02,-3.118750000000000000e+02
-2.006546874999999943e+02,-2.079687500000000000e+02,-3.150000000000000000e+02
-2.002249999999999943e+02,-2.079687500000000000e+02,-3.118750000000000000e+02
-2.006546874999999943e+02,-2.071093750000000000e+02,-3.150000000000000000e+02
-2.006546874999999943e+02,-2.071093750000000000e+02,-3.137500000000000000e+02
-2.002249999999999943e+02,-2.071093750000000000e+02,-3.118750000000000000e+02
-2.002249999999999943e+02,-2.066796875000000000e+02,-3.162500000000000000e+02
-2.006546874999999943e+02,-2.062500000000000000e+02,-3.150000000000000000e+02
-2.002249999999999943e+02,-2.062500000000000000e+02,-3.156250000000000000e+02
-2.002249999999999943e+02,-2.062500000000000000e+02,-3.143750000000000000e+02
-2.002249999999999943e+02,-2.066796875000000000e+02,-3.137500000000000000e+02
-2.002249999999999943e+02,-2.066796875000000000e+02,-3.125000000000000000e+02
-2.002249999999999943e+02,-2.058203125000000000e+02,-3.150000000000000000e+02
-2.002249999999999943e+02,-2.041015625000000000e+02,-3.162500000000000000e+02
-2.002249999999999943e+02,-2.036718750000000000e+02,-3.156250000000000000e+02
-2.006546874999999943e+02,-2.036718750000000000e+02,-3.162500000000000000e+02
-2.002249999999999943e+02,-2.028125000000000000e+02,-3.156250000000000000e+02
-2.006546874999999943e+02,-2.028125000000000000e+02,-3.162500000000000000e+02
-2.002249999999999943e+02,-2.023828125000000000e+02,-3.162500000000000000e+02
-1.997953124999999943e+02,-2.174218750000000000e+02,-3.100000000000000000e+02
-1.997953124999999943e+02,-2.165625000000000000e+02,-3.112500000000000000e+02
-1.993656249999999943e+02,-2.165625000000000000e+02,-3.106250000000000000e+02
-1.993656249999999943e+02,-2.169921875000000000e+02,-3.100000000000000000e+02
-1.993656249999999943e+02,-2.157031250000000000e+02,-3.118750000000000000e+02
-1.993656249999999943e+02,-2.161328125000000000e+02,-3.112500000000000000e+02
-1.993656249999999943e+02,-2.148437500000000000e+02,-3.118750000000000000e+02
-1.993656249999999943e+02,-2.139843750000000000e+02,-3.118750000000000000e+02
-1.993656249999999943e+02,-2.131250000000000000e+02,-3.143750000000000000e+02
-1.993656249999999943e+02,-2.135546875000000000e+02,-3.137500000000000000e+02
-1.993656249999999943e+02,-2.135546875000000000e+02,-3.125000000000000000e+02
-1.997953124999999943e+02,-2.122656250000000000e+02,-3.150000000000000000e+02
-1.993656249999999943e+02,-2.122656250000000000e+02,-3.156250000000000000e+02
-1.993656249999999943e+02,-2.126953125000000000e+02,-3.150000000000000000e+02
-1.993656249999999943e+02,-2.126953125000000000e+02,-3.100000000000000000e+02
-1.993656249999999943e+02,-2.122656250000000000e+02,-3.106250000000000000e+02
-1.993656249999999943e+02,-2.114062500000000000e+02,-3.156250000000000000e+02
-1.993656249999999943e+02,-2.114062500000000000e+02,-3.106250000000000000e+02
-1.997953124999999943e+02,-2.105468750000000000e+02,-3.162500000000000000e+02
-1.993656249999999943e+02,-2.109765625000000000e+02,-3.162500000000000000e+02
-1.993656249999999943e+02,-2.105468750000000000e+02,-3.106250000000000000e+02
-1.993656249999999943e+02,-2.101171875000000000e+02,-3.112500000000000000e+02
-1.993656249999999943e+02,-2.096875000000000000e+02,-3.118750000000000000e+02
-1.993656249999999943e+02,-2.088281250000000000e+02,-3.118750000000000000e+02
-1.993656249999999943e+02,-2.079687500000000000e+02,-3.118750000000000000e+02
-1.993656249999999943e+02,-2.071093750000000000e+02,-3.118750000000000000e+02
-1.997953124999999943e+02,-2.062500000000000000e+02,-3.162500000000000000e+02
-1.997953124999999943e+02,-2.062500000000000000e+02,-3.137500000000000000e+02
-1.993656249999999943e+02,-2.062500000000000000e+02,-3.131250000000000000e+02
-1.993656249999999943e+02,-2.066796875000000000e+02,-3.125000000000000000e+02
-1.997953124999999943e+02,-2.053906250000000000e+02,-3.150000000000000000e+02
-1.997953124999999943e+02,-2.053906250000000000e+02,-3.162500000000000000e+02
-1.993656249999999943e+02,-2.053906250000000000e+02,-3.143750000000000000e+02
-1.993656249999999943e+02,-2.058203125000000000e+02,-3.137500000000000000e+02
-1.993656249999999943e+02,-2.045312500000000000e+02,-3.156250000000000000e+02
-1.993656249999999943e+02,-2.049609375000000000e+02,-3.150000000000000000e+02
-1.997953124999999943e+02,-2.045312500000000000e+02,-3.162500000000000000e+02
-1.993656249999999943e+02,-2.036718750000000000e+02,-3.156250000000000000e+02
-1.993656249999999943e+02,-2.028125000000000000e+02,-3.156250000000000000e+02
-1.993656249999999943e+02,-2.019531250000000000e+02,-3.156250000000000000e+02
-1.997953124999999943e+02,-2.019531250000000000e+02,-3.162500000000000000e+02
-1.993656249999999943e+02,-2.015234375000000000e+02,-3.162500000000000000e+02
-1.985062499999999943e+02,-2.165625000000000000e+02,-3.106250000000000000e+02
-1.985062499999999943e+02,-2.169921875000000000e+02,-3.100000000000000000e+02
-1.985062499999999943e+02,-2.157031250000000000e+02,-3.118750000000000000e+02
-1.985062499999999943e+02,-2.161328125000000000e+02,-3.112500000000000000e+02
-1.985062499999999943e+02,-2.148437500000000000e+02,-3.118750000000000000e+02
-1.985062499999999943e+02,-2.139843750000000000e+02,-3.118750000000000000e+02
-1.985062499999999943e+02,-2.131250000000000000e+02,-3.143750000000000000e+02
-1.985062499999999943e+02,-2.135546875000000000e+02,-3.137500000000000000e+02
-1.985062499999999943e+02,-2.135546875000000000e+02,-3.125000000000000000e+02
-1.989359374999999943e+02,-2.122656250000000000e+02,-3.162500000000000000e+02
-1.985062499999999943e+02,-2.126953125000000000e+02,-3.162500000000000000e+02
-1.985062499999999943e+02,-2.126953125000000000e+02,-3.150000000000000000e+02
-1.985062499999999943e+02,-2.126953125000000000e+02,-3.100000000000000000e+02
-1.985062499999999943e+02,-2.122656250000000000e+02,-3.106250000000000000e+02
-1.989359374999999943e+02,-2.114062500000000000e+02,-3.162500000000000000e+02
-1.985062499999999943e+02,-2.114062500000000000e+02,-3.106250000000000000e+02
-1.985062499999999943e+02,-2.105468750000000000e+02,-3.106250000000000000e+02
-1.985062499999999943e+02,-2.101171875000000000e+02,-3.112500000000000000e+02
-1.985062499999999943e+02,-2.096875000000000000e+02,-3.118750000000000000e+02
-1.985062499999999943e+02,-2.088281250000000000e+02,-3.118750000000000000e+02
-1.985062499999999943e+02,-2.079687500000000000e+02,-3.118750000000000000e+02
-1.985062499999999943e+02,-2.071093750000000000e+02,-3.118750000000000000e+02
-1.985062499999999943e+02,-2.066796875000000000e+02,-3.125000000000000000e+02
-1.985062499999999943e+02,-2.062500000000000000e+02,-3.131250000000000000e+02
-1.985062499999999943e+02,-2.058203125000000000e+02,-3.137500000000000000e+02
-1.985062499999999943e+02,-2.053906250000000000e+02,-3.143750000000000000e+02
-1.985062499999999943e+02,-2.049609375000000000e+02,-3.150000000000000000e+02
-1.985062499999999943e+02,-2.045312500000000000e+02,-3.156250000000000000e+02
-1.985062499999999943e+02,-2.036718750000000000e+02,-3.156250000000000000e+02
-1.985062499999999943e+02,-2.028125000000000000e+02,-3.156250000000000000e+02
-1.985062499999999943e+02,-2.019531250000000000e+02,-3.156250000000000000e+02
-1.985062499999999943e+02,-2.010937500000000000e+02,-3.156250000000000000e+02
-1.989359374999999943e+02,-2.010937500000000000e+02,-3.162500000000000000e+02
-1.985062499999999943e+02,-2.006640625000000000e+02,-3.162500000000000000e+02
-1.980765624999999943e+02,-2.165625000000000000e+02,-3.100000000000000000e+02
-1.980765624999999943e+02,-2.157031250000000000e+02,-3.112500000000000000e+02
-1.980765624999999943e+02,-2.157031250000000000e+02,-3.100000000000000000e+02
-1.976468749999999943e+02,-2.148437500000000000e+02,-3.118750000000000000e+02
-1.976468749999999943e+02,-2.152734375000000000e+02,-3.112500000000000000e+02
-1.976468749999999943e+02,-2.148437500000000000e+02,-3.106250000000000000e+02
-1.980765624999999943e+02,-2.148437500000000000e+02,-3.100000000000000000e+02
-1.976468749999999943e+02,-2.139843750000000000e+02,-3.118750000000000000e+02
-1.976468749999999943e+02,-2.144140625000000000e+02,-3.100000000000000000e+02
-1.976468749999999943e+02,-2.135546875000000000e+02,-3.162500000000000000e+02
-1.976468749999999943e+02,-2.131250000000000000e+02,-3.156250000000000000e+02
-1.980765624999999943e+02,-2.131250000000000000e+02,-3.162500000000000000e+02
-1.980765624999999943e+02,-2.131250000000000000e+02,-3.137500000000000000e+02
-1.976468749999999943e+02,-2.131250000000000000e+02,-3.131250000000000000e+02
-1.976468749999999943e+02,-2.135546875000000000e+02,-3.125000000000000000e+02
-1.980765624999999943e+02,-2.131250000000000000e+02,-3.100000000000000000e+02
-1.976468749999999943e+02,-2.135546875000000000e+02,-3.100000000000000000e+02
-1.976468749999999943e+02,-2.131250000000000000e+02,-3.106250000000000000e+02
-1.976468749999999943e+02,-2.126953125000000000e+02,-3.150000000000000000e+02
-1.976468749999999943e+02,-2.126953125000000000e+02,-3.137500000000000000e+02
-1.976468749999999943e+02,-2.122656250000000000e+02,-3.106250000000000000e+02
-1.976468749999999943e+02,-2.114062500000000000e+02,-3.106250000000000000e+02
-1.976468749999999943e+02,-2.105468750000000000e+02,-3.106250000000000000e+02
-1.976468749999999943e+02,-2.101171875000000000e+02,-3.112500000000000000e+02
-1.976468749999999943e+02,-2.096875000000000000e+02,-3.118750000000000000e+02
-1.976468749999999943e+02,-2.088281250000000000e+02,-3.118750000000000000e+02
-1.976468749999999943e+02,-2.079687500000000000e+02,-3.118750000000000000e+02
-1.976468749999999943e+02,-2.071093750000000000e+02,-3.118750000000000000e+02
-1.980765624999999943e+02,-2.062500000000000000e+02,-3.125000000000000000e+02
-1.976468749999999943e+02,-2.062500000000000000e+02,-3.118750000000000000e+02
-1.976468749999999943e+02,-2.058203125000000000e+02,-3.137500000000000000e+02
-1.976468749999999943e+02,-2.053906250000000000e+02,-3.143750000000000000e+02
-1.976468749999999943e+02,-2.058203125000000000e+02,-3.125000000000000000e+02
-1.976468749999999943e+02,-2.049609375000000000e+02,-3.150000000000000000e+02
-1.976468749999999943e+02,-2.045312500000000000e+02,-3.156250000000000000e+02
-1.976468749999999943e+02,-2.036718750000000000e+02,-3.156250000000000000e+02
-1.976468749999999943e+02,-2.028125000000000000e+02,-3.156250000000000000e+02
-1.976468749999999943e+02,-2.019531250000000000e+02,-3.156250000000000000e+02
-1.976468749999999943e+02,-2.010937500000000000e+02,-3.156250000000000000e+02
-1.976468749999999943e+02,-2.006640625000000000e+02,-3.162500000000000000e+02
-1.972171874999999943e+02,-2.148437500000000000e+02,-3.112500000000000000e+02
-1.967874999999999943e+02,-2.139843750000000000e+02,-3.118750000000000000e+02
-1.967874999999999943e+02,-2.144140625000000000e+02,-3.112500000000000000e+02
-1.972171874999999943e+02,-2.139843750000000000e+02,-3.100000000000000000e+02
-1.967874999999999943e+02,-2.139843750000000000e+02,-3.106250000000000000e+02
-1.972171874999999943e+02,-2.131250000000000000e+02,-3.162500000000000000e+02
-1.967874999999999943e+02,-2.131250000000000000e+02,-3.131250000000000000e+02
-1.967874999999999943e+02,-2.135546875000000000e+02,-3.125000000000000000e+02
-1.967874999999999943e+02,-2.131250000000000000e+02,-3.106250000000000000e+02
-1.972171874999999943e+02,-2.122656250000000000e+02,-3.162500000000000000e+02
-1.967874999999999943e+02,-2.126953125000000000e+02,-3.150000000000000000e+02
-1.967874999999999943e+02,-2.122656250000000000e+02,-3.156250000000000000e+02
-1.967874999999999943e+02,-2.126953125000000000e+02,-3.137500000000000000e+02
-1.967874999999999943e+02,-2.122656250000000000e+02,-3.106250000000000000e+02
-1.967874999999999943e+02,-2.114062500000000000e+02,-3.156250000000000000e+02
-1.972171874999999943e+02,-2.114062500000000000e+02,-3.162500000000000000e+02
-1.967874999999999943e+02,-2.114062500000000000e+02,-3.106250000000000000e+02
-1.967874999999999943e+02,-2.105468750000000000e+02,-3.156250000000000000e+02
-1.972171874999999943e+02,-2.105468750000000000e+02,-3.162500000000000000e+02
-1.972171874999999943e+02,-2.105468750000000000e+02,-3.112500000000000000e+02
-1.967874999999999943e+02,-2.109765625000000000e+02,-3.112500000000000000e+02
-1.967874999999999943e+02,-2.105468750000000000e+02,-3.118750000000000000e+02
-1.967874999999999943e+02,-2.101171875000000000e+02,-3.162500000000000000e+02
-1.967874999999999943e+02,-2.096875000000000000e+02,-3.118750000000000000e+02
-1.967874999999999943e+02,-2.088281250000000000e+02,-3.118750000000000000e+02
-1.967874999999999943e+02,-2.079687500000000000e+02,-3.118750000000000000e+02
-1.967874999999999943e+02,-2.071093750000000000e+02,-3.118750000000000000e+02
-1.972171874999999943e+02,-2.062500000000000000e+02,-3.125000000000000000e+02
-1.967874999999999943e+02,-2.066796875000000000e+02,-3.125000000000000000e+02
-1.967874999999999943e+02,-2.062500000000000000e+02,-3.131250000000000000e+02
-1.967874999999999943e+02,-2.058203125000000000e+02,-3.137500000000000000e+02
-1.967874999999999943e+02,-2.053906250000000000e+02,-3.143750000000000000e+02
-1.967874999999999943e+02,-2.049609375000000000e+02,-3.150000000000000000e+02
-1.967874999999999943e+02,-2.045312500000000000e+02,-3.156250000000000000e+02
-1.967874999999999943e+02,-2.036718750000000000e+02,-3.156250000000000000e+02
-1.967874999999999943e+02,-2.028125000000000000e+02,-3.156250000000000000e+02
-1.967874999999999943e+02,-2.019531250000000000e+02,-3.156250000000000000e+02
-1.972171874999999943e+02,-2.010937500000000000e+02,-3.162500000000000000e+02
-1.967874999999999943e+02,-2.015234375000000000e+02,-3.162500000000000000e+02
-1.963578124999999943e+02,-2.139843750000000000e+02,-3.112500000000000000e+02
-1.963578124999999943e+02,-2.131250000000000000e+02,-3.125000000000000000e+02
-1.959281249999999943e+02,-2.131250000000000000e+02,-3.118750000000000000e+02
-1.959281249999999943e+02,-2.135546875000000000e+02,-3.112500000000000000e+02
-1.959281249999999943e+02,-2.131250000000000000e+02,-3.106250000000000000e+02
-1.959281249999999943e+02,-2.122656250000000000e+02,-3.156250000000000000e+02
-1.959281249999999943e+02,-2.126953125000000000e+02,-3.150000000000000000e+02
-1.959281249999999943e+02,-2.126953125000000000e+02,-3.137500000000000000e+02
-1.959281249999999943e+02,-2.126953125000000000e+02,-3.125000000000000000e+02
-1.959281249999999943e+02,-2.122656250000000000e+02,-3.118750000000000000e+02
-1.963578124999999943e+02,-2.122656250000000000e+02,-3.112500000000000000e+02
-1.959281249999999943e+02,-2.126953125000000000e+02,-3.112500000000000000e+02
-1.959281249999999943e+02,-2.114062500000000000e+02,-3.156250000000000000e+02
-1.963578124999999943e+02,-2.114062500000000000e+02,-3.112500000000000000e+02
-1.959281249999999943e+02,-2.114062500000000000e+02,-3.118750000000000000e+02
-1.959281249999999943e+02,-2.105468750000000000e+02,-3.156250000000000000e+02
-1.959281249999999943e+02,-2.105468750000000000e+02,-3.118750000000000000e+02
-1.959281249999999943e+02,-2.101171875000000000e+02,-3.162500000000000000e+02
-1.959281249999999943e+02,-2.096875000000000000e+02,-3.118750000000000000e+02
-1.959281249999999943e+02,-2.088281250000000000e+02,-3.118750000000000000e+02
-1.959281249999999943e+02,-2.079687500000000000e+02,-3.118750000000000000e+02
-1.963578124999999943e+02,-2.071093750000000000e+02,-3.125000000000000000e+02
-1.959281249999999943e+02,-2.075390625000000000e+02,-3.125000000000000000e+02
-1.959281249999999943e+02,-2.071093750000000000e+02,-3.131250000000000000e+02
-1.963578124999999943e+02,-2.062500000000000000e+02,-3.137500000000000000e+02
-1.959281249999999943e+02,-2.066796875000000000e+02,-3.137500000000000000e+02
-1.959281249999999943e+02,-2.062500000000000000e+02,-3.143750000000000000e+02
-1.963578124999999943e+02,-2.053906250000000000e+02,-3.150000000000000000e+02
-1.959281249999999943e+02,-2.058203125000000000e+02,-3.150000000000000000e+02
-1.959281249999999943e+02,-2.053906250000000000e+02,-3.156250000000000000e+02
-1.959281249999999943e+02,-2.045312500000000000e+02,-3.156250000000000000e+02
-1.959281249999999943e+02,-2.036718750000000000e+02,-3.156250000000000000e+02
-1.963578124999999943e+02,-2.028125000000000000e+02,-3.162500000000000000e+02
-1.959281249999999943e+02,-2.032421875000000000e+02,-3.162500000000000000e+02
-1.963578124999999943e+02,-2.019531250000000000e+02,-3.162500000000000000e+02
-1.954984374999999943e+02,-2.131250000000000000e+02,-3.112500000000000000e+02
-1.954984374999999943e+02,-2.122656250000000000e+02,-3.150000000000000000e+02
-1.950687499999999943e+02,-2.122656250000000000e+02,-3.143750000000000000e+02
-1.950687499999999943e+02,-2.126953125000000000e+02,-3.137500000000000000e+02
-1.954984374999999943e+02,-2.122656250000000000e+02,-3.125000000000000000e+02
-1.950687499999999943e+02,-2.122656250000000000e+02,-3.131250000000000000e+02
-1.950687499999999943e+02,-2.114062500000000000e+02,-3.156250000000000000e+02
-1.950687499999999943e+02,-2.118359375000000000e+02,-3.150000000000000000e+02
-1.954984374999999943e+02,-2.114062500000000000e+02,-3.125000000000000000e+02
-1.950687499999999943e+02,-2.114062500000000000e+02,-3.131250000000000000e+02
-1.950687499999999943e+02,-2.105468750000000000e+02,-3.156250000000000000e+02
-1.954984374999999943e+02,-2.105468750000000000e+02,-3.125000000000000000e+02
-1.950687499999999943e+02,-2.105468750000000000e+02,-3.131250000000000000e+02
-1.950687499999999943e+02,-2.101171875000000000e+02,-3.162500000000000000e+02
-1.954984374999999943e+02,-2.096875000000000000e+02,-3.125000000000000000e+02
-1.950687499999999943e+02,-2.096875000000000000e+02,-3.131250000000000000e+02
-1.954984374999999943e+02,-2.088281250000000000e+02,-3.125000000000000000e+02
-1.950687499999999943e+02,-2.088281250000000000e+02,-3.131250000000000000e+02
-1.954984374999999943e+02,-2.079687500000000000e+02,-3.137500000000000000e+02
-1.950687499999999943e+02,-2.083984375000000000e+02,-3.137500000000000000e+02
-1.950687499999999943e+02,-2.079687500000000000e+02,-3.143750000000000000e+02
-1.954984374999999943e+02,-2.079687500000000000e+02,-3.125000000000000000e+02
-1.954984374999999943e+02,-2.071093750000000000e+02,-3.137500000000000000e+02
-1.950687499999999943e+02,-2.071093750000000000e+02,-3.143750000000000000e+02
-1.954984374999999943e+02,-2.062500000000000000e+02,-3.150000000000000000e+02
-1.950687499999999943e+02,-2.066796875000000000e+02,-3.150000000000000000e+02
-1.950687499999999943e+02,-2.062500000000000000e+02,-3.156250000000000000e+02
-1.950687499999999943e+02,-2.053906250000000000e+02,-3.156250000000000000e+02
-1.950687499999999943e+02,-2.045312500000000000e+02,-3.156250000000000000e+02
-1.954984374999999943e+02,-2.036718750000000000e+02,-3.162500000000000000e+02
-1.950687499999999943e+02,-2.041015625000000000e+02,-3.162500000000000000e+02
-1.946390624999999943e+02,-2.122656250000000000e+02,-3.137500000000000000e+02
-1.946390624999999943e+02,-2.114062500000000000e+02,-3.150000000000000000e+02
-1.946390624999999943e+02,-2.114062500000000000e+02,-3.137500000000000000e+02
-1.942093749999999943e+02,-2.105468750000000000e+02,-3.156250000000000000e+02
-1.942093749999999943e+02,-2.109765625000000000e+02,-3.150000000000000000e+02
-1.942093749999999943e+02,-2.105468750000000000e+02,-3.143750000000000000e+02
-1.946390624999999943e+02,-2.105468750000000000e+02,-3.137500000000000000e+02
-1.942093749999999943e+02,-2.101171875000000000e+02,-3.162500000000000000e+02
-1.946390624999999943e+02,-2.096875000000000000e+02,-3.137500000000000000e+02
-1.942093749999999943e+02,-2.096875000000000000e+02,-3.143750000000000000e+02
-1.946390624999999943e+02,-2.088281250000000000e+02,-3.137500000000000000e+02
-1.942093749999999943e+02,-2.088281250000000000e+02,-3.143750000000000000e+02
-1.942093749999999943e+02,-2.079687500000000000e+02,-3.143750000000000000e+02
-1.942093749999999943e+02,-2.071093750000000000e+02,-3.143750000000000000e+02
-1.942093749999999943e+02,-2.066796875000000000e+02,-3.150000000000000000e+02
-1.942093749999999943e+02,-2.062500000000000000e+02,-3.156250000000000000e+02
-1.942093749999999943e+02,-2.053906250000000000e+02,-3.156250000000000000e+02
-1.946390624999999943e+02,-2.045312500000000000e+02,-3.162500000000000000e+02
-1.942093749999999943e+02,-2.049609375000000000e+02,-3.162500000000000000e+02
-1.937796874999999943e+02,-2.105468750000000000e+02,-3.150000000000000000e+02
-1.933499999999999943e+02,-2.101171875000000000e+02,-3.162500000000000000e+02
-1.937796874999999943e+02,-2.096875000000000000e+02,-3.150000000000000000e+02
-1.933499999999999943e+02,-2.096875000000000000e+02,-3.156250000000000000e+02
-1.937796874999999943e+02,-2.088281250000000000e+02,-3.150000000000000000e+02
-1.933499999999999943e+02,-2.088281250000000000e+02,-3.156250000000000000e+02
-1.937796874999999943e+02,-2.079687500000000000e+02,-3.150000000000000000e+02
-1.933499999999999943e+02,-2.079687500000000000e+02,-3.156250000000000000e+02
-1.937796874999999943e+02,-2.071093750000000000e+02,-3.150000000000000000e+02
-1.933499999999999943e+02,-2.071093750000000000e+02,-3.156250000000000000e+02
-1.933499999999999943e+02,-2.066796875000000000e+02,-3.162500000000000000e+02
-1.937796874999999943e+02,-2.062500000000000000e+02,-3.162500000000000000e+02
-1.937796874999999943e+02,-2.053906250000000000e+02,-3.162500000000000000e+02
-1.929203124999999943e+02,-2.096875000000000000e+02,-3.162500000000000000e+02
-1.929203124999999943e+02,-2.088281250000000000e+02,-3.162500000000000000e+02
-1.929203124999999943e+02,-2.079687500000000000e+02,-3.162500000000000000e+02
-1.929203124999999943e+02,-2.071093750000000000e+02,-3.162500000000000000e+02
