-1.785500030000000038e+02,-1.557421875000000000e+02,-3.550000000000000000e+02
-1.841750030000000038e+02,-1.617187500000000000e+02,-3.556250000000000000e+02
-1.704640655000000038e+02,-1.575000000000000000e+02,-3.512500000000000000e+02
-1.820656280000000038e+02,-1.582031250000000000e+02,-3.443750000000000000e+02
-1.630812530000000038e+02,-1.497656250000000000e+02,-3.356250000000000000e+02
-1.789015655000000038e+02,-1.687500000000000000e+02,-3.450000000000000000e+02
-1.711671905000000038e+02,-1.546875000000000000e+02,-3.525000000000000000e+02
-1.673000030000000038e+02,-1.673437500000000000e+02,-3.518750000000000000e+02
-1.743312530000000038e+02,-1.778906250000000000e+02,-3.481250000000000000e+02
-1.831203155000000038e+02,-1.610156250000000000e+02,-3.462500000000000000e+02
-1.655421905000000038e+02,-1.575000000000000000e+02,-3.450000000000000000e+02
-1.630812530000000038e+02,-1.480078125000000000e+02,-3.400000000000000000e+02
-1.711671905000000038e+02,-1.560937500000000000e+02,-3.525000000000000000e+02
-1.658937530000000038e+02,-1.624218750000000000e+02,-3.481250000000000000e+02
-1.813625030000000038e+02,-1.617187500000000000e+02,-3.456250000000000000e+02
-1.715187530000000038e+02,-1.599609375000000000e+02,-3.362500000000000000e+02
-1.729250030000000038e+02,-1.529296875000000000e+02,-3.525000000000000000e+02
-1.655421905000000038e+02,-1.638281250000000000e+02,-3.475000000000000000e+02
-1.743312530000000038e+02,-1.712109375000000000e+02,-3.387500000000000000e+02
-1.630812530000000038e+02,-1.652343750000000000e+02,-3.431250000000000000e+02
-1.848781280000000038e+02,-1.666406250000000000e+02,-3.531250000000000000e+02
-1.680031280000000038e+02,-1.497656250000000000e+02,-3.356250000000000000e+02
-1.708156280000000038e+02,-1.596093750000000000e+02,-3.356250000000000000e+02
-1.722218780000000038e+02,-1.634765625000000000e+02,-3.537500000000000000e+02
-1.722218780000000038e+02,-1.722656250000000000e+02,-3.393750000000000000e+02
-1.722218780000000038e+02,-1.575000000000000000e+02,-3.368750000000000000e+02
-1.609718780000000038e+02,-1.490625000000000000e+02,-3.356250000000000000e+02
-1.813625030000000038e+02,-1.575000000000000000e+02,-3.443750000000000000e+02
-1.722218780000000038e+02,-1.736718750000000000e+02,-3.531250000000000000e+02
-1.771437530000000038e+02,-1.550390625000000000e+02,-3.387500000000000000e+02
-1.673000030000000038e+02,-1.466015625000000000e+02,-3.437500000000000000e+02
-1.848781280000000038e+02,-1.589062500000000000e+02,-3.543750000000000000e+02
-1.687062530000000038e+02,-1.589062500000000000e+02,-3.481250000000000000e+02
-1.767921905000000038e+02,-1.560937500000000000e+02,-3.550000000000000000e+02
-1.673000030000000038e+02,-1.687500000000000000e+02,-3.356250000000000000e+02
-1.838234405000000038e+02,-1.610156250000000000e+02,-3.562500000000000000e+02
-1.722218780000000038e+02,-1.518750000000000000e+02,-3.456250000000000000e+02
-1.743312530000000038e+02,-1.694531250000000000e+02,-3.556250000000000000e+02
-1.658937530000000038e+02,-1.701562500000000000e+02,-3.468750000000000000e+02
-1.796046905000000038e+02,-1.757812500000000000e+02,-3.537500000000000000e+02
-1.729250030000000038e+02,-1.761328125000000000e+02,-3.525000000000000000e+02
-1.680031280000000038e+02,-1.532812500000000000e+02,-3.456250000000000000e+02
-1.680031280000000038e+02,-1.652343750000000000e+02,-3.506250000000000000e+02
-1.616750030000000038e+02,-1.550390625000000000e+02,-3.375000000000000000e+02
-1.806593780000000038e+02,-1.715625000000000000e+02,-3.531250000000000000e+02
-1.785500030000000038e+02,-1.722656250000000000e+02,-3.543750000000000000e+02
-1.743312530000000038e+02,-1.539843750000000000e+02,-3.506250000000000000e+02
-1.651906280000000038e+02,-1.455468750000000000e+02,-3.381250000000000000e+02
-1.651906280000000038e+02,-1.708593750000000000e+02,-3.456250000000000000e+02
-1.680031280000000038e+02,-1.504687500000000000e+02,-3.456250000000000000e+02
-1.658937530000000038e+02,-1.560937500000000000e+02,-3.456250000000000000e+02
-1.796046905000000038e+02,-1.553906250000000000e+02,-3.450000000000000000e+02
-1.743312530000000038e+02,-1.750781250000000000e+02,-3.543750000000000000e+02
-1.648390655000000038e+02,-1.476562500000000000e+02,-3.437500000000000000e+02
-1.778468780000000038e+02,-1.771875000000000000e+02,-3.468750000000000000e+02
-1.827687530000000038e+02,-1.557421875000000000e+02,-3.537500000000000000e+02
-1.711671905000000038e+02,-1.736718750000000000e+02,-3.525000000000000000e+02
-1.704640655000000038e+02,-1.582031250000000000e+02,-3.487500000000000000e+02
-1.704640655000000038e+02,-1.582031250000000000e+02,-3.512500000000000000e+02
-1.785500030000000038e+02,-1.676953125000000000e+02,-3.550000000000000000e+02
-1.694093780000000038e+02,-1.473046875000000000e+02,-3.437500000000000000e+02
-1.799562530000000038e+02,-1.560937500000000000e+02,-3.493750000000000000e+02
-1.771437530000000038e+02,-1.599609375000000000e+02,-3.412500000000000000e+02
-1.890968780000000038e+02,-1.592578125000000000e+02,-3.537500000000000000e+02
-1.785500030000000038e+02,-1.771875000000000000e+02,-3.531250000000000000e+02
-1.722218780000000038e+02,-1.659375000000000000e+02,-3.543750000000000000e+02
-1.722218780000000038e+02,-1.680468750000000000e+02,-3.543750000000000000e+02
-1.715187530000000038e+02,-1.694531250000000000e+02,-3.531250000000000000e+02
-1.644875030000000038e+02,-1.659375000000000000e+02,-3.406250000000000000e+02
-1.651906280000000038e+02,-1.708593750000000000e+02,-3.481250000000000000e+02
-1.764406280000000038e+02,-1.680468750000000000e+02,-3.556250000000000000e+02
-1.680031280000000038e+02,-1.722656250000000000e+02,-3.468750000000000000e+02
-1.644875030000000038e+02,-1.504687500000000000e+02,-3.356250000000000000e+02
-1.806593780000000038e+02,-1.687500000000000000e+02,-3.456250000000000000e+02
-1.694093780000000038e+02,-1.610156250000000000e+02,-3.356250000000000000e+02
-1.673000030000000038e+02,-1.466015625000000000e+02,-3.425000000000000000e+02
-1.785500030000000038e+02,-1.785937500000000000e+02,-3.506250000000000000e+02
-1.658937530000000038e+02,-1.659375000000000000e+02,-3.368750000000000000e+02
-1.630812530000000038e+02,-1.529296875000000000e+02,-3.425000000000000000e+02
-1.845265655000000038e+02,-1.666406250000000000e+02,-3.487500000000000000e+02
-1.662453155000000038e+02,-1.694531250000000000e+02,-3.387500000000000000e+02
-1.648390655000000038e+02,-1.490625000000000000e+02,-3.437500000000000000e+02
-1.820656280000000038e+02,-1.698046875000000000e+02,-3.525000000000000000e+02
-1.708156280000000038e+02,-1.532812500000000000e+02,-3.356250000000000000e+02
-1.658937530000000038e+02,-1.617187500000000000e+02,-3.368750000000000000e+02
-1.869875030000000038e+02,-1.610156250000000000e+02,-3.518750000000000000e+02
-1.774953155000000038e+02,-1.575000000000000000e+02,-3.412500000000000000e+02
-1.838234405000000038e+02,-1.596093750000000000e+02,-3.562500000000000000e+02
-1.697609405000000038e+02,-1.617187500000000000e+02,-3.525000000000000000e+02
-1.785500030000000038e+02,-1.768359375000000000e+02,-3.475000000000000000e+02
-1.778468780000000038e+02,-1.694531250000000000e+02,-3.418750000000000000e+02
-1.715187530000000038e+02,-1.747265625000000000e+02,-3.525000000000000000e+02
-1.673000030000000038e+02,-1.694531250000000000e+02,-3.356250000000000000e+02
-1.799562530000000038e+02,-1.550390625000000000e+02,-3.475000000000000000e+02
-1.813625030000000038e+02,-1.743750000000000000e+02,-3.531250000000000000e+02
-1.687062530000000038e+02,-1.483593750000000000e+02,-3.456250000000000000e+02
-1.651906280000000038e+02,-1.698046875000000000e+02,-3.425000000000000000e+02
-1.627296905000000038e+02,-1.511718750000000000e+02,-3.350000000000000000e+02
-1.644875030000000038e+02,-1.553906250000000000e+02,-3.443750000000000000e+02
-1.680031280000000038e+02,-1.617187500000000000e+02,-3.356250000000000000e+02
-1.771437530000000038e+02,-1.557421875000000000e+02,-3.550000000000000000e+02
-1.722218780000000038e+02,-1.666406250000000000e+02,-3.543750000000000000e+02
-1.697609405000000038e+02,-1.560937500000000000e+02,-3.350000000000000000e+02
-1.644875030000000038e+02,-1.705078125000000000e+02,-3.462500000000000000e+02
-1.838234405000000038e+02,-1.631250000000000000e+02,-3.562500000000000000e+02
-1.750343780000000038e+02,-1.733203125000000000e+02,-3.450000000000000000e+02
-1.665968780000000038e+02,-1.712109375000000000e+02,-3.412500000000000000e+02
-1.651906280000000038e+02,-1.694531250000000000e+02,-3.406250000000000000e+02
-1.616750030000000038e+02,-1.539843750000000000e+02,-3.381250000000000000e+02
-1.715187530000000038e+02,-1.659375000000000000e+02,-3.531250000000000000e+02
-1.729250030000000038e+02,-1.525781250000000000e+02,-3.381250000000000000e+02
-1.785500030000000038e+02,-1.736718750000000000e+02,-3.543750000000000000e+02
-1.799562530000000038e+02,-1.775390625000000000e+02,-3.512500000000000000e+02
-1.757375030000000038e+02,-1.582031250000000000e+02,-3.556250000000000000e+02
-1.722218780000000038e+02,-1.532812500000000000e+02,-3.456250000000000000e+02
-1.701125030000000038e+02,-1.631250000000000000e+02,-3.531250000000000000e+02
-1.648390655000000038e+02,-1.624218750000000000e+02,-3.375000000000000000e+02
-1.729250030000000038e+02,-1.589062500000000000e+02,-3.368750000000000000e+02
-1.764406280000000038e+02,-1.687500000000000000e+02,-3.556250000000000000e+02
-1.658937530000000038e+02,-1.458984375000000000e+02,-3.400000000000000000e+02
-1.630812530000000038e+02,-1.487109375000000000e+02,-3.400000000000000000e+02
-1.648390655000000038e+02,-1.645312500000000000e+02,-3.450000000000000000e+02
-1.722218780000000038e+02,-1.539843750000000000e+02,-3.368750000000000000e+02
-1.634328155000000038e+02,-1.469531250000000000e+02,-3.400000000000000000e+02
-1.648390655000000038e+02,-1.603125000000000000e+02,-3.475000000000000000e+02
-1.767921905000000038e+02,-1.539843750000000000e+02,-3.412500000000000000e+02
-1.824171905000000038e+02,-1.575000000000000000e+02,-3.562500000000000000e+02
-1.620265655000000038e+02,-1.546875000000000000e+02,-3.412500000000000000e+02
-1.651906280000000038e+02,-1.676953125000000000e+02,-3.375000000000000000e+02
-1.736281280000000038e+02,-1.543359375000000000e+02,-3.537500000000000000e+02
-1.803078155000000038e+02,-1.764843750000000000e+02,-3.500000000000000000e+02
-1.743312530000000038e+02,-1.708593750000000000e+02,-3.381250000000000000e+02
-1.767921905000000038e+02,-1.645312500000000000e+02,-3.400000000000000000e+02
-1.634328155000000038e+02,-1.645312500000000000e+02,-3.375000000000000000e+02
-1.848781280000000038e+02,-1.645312500000000000e+02,-3.481250000000000000e+02
-1.701125030000000038e+02,-1.673437500000000000e+02,-3.531250000000000000e+02
-1.729250030000000038e+02,-1.761328125000000000e+02,-3.500000000000000000e+02
-1.757375030000000038e+02,-1.529296875000000000e+02,-3.537500000000000000e+02
-1.623781280000000038e+02,-1.483593750000000000e+02,-3.356250000000000000e+02
-1.774953155000000038e+02,-1.553906250000000000e+02,-3.387500000000000000e+02
-1.694093780000000038e+02,-1.617187500000000000e+02,-3.518750000000000000e+02
-1.848781280000000038e+02,-1.624218750000000000e+02,-3.468750000000000000e+02
-1.630812530000000038e+02,-1.490625000000000000e+02,-3.393750000000000000e+02
-1.687062530000000038e+02,-1.546875000000000000e+02,-3.481250000000000000e+02
-1.701125030000000038e+02,-1.589062500000000000e+02,-3.531250000000000000e+02
-1.637843780000000038e+02,-1.592578125000000000e+02,-3.412500000000000000e+02
-1.736281280000000038e+02,-1.726171875000000000e+02,-3.412500000000000000e+02
-1.687062530000000038e+02,-1.722656250000000000e+02,-3.443750000000000000e+02
-1.820656280000000038e+02,-1.557421875000000000e+02,-3.512500000000000000e+02
-1.813625030000000038e+02,-1.610156250000000000e+02,-3.456250000000000000e+02
-1.637843780000000038e+02,-1.518750000000000000e+02,-3.443750000000000000e+02
-1.743312530000000038e+02,-1.532812500000000000e+02,-3.456250000000000000e+02
-1.694093780000000038e+02,-1.610156250000000000e+02,-3.481250000000000000e+02
-1.687062530000000038e+02,-1.715625000000000000e+02,-3.381250000000000000e+02
-1.648390655000000038e+02,-1.582031250000000000e+02,-3.350000000000000000e+02
-1.743312530000000038e+02,-1.669921875000000000e+02,-3.562500000000000000e+02
-1.778468780000000038e+02,-1.553906250000000000e+02,-3.443750000000000000e+02
-1.764406280000000038e+02,-1.617187500000000000e+02,-3.368750000000000000e+02
-1.620265655000000038e+02,-1.553906250000000000e+02,-3.375000000000000000e+02
-1.750343780000000038e+02,-1.529296875000000000e+02,-3.400000000000000000e+02
-1.641359405000000038e+02,-1.687500000000000000e+02,-3.475000000000000000e+02
-1.620265655000000038e+02,-1.539843750000000000e+02,-3.362500000000000000e+02
-1.764406280000000038e+02,-1.687500000000000000e+02,-3.393750000000000000e+02
-1.641359405000000038e+02,-1.596093750000000000e+02,-3.412500000000000000e+02
-1.799562530000000038e+02,-1.567968750000000000e+02,-3.556250000000000000e+02
-1.817140655000000038e+02,-1.560937500000000000e+02,-3.462500000000000000e+02
-1.729250030000000038e+02,-1.729687500000000000e+02,-3.543750000000000000e+02
-1.701125030000000038e+02,-1.490625000000000000e+02,-3.418750000000000000e+02
-1.648390655000000038e+02,-1.666406250000000000e+02,-3.387500000000000000e+02
-1.771437530000000038e+02,-1.634765625000000000e+02,-3.387500000000000000e+02
-1.634328155000000038e+02,-1.546875000000000000e+02,-3.350000000000000000e+02
-1.680031280000000038e+02,-1.480078125000000000e+02,-3.387500000000000000e+02
-1.665968780000000038e+02,-1.599609375000000000e+02,-3.350000000000000000e+02
-1.767921905000000038e+02,-1.694531250000000000e+02,-3.400000000000000000e+02
-1.778468780000000038e+02,-1.680468750000000000e+02,-3.556250000000000000e+02
-1.750343780000000038e+02,-1.771875000000000000e+02,-3.531250000000000000e+02
-1.736281280000000038e+02,-1.567968750000000000e+02,-3.368750000000000000e+02
-1.880421905000000038e+02,-1.575000000000000000e+02,-3.525000000000000000e+02
-1.715187530000000038e+02,-1.599609375000000000e+02,-3.550000000000000000e+02
-1.799562530000000038e+02,-1.764843750000000000e+02,-3.531250000000000000e+02
-1.792531280000000038e+02,-1.666406250000000000e+02,-3.443750000000000000e+02
-1.838234405000000038e+02,-1.694531250000000000e+02,-3.487500000000000000e+02
-1.655421905000000038e+02,-1.680468750000000000e+02,-3.500000000000000000e+02
-1.711671905000000038e+02,-1.539843750000000000e+02,-3.362500000000000000e+02
-1.725734405000000038e+02,-1.708593750000000000e+02,-3.350000000000000000e+02
-1.613234405000000038e+02,-1.532812500000000000e+02,-3.375000000000000000e+02
-1.722218780000000038e+02,-1.645312500000000000e+02,-3.531250000000000000e+02
-1.810109405000000038e+02,-1.652343750000000000e+02,-3.450000000000000000e+02
-1.648390655000000038e+02,-1.469531250000000000e+02,-3.425000000000000000e+02
-1.757375030000000038e+02,-1.729687500000000000e+02,-3.456250000000000000e+02
-1.669484405000000038e+02,-1.694531250000000000e+02,-3.375000000000000000e+02
-1.722218780000000038e+02,-1.567968750000000000e+02,-3.368750000000000000e+02
-1.774953155000000038e+02,-1.546875000000000000e+02,-3.412500000000000000e+02
-1.757375030000000038e+02,-1.666406250000000000e+02,-3.356250000000000000e+02
-1.774953155000000038e+02,-1.560937500000000000e+02,-3.400000000000000000e+02
-1.767921905000000038e+02,-1.659375000000000000e+02,-3.562500000000000000e+02
-1.641359405000000038e+02,-1.476562500000000000e+02,-3.425000000000000000e+02
-1.827687530000000038e+02,-1.673437500000000000e+02,-3.468750000000000000e+02
-1.708156280000000038e+02,-1.487109375000000000e+02,-3.450000000000000000e+02
-1.673000030000000038e+02,-1.659375000000000000e+02,-3.356250000000000000e+02
-1.774953155000000038e+02,-1.708593750000000000e+02,-3.550000000000000000e+02
-1.651906280000000038e+02,-1.497656250000000000e+02,-3.443750000000000000e+02
-1.831203155000000038e+02,-1.575000000000000000e+02,-3.550000000000000000e+02
-1.789015655000000038e+02,-1.560937500000000000e+02,-3.537500000000000000e+02
-1.687062530000000038e+02,-1.462500000000000000e+02,-3.456250000000000000e+02
-1.630812530000000038e+02,-1.466015625000000000e+02,-3.375000000000000000e+02
-1.662453155000000038e+02,-1.560937500000000000e+02,-3.462500000000000000e+02
-1.708156280000000038e+02,-1.666406250000000000e+02,-3.531250000000000000e+02
-1.697609405000000038e+02,-1.652343750000000000e+02,-3.525000000000000000e+02
-1.767921905000000038e+02,-1.575000000000000000e+02,-3.387500000000000000e+02
-1.662453155000000038e+02,-1.603125000000000000e+02,-3.362500000000000000e+02
-1.750343780000000038e+02,-1.743750000000000000e+02,-3.456250000000000000e+02
-1.634328155000000038e+02,-1.518750000000000000e+02,-3.425000000000000000e+02
-1.701125030000000038e+02,-1.515234375000000000e+02,-3.475000000000000000e+02
-1.701125030000000038e+02,-1.508203125000000000e+02,-3.375000000000000000e+02
-1.680031280000000038e+02,-1.560937500000000000e+02,-3.481250000000000000e+02
-1.623781280000000038e+02,-1.546875000000000000e+02,-3.356250000000000000e+02
-1.732765655000000038e+02,-1.582031250000000000e+02,-3.550000000000000000e+02
-1.799562530000000038e+02,-1.659375000000000000e+02,-3.443750000000000000e+02
-1.609718780000000038e+02,-1.483593750000000000e+02,-3.356250000000000000e+02
-1.757375030000000038e+02,-1.722656250000000000e+02,-3.543750000000000000e+02
-1.683546905000000038e+02,-1.715625000000000000e+02,-3.450000000000000000e+02
-1.644875030000000038e+02,-1.701562500000000000e+02,-3.468750000000000000e+02
-1.708156280000000038e+02,-1.560937500000000000e+02,-3.493750000000000000e+02
-1.725734405000000038e+02,-1.511718750000000000e+02,-3.425000000000000000e+02
-1.764406280000000038e+02,-1.785937500000000000e+02,-3.506250000000000000e+02
-1.673000030000000038e+02,-1.596093750000000000e+02,-3.481250000000000000e+02
-1.725734405000000038e+02,-1.511718750000000000e+02,-3.437500000000000000e+02
-1.687062530000000038e+02,-1.673437500000000000e+02,-3.518750000000000000e+02
-1.757375030000000038e+02,-1.539843750000000000e+02,-3.543750000000000000e+02
-1.627296905000000038e+02,-1.469531250000000000e+02,-3.362500000000000000e+02
-1.669484405000000038e+02,-1.469531250000000000e+02,-3.400000000000000000e+02
-1.792531280000000038e+02,-1.691015625000000000e+02,-3.537500000000000000e+02
-1.701125030000000038e+02,-1.536328125000000000e+02,-3.350000000000000000e+02
-1.778468780000000038e+02,-1.754296875000000000e+02,-3.462500000000000000e+02
-1.827687530000000038e+02,-1.582031250000000000e+02,-3.468750000000000000e+02
-1.630812530000000038e+02,-1.673437500000000000e+02,-3.418750000000000000e+02
-1.848781280000000038e+02,-1.603125000000000000e+02,-3.493750000000000000e+02
-1.890968780000000038e+02,-1.589062500000000000e+02,-3.531250000000000000e+02
-1.687062530000000038e+02,-1.473046875000000000e+02,-3.425000000000000000e+02
-1.704640655000000038e+02,-1.455468750000000000e+02,-3.450000000000000000e+02
-1.767921905000000038e+02,-1.659375000000000000e+02,-3.400000000000000000e+02
-1.655421905000000038e+02,-1.610156250000000000e+02,-3.450000000000000000e+02
-1.644875030000000038e+02,-1.694531250000000000e+02,-3.493750000000000000e+02
-1.658937530000000038e+02,-1.613671875000000000e+02,-3.375000000000000000e+02
-1.715187530000000038e+02,-1.617187500000000000e+02,-3.531250000000000000e+02
-1.715187530000000038e+02,-1.673437500000000000e+02,-3.531250000000000000e+02
-1.722218780000000038e+02,-1.733203125000000000e+02,-3.450000000000000000e+02
-1.655421905000000038e+02,-1.589062500000000000e+02,-3.362500000000000000e+02
-1.711671905000000038e+02,-1.715625000000000000e+02,-3.525000000000000000e+02
-1.708156280000000038e+02,-1.575000000000000000e+02,-3.506250000000000000e+02
-1.658937530000000038e+02,-1.719140625000000000e+02,-3.500000000000000000e+02
-1.641359405000000038e+02,-1.638281250000000000e+02,-3.412500000000000000e+02
-1.708156280000000038e+02,-1.582031250000000000e+02,-3.356250000000000000e+02
-1.644875030000000038e+02,-1.687500000000000000e+02,-3.406250000000000000e+02
-1.687062530000000038e+02,-1.497656250000000000e+02,-3.368750000000000000e+02
-1.789015655000000038e+02,-1.610156250000000000e+02,-3.425000000000000000e+02
-1.662453155000000038e+02,-1.694531250000000000e+02,-3.512500000000000000e+02
-1.651906280000000038e+02,-1.575000000000000000e+02,-3.443750000000000000e+02
-1.658937530000000038e+02,-1.715625000000000000e+02,-3.456250000000000000e+02
-1.694093780000000038e+02,-1.490625000000000000e+02,-3.393750000000000000e+02
-1.866359405000000038e+02,-1.582031250000000000e+02,-3.512500000000000000e+02
-1.711671905000000038e+02,-1.476562500000000000e+02,-3.450000000000000000e+02
-1.785500030000000038e+02,-1.778906250000000000e+02,-3.531250000000000000e+02
-1.764406280000000038e+02,-1.743750000000000000e+02,-3.543750000000000000e+02
-1.708156280000000038e+02,-1.497656250000000000e+02,-3.456250000000000000e+02
-1.841750030000000038e+02,-1.550390625000000000e+02,-3.525000000000000000e+02
-1.778468780000000038e+02,-1.764843750000000000e+02,-3.468750000000000000e+02
-1.813625030000000038e+02,-1.560937500000000000e+02,-3.543750000000000000e+02
-1.736281280000000038e+02,-1.585546875000000000e+02,-3.562500000000000000e+02
-1.827687530000000038e+02,-1.673437500000000000e+02,-3.531250000000000000e+02
-1.806593780000000038e+02,-1.722656250000000000e+02,-3.531250000000000000e+02
-1.827687530000000038e+02,-1.680468750000000000e+02,-3.468750000000000000e+02
-1.736281280000000038e+02,-1.539843750000000000e+02,-3.531250000000000000e+02
-1.873390655000000038e+02,-1.567968750000000000e+02,-3.525000000000000000e+02
-1.750343780000000038e+02,-1.575000000000000000e+02,-3.556250000000000000e+02
-1.729250030000000038e+02,-1.532812500000000000e+02,-3.456250000000000000e+02
-1.655421905000000038e+02,-1.673437500000000000e+02,-3.500000000000000000e+02
-1.785500030000000038e+02,-1.582031250000000000e+02,-3.431250000000000000e+02
-1.750343780000000038e+02,-1.560937500000000000e+02,-3.368750000000000000e+02
-1.883937530000000038e+02,-1.571484375000000000e+02,-3.537500000000000000e+02
-1.641359405000000038e+02,-1.666406250000000000e+02,-3.462500000000000000e+02
-1.778468780000000038e+02,-1.680468750000000000e+02,-3.418750000000000000e+02
-1.813625030000000038e+02,-1.722656250000000000e+02,-3.493750000000000000e+02
-1.648390655000000038e+02,-1.694531250000000000e+02,-3.425000000000000000e+02
-1.841750030000000038e+02,-1.680468750000000000e+02,-3.493750000000000000e+02
-1.718703155000000038e+02,-1.504687500000000000e+02,-3.425000000000000000e+02
-1.651906280000000038e+02,-1.497656250000000000e+02,-3.356250000000000000e+02
-1.736281280000000038e+02,-1.754296875000000000e+02,-3.537500000000000000e+02
-1.673000030000000038e+02,-1.497656250000000000e+02,-3.356250000000000000e+02
-1.701125030000000038e+02,-1.518750000000000000e+02,-3.468750000000000000e+02
-1.736281280000000038e+02,-1.750781250000000000e+02,-3.468750000000000000e+02
-1.831203155000000038e+02,-1.652343750000000000e+02,-3.562500000000000000e+02
-1.757375030000000038e+02,-1.536328125000000000e+02,-3.512500000000000000e+02
-1.704640655000000038e+02,-1.596093750000000000e+02,-3.512500000000000000e+02
-1.676515655000000038e+02,-1.532812500000000000e+02,-3.475000000000000000e+02
-1.701125030000000038e+02,-1.705078125000000000e+02,-3.350000000000000000e+02
-1.838234405000000038e+02,-1.560937500000000000e+02,-3.512500000000000000e+02
-1.680031280000000038e+02,-1.473046875000000000e+02,-3.400000000000000000e+02
-1.644875030000000038e+02,-1.455468750000000000e+02,-3.381250000000000000e+02
-1.687062530000000038e+02,-1.719140625000000000e+02,-3.412500000000000000e+02
-1.757375030000000038e+02,-1.575000000000000000e+02,-3.556250000000000000e+02
-1.781984405000000038e+02,-1.687500000000000000e+02,-3.425000000000000000e+02
-1.757375030000000038e+02,-1.764843750000000000e+02,-3.531250000000000000e+02
-1.665968780000000038e+02,-1.683984375000000000e+02,-3.362500000000000000e+02
-1.634328155000000038e+02,-1.610156250000000000e+02,-3.437500000000000000e+02
-1.771437530000000038e+02,-1.578515625000000000e+02,-3.562500000000000000e+02
-1.824171905000000038e+02,-1.701562500000000000e+02,-3.512500000000000000e+02
-1.644875030000000038e+02,-1.546875000000000000e+02,-3.443750000000000000e+02
-1.704640655000000038e+02,-1.575000000000000000e+02,-3.525000000000000000e+02
-1.683546905000000038e+02,-1.652343750000000000e+02,-3.512500000000000000e+02
-1.764406280000000038e+02,-1.712109375000000000e+02,-3.400000000000000000e+02
-1.750343780000000038e+02,-1.553906250000000000e+02,-3.368750000000000000e+02
-1.637843780000000038e+02,-1.673437500000000000e+02,-3.443750000000000000e+02
-1.651906280000000038e+02,-1.473046875000000000e+02,-3.437500000000000000e+02
-1.651906280000000038e+02,-1.532812500000000000e+02,-3.443750000000000000e+02
-1.673000030000000038e+02,-1.715625000000000000e+02,-3.481250000000000000e+02
-1.753859405000000038e+02,-1.729687500000000000e+02,-3.450000000000000000e+02
-1.869875030000000038e+02,-1.613671875000000000e+02,-3.537500000000000000e+02
-1.637843780000000038e+02,-1.610156250000000000e+02,-3.431250000000000000e+02
-1.673000030000000038e+02,-1.497656250000000000e+02,-3.456250000000000000e+02
-1.673000030000000038e+02,-1.708593750000000000e+02,-3.393750000000000000e+02
-1.620265655000000038e+02,-1.560937500000000000e+02,-3.400000000000000000e+02
-1.792531280000000038e+02,-1.557421875000000000e+02,-3.437500000000000000e+02
-1.824171905000000038e+02,-1.575000000000000000e+02,-3.462500000000000000e+02
-1.736281280000000038e+02,-1.726171875000000000e+02,-3.425000000000000000e+02
-1.781984405000000038e+02,-1.666406250000000000e+02,-3.437500000000000000e+02
-1.869875030000000038e+02,-1.564453125000000000e+02,-3.537500000000000000e+02
-1.799562530000000038e+02,-1.624218750000000000e+02,-3.456250000000000000e+02
-1.848781280000000038e+02,-1.669921875000000000e+02,-3.512500000000000000e+02
-1.687062530000000038e+02,-1.490625000000000000e+02,-3.456250000000000000e+02
-1.757375030000000038e+02,-1.553906250000000000e+02,-3.543750000000000000e+02
-1.729250030000000038e+02,-1.638281250000000000e+02,-3.543750000000000000e+02
-1.799562530000000038e+02,-1.557421875000000000e+02,-3.512500000000000000e+02
-1.778468780000000038e+02,-1.571484375000000000e+02,-3.412500000000000000e+02
-1.694093780000000038e+02,-1.726171875000000000e+02,-3.437500000000000000e+02
-1.764406280000000038e+02,-1.673437500000000000e+02,-3.556250000000000000e+02
-1.690578155000000038e+02,-1.483593750000000000e+02,-3.412500000000000000e+02
-1.651906280000000038e+02,-1.458984375000000000e+02,-3.412500000000000000e+02
-1.725734405000000038e+02,-1.603125000000000000e+02,-3.562500000000000000e+02
-1.767921905000000038e+02,-1.546875000000000000e+02,-3.400000000000000000e+02
-1.760890655000000038e+02,-1.715625000000000000e+02,-3.425000000000000000e+02
-1.722218780000000038e+02,-1.655859375000000000e+02,-3.537500000000000000e+02
-1.820656280000000038e+02,-1.676953125000000000e+02,-3.537500000000000000e+02
-1.701125030000000038e+02,-1.483593750000000000e+02,-3.456250000000000000e+02
-1.715187530000000038e+02,-1.722656250000000000e+02,-3.531250000000000000e+02
-1.697609405000000038e+02,-1.596093750000000000e+02,-3.500000000000000000e+02
-1.813625030000000038e+02,-1.680468750000000000e+02,-3.456250000000000000e+02
-1.637843780000000038e+02,-1.613671875000000000e+02,-3.400000000000000000e+02
-1.785500030000000038e+02,-1.680468750000000000e+02,-3.543750000000000000e+02
-1.697609405000000038e+02,-1.476562500000000000e+02,-3.437500000000000000e+02
-1.651906280000000038e+02,-1.719140625000000000e+02,-3.462500000000000000e+02
-1.715187530000000038e+02,-1.469531250000000000e+02,-3.443750000000000000e+02
-1.708156280000000038e+02,-1.726171875000000000e+02,-3.400000000000000000e+02
-1.764406280000000038e+02,-1.719140625000000000e+02,-3.450000000000000000e+02
-1.841750030000000038e+02,-1.603125000000000000e+02,-3.481250000000000000e+02
-1.778468780000000038e+02,-1.638281250000000000e+02,-3.418750000000000000e+02
-1.665968780000000038e+02,-1.715625000000000000e+02,-3.468750000000000000e+02
-1.841750030000000038e+02,-1.553906250000000000e+02,-3.518750000000000000e+02
-1.613234405000000038e+02,-1.553906250000000000e+02,-3.437500000000000000e+02
-1.750343780000000038e+02,-1.722656250000000000e+02,-3.543750000000000000e+02
-1.630812530000000038e+02,-1.560937500000000000e+02,-3.418750000000000000e+02
-1.662453155000000038e+02,-1.680468750000000000e+02,-3.362500000000000000e+02
-1.704640655000000038e+02,-1.553906250000000000e+02,-3.362500000000000000e+02
-1.630812530000000038e+02,-1.575000000000000000e+02,-3.418750000000000000e+02
-1.729250030000000038e+02,-1.582031250000000000e+02,-3.543750000000000000e+02
-1.813625030000000038e+02,-1.736718750000000000e+02,-3.518750000000000000e+02
-1.694093780000000038e+02,-1.610156250000000000e+02,-3.518750000000000000e+02
-1.630812530000000038e+02,-1.553906250000000000e+02,-3.418750000000000000e+02
-1.778468780000000038e+02,-1.775390625000000000e+02,-3.500000000000000000e+02
-1.634328155000000038e+02,-1.666406250000000000e+02,-3.437500000000000000e+02
-1.785500030000000038e+02,-1.743750000000000000e+02,-3.456250000000000000e+02
-1.673000030000000038e+02,-1.662890625000000000e+02,-3.512500000000000000e+02
-1.623781280000000038e+02,-1.564453125000000000e+02,-3.412500000000000000e+02
-1.778468780000000038e+02,-1.539843750000000000e+02,-3.418750000000000000e+02
-1.813625030000000038e+02,-1.747265625000000000e+02,-3.525000000000000000e+02
-1.799562530000000038e+02,-1.606640625000000000e+02,-3.437500000000000000e+02
-1.869875030000000038e+02,-1.603125000000000000e+02,-3.543750000000000000e+02
-1.658937530000000038e+02,-1.694531250000000000e+02,-3.506250000000000000e+02
-1.739796905000000038e+02,-1.701562500000000000e+02,-3.550000000000000000e+02
-1.673000030000000038e+02,-1.645312500000000000e+02,-3.493750000000000000e+02
-1.743312530000000038e+02,-1.596093750000000000e+02,-3.368750000000000000e+02
-1.655421905000000038e+02,-1.575000000000000000e+02,-3.462500000000000000e+02
-1.806593780000000038e+02,-1.603125000000000000e+02,-3.443750000000000000e+02
-1.736281280000000038e+02,-1.782421875000000000e+02,-3.487500000000000000e+02
-1.771437530000000038e+02,-1.778906250000000000e+02,-3.506250000000000000e+02
-1.848781280000000038e+02,-1.669921875000000000e+02,-3.500000000000000000e+02
-1.827687530000000038e+02,-1.617187500000000000e+02,-3.456250000000000000e+02
-1.757375030000000038e+02,-1.771875000000000000e+02,-3.468750000000000000e+02
-1.690578155000000038e+02,-1.518750000000000000e+02,-3.350000000000000000e+02
-1.743312530000000038e+02,-1.778906250000000000e+02,-3.506250000000000000e+02
-1.708156280000000038e+02,-1.726171875000000000e+02,-3.425000000000000000e+02
-1.760890655000000038e+02,-1.673437500000000000e+02,-3.375000000000000000e+02
-1.644875030000000038e+02,-1.610156250000000000e+02,-3.418750000000000000e+02
-1.722218780000000038e+02,-1.546875000000000000e+02,-3.368750000000000000e+02
-1.644875030000000038e+02,-1.617187500000000000e+02,-3.381250000000000000e+02
-1.789015655000000038e+02,-1.603125000000000000e+02,-3.425000000000000000e+02
-1.753859405000000038e+02,-1.778906250000000000e+02,-3.500000000000000000e+02
-1.743312530000000038e+02,-1.729687500000000000e+02,-3.543750000000000000e+02
-1.644875030000000038e+02,-1.648828125000000000e+02,-3.450000000000000000e+02
-1.651906280000000038e+02,-1.676953125000000000e+02,-3.400000000000000000e+02
-1.824171905000000038e+02,-1.603125000000000000e+02,-3.475000000000000000e+02
-1.680031280000000038e+02,-1.673437500000000000e+02,-3.518750000000000000e+02
-1.637843780000000038e+02,-1.575000000000000000e+02,-3.368750000000000000e+02
-1.637843780000000038e+02,-1.606640625000000000e+02,-3.437500000000000000e+02
-1.708156280000000038e+02,-1.539843750000000000e+02,-3.356250000000000000e+02
-1.838234405000000038e+02,-1.680468750000000000e+02,-3.512500000000000000e+02
-1.764406280000000038e+02,-1.680468750000000000e+02,-3.381250000000000000e+02
-1.673000030000000038e+02,-1.638281250000000000e+02,-3.356250000000000000e+02
-1.644875030000000038e+02,-1.469531250000000000e+02,-3.368750000000000000e+02
-1.778468780000000038e+02,-1.778906250000000000e+02,-3.531250000000000000e+02
-1.623781280000000038e+02,-1.473046875000000000e+02,-3.362500000000000000e+02
-1.680031280000000038e+02,-1.483593750000000000e+02,-3.381250000000000000e+02
-1.648390655000000038e+02,-1.687500000000000000e+02,-3.450000000000000000e+02
-1.673000030000000038e+02,-1.715625000000000000e+02,-3.468750000000000000e+02
-1.876906280000000038e+02,-1.575000000000000000e+02,-3.518750000000000000e+02
-1.838234405000000038e+02,-1.680468750000000000e+02,-3.500000000000000000e+02
-1.708156280000000038e+02,-1.736718750000000000e+02,-3.481250000000000000e+02
-1.796046905000000038e+02,-1.701562500000000000e+02,-3.537500000000000000e+02
-1.729250030000000038e+02,-1.743750000000000000e+02,-3.543750000000000000e+02
-1.785500030000000038e+02,-1.550390625000000000e+02,-3.537500000000000000e+02
-1.655421905000000038e+02,-1.582031250000000000e+02,-3.450000000000000000e+02
-1.697609405000000038e+02,-1.715625000000000000e+02,-3.362500000000000000e+02
-1.841750030000000038e+02,-1.603125000000000000e+02,-3.556250000000000000e+02
-1.785500030000000038e+02,-1.764843750000000000e+02,-3.468750000000000000e+02
-1.739796905000000038e+02,-1.778906250000000000e+02,-3.500000000000000000e+02
-1.739796905000000038e+02,-1.624218750000000000e+02,-3.362500000000000000e+02
-1.824171905000000038e+02,-1.673437500000000000e+02,-3.462500000000000000e+02
-1.665968780000000038e+02,-1.726171875000000000e+02,-3.487500000000000000e+02
-1.750343780000000038e+02,-1.575000000000000000e+02,-3.368750000000000000e+02
-1.806593780000000038e+02,-1.550390625000000000e+02,-3.525000000000000000e+02
-1.658937530000000038e+02,-1.722656250000000000e+02,-3.481250000000000000e+02
-1.644875030000000038e+02,-1.462500000000000000e+02,-3.406250000000000000e+02
-1.778468780000000038e+02,-1.701562500000000000e+02,-3.543750000000000000e+02
-1.725734405000000038e+02,-1.722656250000000000e+02,-3.412500000000000000e+02
-1.641359405000000038e+02,-1.617187500000000000e+02,-3.412500000000000000e+02
-1.648390655000000038e+02,-1.715625000000000000e+02,-3.487500000000000000e+02
-1.620265655000000038e+02,-1.539843750000000000e+02,-3.412500000000000000e+02
-1.630812530000000038e+02,-1.669921875000000000e+02,-3.425000000000000000e+02
-1.757375030000000038e+02,-1.673437500000000000e+02,-3.556250000000000000e+02
-1.637843780000000038e+02,-1.532812500000000000e+02,-3.443750000000000000e+02
-1.764406280000000038e+02,-1.694531250000000000e+02,-3.556250000000000000e+02
-1.803078155000000038e+02,-1.743750000000000000e+02,-3.475000000000000000e+02
-1.722218780000000038e+02,-1.750781250000000000e+02,-3.468750000000000000e+02
-1.771437530000000038e+02,-1.617187500000000000e+02,-3.381250000000000000e+02
-1.644875030000000038e+02,-1.659375000000000000e+02,-3.368750000000000000e+02
-1.620265655000000038e+02,-1.560937500000000000e+02,-3.387500000000000000e+02
-1.711671905000000038e+02,-1.603125000000000000e+02,-3.537500000000000000e+02
-1.771437530000000038e+02,-1.764843750000000000e+02,-3.543750000000000000e+02
-1.634328155000000038e+02,-1.490625000000000000e+02,-3.412500000000000000e+02
-1.757375030000000038e+02,-1.532812500000000000e+02,-3.431250000000000000e+02
-1.739796905000000038e+02,-1.750781250000000000e+02,-3.462500000000000000e+02
-1.637843780000000038e+02,-1.652343750000000000e+02,-3.443750000000000000e+02
-1.866359405000000038e+02,-1.603125000000000000e+02,-3.512500000000000000e+02
-1.792531280000000038e+02,-1.785937500000000000e+02,-3.518750000000000000e+02
-1.767921905000000038e+02,-1.596093750000000000e+02,-3.387500000000000000e+02
-1.725734405000000038e+02,-1.645312500000000000e+02,-3.537500000000000000e+02
-1.806593780000000038e+02,-1.680468750000000000e+02,-3.456250000000000000e+02
-1.630812530000000038e+02,-1.511718750000000000e+02,-3.406250000000000000e+02
-1.687062530000000038e+02,-1.603125000000000000e+02,-3.481250000000000000e+02
-1.722218780000000038e+02,-1.553906250000000000e+02,-3.531250000000000000e+02
-1.627296905000000038e+02,-1.518750000000000000e+02,-3.375000000000000000e+02
-1.644875030000000038e+02,-1.490625000000000000e+02,-3.431250000000000000e+02
-1.817140655000000038e+02,-1.722656250000000000e+02,-3.512500000000000000e+02
-1.841750030000000038e+02,-1.599609375000000000e+02,-3.550000000000000000e+02
-1.627296905000000038e+02,-1.575000000000000000e+02,-3.412500000000000000e+02
-1.694093780000000038e+02,-1.511718750000000000e+02,-3.456250000000000000e+02
-1.799562530000000038e+02,-1.757812500000000000e+02,-3.481250000000000000e+02
-1.644875030000000038e+02,-1.599609375000000000e+02,-3.425000000000000000e+02
-1.855812530000000038e+02,-1.560937500000000000e+02,-3.531250000000000000e+02
-1.799562530000000038e+02,-1.645312500000000000e+02,-3.443750000000000000e+02
-1.665968780000000038e+02,-1.553906250000000000e+02,-3.468750000000000000e+02
-1.834718780000000038e+02,-1.603125000000000000e+02,-3.481250000000000000e+02
-1.883937530000000038e+02,-1.578515625000000000e+02,-3.525000000000000000e+02
-1.736281280000000038e+02,-1.705078125000000000e+02,-3.375000000000000000e+02
-1.680031280000000038e+02,-1.715625000000000000e+02,-3.443750000000000000e+02
-1.694093780000000038e+02,-1.518750000000000000e+02,-3.481250000000000000e+02
-1.701125030000000038e+02,-1.596093750000000000e+02,-3.493750000000000000e+02
-1.687062530000000038e+02,-1.508203125000000000e+02,-3.475000000000000000e+02
-1.651906280000000038e+02,-1.603125000000000000e+02,-3.443750000000000000e+02
-1.655421905000000038e+02,-1.694531250000000000e+02,-3.400000000000000000e+02
-1.616750030000000038e+02,-1.546875000000000000e+02,-3.368750000000000000e+02
-1.627296905000000038e+02,-1.511718750000000000e+02,-3.400000000000000000e+02
-1.722218780000000038e+02,-1.550390625000000000e+02,-3.500000000000000000e+02
-1.704640655000000038e+02,-1.729687500000000000e+02,-3.500000000000000000e+02
-1.729250030000000038e+02,-1.726171875000000000e+02,-3.400000000000000000e+02
-1.841750030000000038e+02,-1.567968750000000000e+02,-3.543750000000000000e+02
-1.848781280000000038e+02,-1.560937500000000000e+02,-3.531250000000000000e+02
-1.665968780000000038e+02,-1.627734375000000000e+02,-3.362500000000000000e+02
-1.732765655000000038e+02,-1.694531250000000000e+02,-3.550000000000000000e+02
-1.637843780000000038e+02,-1.462500000000000000e+02,-3.381250000000000000e+02
-1.743312530000000038e+02,-1.567968750000000000e+02,-3.556250000000000000e+02
-1.764406280000000038e+02,-1.655859375000000000e+02,-3.375000000000000000e+02
-1.869875030000000038e+02,-1.599609375000000000e+02,-3.512500000000000000e+02
-1.834718780000000038e+02,-1.589062500000000000e+02,-3.556250000000000000e+02
-1.757375030000000038e+02,-1.687500000000000000e+02,-3.556250000000000000e+02
-1.697609405000000038e+02,-1.722656250000000000e+02,-3.400000000000000000e+02
-1.641359405000000038e+02,-1.610156250000000000e+02,-3.412500000000000000e+02
-1.729250030000000038e+02,-1.567968750000000000e+02,-3.543750000000000000e+02
-1.680031280000000038e+02,-1.567968750000000000e+02,-3.481250000000000000e+02
-1.609718780000000038e+02,-1.494140625000000000e+02,-3.362500000000000000e+02
-1.648390655000000038e+02,-1.673437500000000000e+02,-3.400000000000000000e+02
-1.623781280000000038e+02,-1.508203125000000000e+02,-3.362500000000000000e+02
-1.687062530000000038e+02,-1.719140625000000000e+02,-3.400000000000000000e+02
-1.743312530000000038e+02,-1.782421875000000000e+02,-3.500000000000000000e+02
-1.641359405000000038e+02,-1.631250000000000000e+02,-3.412500000000000000e+02
-1.658937530000000038e+02,-1.631250000000000000e+02,-3.368750000000000000e+02
-1.778468780000000038e+02,-1.775390625000000000e+02,-3.537500000000000000e+02
-1.817140655000000038e+02,-1.722656250000000000e+02,-3.500000000000000000e+02
-1.701125030000000038e+02,-1.736718750000000000e+02,-3.456250000000000000e+02
-1.687062530000000038e+02,-1.712109375000000000e+02,-3.387500000000000000e+02
-1.725734405000000038e+02,-1.589062500000000000e+02,-3.550000000000000000e+02
-1.813625030000000038e+02,-1.638281250000000000e+02,-3.456250000000000000e+02
-1.680031280000000038e+02,-1.708593750000000000e+02,-3.368750000000000000e+02
-1.694093780000000038e+02,-1.532812500000000000e+02,-3.468750000000000000e+02
-1.658937530000000038e+02,-1.698046875000000000e+02,-3.475000000000000000e+02
-1.673000030000000038e+02,-1.624218750000000000e+02,-3.481250000000000000e+02
-1.711671905000000038e+02,-1.617187500000000000e+02,-3.350000000000000000e+02
-1.785500030000000038e+02,-1.708593750000000000e+02,-3.543750000000000000e+02
-1.743312530000000038e+02,-1.736718750000000000e+02,-3.543750000000000000e+02
-1.627296905000000038e+02,-1.673437500000000000e+02,-3.412500000000000000e+02
-1.658937530000000038e+02,-1.476562500000000000e+02,-3.456250000000000000e+02
-1.757375030000000038e+02,-1.567968750000000000e+02,-3.556250000000000000e+02
-1.708156280000000038e+02,-1.719140625000000000e+02,-3.512500000000000000e+02
-1.644875030000000038e+02,-1.575000000000000000e+02,-3.443750000000000000e+02
-1.669484405000000038e+02,-1.722656250000000000e+02,-3.500000000000000000e+02
-1.813625030000000038e+02,-1.571484375000000000e+02,-3.562500000000000000e+02
-1.736281280000000038e+02,-1.698046875000000000e+02,-3.350000000000000000e+02
-1.824171905000000038e+02,-1.582031250000000000e+02,-3.450000000000000000e+02
-1.687062530000000038e+02,-1.613671875000000000e+02,-3.350000000000000000e+02
-1.852296905000000038e+02,-1.652343750000000000e+02,-3.500000000000000000e+02
-1.862843780000000038e+02,-1.610156250000000000e+02,-3.543750000000000000e+02
-1.687062530000000038e+02,-1.708593750000000000e+02,-3.368750000000000000e+02
-1.824171905000000038e+02,-1.560937500000000000e+02,-3.487500000000000000e+02
-1.711671905000000038e+02,-1.504687500000000000e+02,-3.400000000000000000e+02
-1.750343780000000038e+02,-1.567968750000000000e+02,-3.556250000000000000e+02
-1.630812530000000038e+02,-1.508203125000000000e+02,-3.400000000000000000e+02
-1.630812530000000038e+02,-1.522265625000000000e+02,-3.425000000000000000e+02
-1.722218780000000038e+02,-1.701562500000000000e+02,-3.543750000000000000e+02
-1.785500030000000038e+02,-1.785937500000000000e+02,-3.531250000000000000e+02
-1.736281280000000038e+02,-1.532812500000000000e+02,-3.531250000000000000e+02
-1.729250030000000038e+02,-1.539843750000000000e+02,-3.531250000000000000e+02
-1.687062530000000038e+02,-1.596093750000000000e+02,-3.481250000000000000e+02
-1.729250030000000038e+02,-1.694531250000000000e+02,-3.543750000000000000e+02
-1.862843780000000038e+02,-1.582031250000000000e+02,-3.506250000000000000e+02
-1.715187530000000038e+02,-1.722656250000000000e+02,-3.381250000000000000e+02
-1.820656280000000038e+02,-1.712109375000000000e+02,-3.500000000000000000e+02
-1.655421905000000038e+02,-1.596093750000000000e+02,-3.450000000000000000e+02
-1.767921905000000038e+02,-1.546875000000000000e+02,-3.487500000000000000e+02
-1.722218780000000038e+02,-1.596093750000000000e+02,-3.368750000000000000e+02
-1.616750030000000038e+02,-1.501171875000000000e+02,-3.362500000000000000e+02
-1.736281280000000038e+02,-1.515234375000000000e+02,-3.450000000000000000e+02
-1.736281280000000038e+02,-1.627734375000000000e+02,-3.350000000000000000e+02
-1.785500030000000038e+02,-1.553906250000000000e+02,-3.506250000000000000e+02
-1.764406280000000038e+02,-1.543359375000000000e+02,-3.500000000000000000e+02
-1.781984405000000038e+02,-1.610156250000000000e+02,-3.400000000000000000e+02
-1.729250030000000038e+02,-1.599609375000000000e+02,-3.562500000000000000e+02
-1.676515655000000038e+02,-1.525781250000000000e+02,-3.475000000000000000e+02
-1.774953155000000038e+02,-1.582031250000000000e+02,-3.412500000000000000e+02
-1.662453155000000038e+02,-1.729687500000000000e+02,-3.462500000000000000e+02
-1.665968780000000038e+02,-1.648828125000000000e+02,-3.487500000000000000e+02
-1.637843780000000038e+02,-1.680468750000000000e+02,-3.406250000000000000e+02
-1.778468780000000038e+02,-1.539843750000000000e+02,-3.543750000000000000e+02
-1.658937530000000038e+02,-1.511718750000000000e+02,-3.456250000000000000e+02
-1.630812530000000038e+02,-1.553906250000000000e+02,-3.431250000000000000e+02
-1.746828155000000038e+02,-1.680468750000000000e+02,-3.362500000000000000e+02
-1.680031280000000038e+02,-1.669921875000000000e+02,-3.350000000000000000e+02
-1.810109405000000038e+02,-1.743750000000000000e+02,-3.512500000000000000e+02
-1.743312530000000038e+02,-1.691015625000000000e+02,-3.362500000000000000e+02
-1.785500030000000038e+02,-1.757812500000000000e+02,-3.543750000000000000e+02
-1.813625030000000038e+02,-1.560937500000000000e+02,-3.493750000000000000e+02
-1.722218780000000038e+02,-1.719140625000000000e+02,-3.375000000000000000e+02
-1.665968780000000038e+02,-1.705078125000000000e+02,-3.475000000000000000e+02
-1.658937530000000038e+02,-1.631250000000000000e+02,-3.481250000000000000e+02
-1.736281280000000038e+02,-1.529296875000000000e+02,-3.525000000000000000e+02
-1.722218780000000038e+02,-1.606640625000000000e+02,-3.550000000000000000e+02
-1.785500030000000038e+02,-1.631250000000000000e+02,-3.431250000000000000e+02
-1.789015655000000038e+02,-1.680468750000000000e+02,-3.450000000000000000e+02
-1.806593780000000038e+02,-1.578515625000000000e+02,-3.437500000000000000e+02
-1.708156280000000038e+02,-1.719140625000000000e+02,-3.375000000000000000e+02
-1.701125030000000038e+02,-1.726171875000000000e+02,-3.425000000000000000e+02
-1.648390655000000038e+02,-1.589062500000000000e+02,-3.375000000000000000e+02
-1.785500030000000038e+02,-1.743750000000000000e+02,-3.543750000000000000e+02
-1.876906280000000038e+02,-1.596093750000000000e+02,-3.543750000000000000e+02
-1.746828155000000038e+02,-1.680468750000000000e+02,-3.350000000000000000e+02
-1.708156280000000038e+02,-1.729687500000000000e+02,-3.506250000000000000e+02
-1.774953155000000038e+02,-1.624218750000000000e+02,-3.387500000000000000e+02
-1.630812530000000038e+02,-1.532812500000000000e+02,-3.418750000000000000e+02
-1.673000030000000038e+02,-1.483593750000000000e+02,-3.368750000000000000e+02
-1.637843780000000038e+02,-1.603125000000000000e+02,-3.393750000000000000e+02
-1.757375030000000038e+02,-1.778906250000000000e+02,-3.506250000000000000e+02
-1.655421905000000038e+02,-1.652343750000000000e+02,-3.362500000000000000e+02
-1.665968780000000038e+02,-1.567968750000000000e+02,-3.468750000000000000e+02
-1.644875030000000038e+02,-1.662890625000000000e+02,-3.475000000000000000e+02
-1.708156280000000038e+02,-1.487109375000000000e+02,-3.437500000000000000e+02
-1.789015655000000038e+02,-1.764843750000000000e+02,-3.537500000000000000e+02
-1.736281280000000038e+02,-1.627734375000000000e+02,-3.562500000000000000e+02
-1.644875030000000038e+02,-1.525781250000000000e+02,-3.443750000000000000e+02
-1.799562530000000038e+02,-1.564453125000000000e+02,-3.500000000000000000e+02
-1.701125030000000038e+02,-1.726171875000000000e+02,-3.437500000000000000e+02
-1.750343780000000038e+02,-1.539843750000000000e+02,-3.368750000000000000e+02
-1.630812530000000038e+02,-1.469531250000000000e+02,-3.356250000000000000e+02
-1.803078155000000038e+02,-1.778906250000000000e+02,-3.525000000000000000e+02
-1.732765655000000038e+02,-1.546875000000000000e+02,-3.475000000000000000e+02
-1.627296905000000038e+02,-1.525781250000000000e+02,-3.400000000000000000e+02
-1.697609405000000038e+02,-1.603125000000000000e+02,-3.350000000000000000e+02
-1.634328155000000038e+02,-1.638281250000000000e+02,-3.437500000000000000e+02
-1.827687530000000038e+02,-1.610156250000000000e+02,-3.456250000000000000e+02
-1.658937530000000038e+02,-1.715625000000000000e+02,-3.481250000000000000e+02
-1.771437530000000038e+02,-1.712109375000000000e+02,-3.437500000000000000e+02
-1.743312530000000038e+02,-1.631250000000000000e+02,-3.356250000000000000e+02
-1.690578155000000038e+02,-1.504687500000000000e+02,-3.362500000000000000e+02
-1.820656280000000038e+02,-1.687500000000000000e+02,-3.531250000000000000e+02
-1.803078155000000038e+02,-1.694531250000000000e+02,-3.462500000000000000e+02
-1.778468780000000038e+02,-1.606640625000000000e+02,-3.400000000000000000e+02
-1.743312530000000038e+02,-1.726171875000000000e+02,-3.412500000000000000e+02
-1.764406280000000038e+02,-1.610156250000000000e+02,-3.368750000000000000e+02
-1.648390655000000038e+02,-1.701562500000000000e+02,-3.500000000000000000e+02
-1.715187530000000038e+02,-1.567968750000000000e+02,-3.531250000000000000e+02
-1.887453155000000038e+02,-1.575000000000000000e+02,-3.537500000000000000e+02
-1.651906280000000038e+02,-1.546875000000000000e+02,-3.443750000000000000e+02
-1.658937530000000038e+02,-1.708593750000000000e+02,-3.456250000000000000e+02
-1.824171905000000038e+02,-1.567968750000000000e+02,-3.550000000000000000e+02
-1.665968780000000038e+02,-1.715625000000000000e+02,-3.456250000000000000e+02
-1.792531280000000038e+02,-1.729687500000000000e+02,-3.456250000000000000e+02
-1.630812530000000038e+02,-1.557421875000000000e+02,-3.362500000000000000e+02
-1.651906280000000038e+02,-1.641796875000000000e+02,-3.462500000000000000e+02
-1.781984405000000038e+02,-1.785937500000000000e+02,-3.487500000000000000e+02
-1.644875030000000038e+02,-1.659375000000000000e+02,-3.393750000000000000e+02
-1.771437530000000038e+02,-1.539843750000000000e+02,-3.518750000000000000e+02
-1.764406280000000038e+02,-1.606640625000000000e+02,-3.375000000000000000e+02
-1.810109405000000038e+02,-1.750781250000000000e+02,-3.525000000000000000e+02
-1.648390655000000038e+02,-1.708593750000000000e+02,-3.462500000000000000e+02
-1.665968780000000038e+02,-1.729687500000000000e+02,-3.468750000000000000e+02
-1.778468780000000038e+02,-1.631250000000000000e+02,-3.406250000000000000e+02
-1.708156280000000038e+02,-1.494140625000000000e+02,-3.450000000000000000e+02
-1.711671905000000038e+02,-1.462500000000000000e+02,-3.450000000000000000e+02
-1.778468780000000038e+02,-1.785937500000000000e+02,-3.506250000000000000e+02
-1.655421905000000038e+02,-1.624218750000000000e+02,-3.475000000000000000e+02
-1.620265655000000038e+02,-1.666406250000000000e+02,-3.412500000000000000e+02
-1.687062530000000038e+02,-1.483593750000000000e+02,-3.393750000000000000e+02
-1.658937530000000038e+02,-1.659375000000000000e+02,-3.493750000000000000e+02
-1.613234405000000038e+02,-1.546875000000000000e+02,-3.375000000000000000e+02
-1.785500030000000038e+02,-1.694531250000000000e+02,-3.543750000000000000e+02
-1.736281280000000038e+02,-1.596093750000000000e+02,-3.368750000000000000e+02
-1.852296905000000038e+02,-1.659375000000000000e+02,-3.500000000000000000e+02
-1.687062530000000038e+02,-1.715625000000000000e+02,-3.418750000000000000e+02
-1.708156280000000038e+02,-1.743750000000000000e+02,-3.468750000000000000e+02
-1.722218780000000038e+02,-1.712109375000000000e+02,-3.350000000000000000e+02
-1.785500030000000038e+02,-1.768359375000000000e+02,-3.537500000000000000e+02
-1.859328155000000038e+02,-1.645312500000000000e+02,-3.525000000000000000e+02
-1.718703155000000038e+02,-1.560937500000000000e+02,-3.537500000000000000e+02
-1.760890655000000038e+02,-1.785937500000000000e+02,-3.512500000000000000e+02
-1.729250030000000038e+02,-1.553906250000000000e+02,-3.543750000000000000e+02
-1.817140655000000038e+02,-1.589062500000000000e+02,-3.437500000000000000e+02
-1.757375030000000038e+02,-1.610156250000000000e+02,-3.368750000000000000e+02
-1.750343780000000038e+02,-1.708593750000000000e+02,-3.393750000000000000e+02
-1.729250030000000038e+02,-1.613671875000000000e+02,-3.550000000000000000e+02
-1.641359405000000038e+02,-1.694531250000000000e+02,-3.412500000000000000e+02
-1.827687530000000038e+02,-1.624218750000000000e+02,-3.456250000000000000e+02
-1.855812530000000038e+02,-1.603125000000000000e+02,-3.543750000000000000e+02
-1.778468780000000038e+02,-1.698046875000000000e+02,-3.425000000000000000e+02
-1.644875030000000038e+02,-1.610156250000000000e+02,-3.431250000000000000e+02
-1.736281280000000038e+02,-1.567968750000000000e+02,-3.556250000000000000e+02
-1.673000030000000038e+02,-1.473046875000000000e+02,-3.412500000000000000e+02
-1.687062530000000038e+02,-1.511718750000000000e+02,-3.481250000000000000e+02
-1.701125030000000038e+02,-1.592578125000000000e+02,-3.500000000000000000e+02
-1.785500030000000038e+02,-1.750781250000000000e+02,-3.468750000000000000e+02
-1.680031280000000038e+02,-1.476562500000000000e+02,-3.456250000000000000e+02
-1.673000030000000038e+02,-1.708593750000000000e+02,-3.368750000000000000e+02
-1.669484405000000038e+02,-1.708593750000000000e+02,-3.375000000000000000e+02
-1.827687530000000038e+02,-1.687500000000000000e+02,-3.468750000000000000e+02
-1.785500030000000038e+02,-1.624218750000000000e+02,-3.418750000000000000e+02
-1.655421905000000038e+02,-1.659375000000000000e+02,-3.487500000000000000e+02
-1.796046905000000038e+02,-1.687500000000000000e+02,-3.537500000000000000e+02
-1.729250030000000038e+02,-1.610156250000000000e+02,-3.556250000000000000e+02
-1.701125030000000038e+02,-1.539843750000000000e+02,-3.481250000000000000e+02
-1.764406280000000038e+02,-1.582031250000000000e+02,-3.393750000000000000e+02
-1.848781280000000038e+02,-1.613671875000000000e+02,-3.487500000000000000e+02
-1.757375030000000038e+02,-1.743750000000000000e+02,-3.543750000000000000e+02
-1.687062530000000038e+02,-1.582031250000000000e+02,-3.481250000000000000e+02
-1.750343780000000038e+02,-1.764843750000000000e+02,-3.531250000000000000e+02
-1.715187530000000038e+02,-1.532812500000000000e+02,-3.368750000000000000e+02
-1.655421905000000038e+02,-1.694531250000000000e+02,-3.475000000000000000e+02
-1.792531280000000038e+02,-1.564453125000000000e+02,-3.487500000000000000e+02
-1.778468780000000038e+02,-1.610156250000000000e+02,-3.393750000000000000e+02
-1.665968780000000038e+02,-1.722656250000000000e+02,-3.468750000000000000e+02
-1.680031280000000038e+02,-1.729687500000000000e+02,-3.468750000000000000e+02
-1.644875030000000038e+02,-1.585546875000000000e+02,-3.375000000000000000e+02
-1.708156280000000038e+02,-1.589062500000000000e+02,-3.356250000000000000e+02
-1.820656280000000038e+02,-1.567968750000000000e+02,-3.556250000000000000e+02
-1.743312530000000038e+02,-1.771875000000000000e+02,-3.518750000000000000e+02
-1.820656280000000038e+02,-1.557421875000000000e+02,-3.537500000000000000e+02
-1.620265655000000038e+02,-1.532812500000000000e+02,-3.362500000000000000e+02
-1.736281280000000038e+02,-1.641796875000000000e+02,-3.562500000000000000e+02
-1.739796905000000038e+02,-1.546875000000000000e+02,-3.462500000000000000e+02
-1.813625030000000038e+02,-1.557421875000000000e+02,-3.475000000000000000e+02
-1.680031280000000038e+02,-1.462500000000000000e+02,-3.456250000000000000e+02
-1.655421905000000038e+02,-1.483593750000000000e+02,-3.362500000000000000e+02
-1.715187530000000038e+02,-1.726171875000000000e+02,-3.425000000000000000e+02
-1.637843780000000038e+02,-1.515234375000000000e+02,-3.437500000000000000e+02
-1.757375030000000038e+02,-1.582031250000000000e+02,-3.368750000000000000e+02
-1.637843780000000038e+02,-1.599609375000000000e+02,-3.400000000000000000e+02
-1.655421905000000038e+02,-1.610156250000000000e+02,-3.475000000000000000e+02
-1.771437530000000038e+02,-1.546875000000000000e+02,-3.493750000000000000e+02
-1.792531280000000038e+02,-1.694531250000000000e+02,-3.456250000000000000e+02
-1.831203155000000038e+02,-1.582031250000000000e+02,-3.487500000000000000e+02
-1.778468780000000038e+02,-1.743750000000000000e+02,-3.456250000000000000e+02
-1.683546905000000038e+02,-1.666406250000000000e+02,-3.350000000000000000e+02
-1.708156280000000038e+02,-1.462500000000000000e+02,-3.443750000000000000e+02
-1.852296905000000038e+02,-1.673437500000000000e+02,-3.525000000000000000e+02
-1.673000030000000038e+02,-1.666406250000000000e+02,-3.356250000000000000e+02
-1.722218780000000038e+02,-1.694531250000000000e+02,-3.543750000000000000e+02
-1.658937530000000038e+02,-1.701562500000000000e+02,-3.481250000000000000e+02
-1.771437530000000038e+02,-1.624218750000000000e+02,-3.381250000000000000e+02
-1.680031280000000038e+02,-1.532812500000000000e+02,-3.468750000000000000e+02
-1.623781280000000038e+02,-1.504687500000000000e+02,-3.368750000000000000e+02
-1.722218780000000038e+02,-1.750781250000000000e+02,-3.531250000000000000e+02
-1.694093780000000038e+02,-1.645312500000000000e+02,-3.518750000000000000e+02
-1.806593780000000038e+02,-1.708593750000000000e+02,-3.468750000000000000e+02
-1.789015655000000038e+02,-1.764843750000000000e+02,-3.475000000000000000e+02
-1.736281280000000038e+02,-1.733203125000000000e+02,-3.437500000000000000e+02
-1.764406280000000038e+02,-1.543359375000000000e+02,-3.437500000000000000e+02
-1.715187530000000038e+02,-1.532812500000000000e+02,-3.456250000000000000e+02
-1.739796905000000038e+02,-1.638281250000000000e+02,-3.562500000000000000e+02
-1.715187530000000038e+02,-1.567968750000000000e+02,-3.368750000000000000e+02
-1.722218780000000038e+02,-1.525781250000000000e+02,-3.368750000000000000e+02
-1.813625030000000038e+02,-1.631250000000000000e+02,-3.456250000000000000e+02
-1.644875030000000038e+02,-1.613671875000000000e+02,-3.387500000000000000e+02
-1.820656280000000038e+02,-1.687500000000000000e+02,-3.468750000000000000e+02
-1.764406280000000038e+02,-1.761328125000000000e+02,-3.537500000000000000e+02
-1.634328155000000038e+02,-1.539843750000000000e+02,-3.425000000000000000e+02
-1.722218780000000038e+02,-1.610156250000000000e+02,-3.543750000000000000e+02
-1.753859405000000038e+02,-1.778906250000000000e+02,-3.525000000000000000e+02
-1.715187530000000038e+02,-1.578515625000000000e+02,-3.537500000000000000e+02
-1.834718780000000038e+02,-1.550390625000000000e+02,-3.525000000000000000e+02
-1.701125030000000038e+02,-1.511718750000000000e+02,-3.456250000000000000e+02
-1.743312530000000038e+02,-1.782421875000000000e+02,-3.487500000000000000e+02
-1.683546905000000038e+02,-1.610156250000000000e+02,-3.350000000000000000e+02
-1.627296905000000038e+02,-1.483593750000000000e+02,-3.400000000000000000e+02
-1.708156280000000038e+02,-1.525781250000000000e+02,-3.481250000000000000e+02
-1.852296905000000038e+02,-1.645312500000000000e+02,-3.500000000000000000e+02
-1.799562530000000038e+02,-1.610156250000000000e+02,-3.443750000000000000e+02
-1.785500030000000038e+02,-1.796484375000000000e+02,-3.525000000000000000e+02
-1.820656280000000038e+02,-1.564453125000000000e+02,-3.462500000000000000e+02
-1.803078155000000038e+02,-1.560937500000000000e+02,-3.450000000000000000e+02
-1.623781280000000038e+02,-1.490625000000000000e+02,-3.381250000000000000e+02
-1.662453155000000038e+02,-1.631250000000000000e+02,-3.362500000000000000e+02
-1.651906280000000038e+02,-1.455468750000000000e+02,-3.393750000000000000e+02
-1.722218780000000038e+02,-1.536328125000000000e+02,-3.462500000000000000e+02
-1.732765655000000038e+02,-1.511718750000000000e+02,-3.400000000000000000e+02
-1.687062530000000038e+02,-1.729687500000000000e+02,-3.481250000000000000e+02
-1.673000030000000038e+02,-1.473046875000000000e+02,-3.387500000000000000e+02
-1.771437530000000038e+02,-1.673437500000000000e+02,-3.393750000000000000e+02
-1.852296905000000038e+02,-1.652343750000000000e+02,-3.487500000000000000e+02
-1.743312530000000038e+02,-1.610156250000000000e+02,-3.368750000000000000e+02
-1.676515655000000038e+02,-1.560937500000000000e+02,-3.475000000000000000e+02
-1.644875030000000038e+02,-1.645312500000000000e+02,-3.406250000000000000e+02
-1.757375030000000038e+02,-1.726171875000000000e+02,-3.437500000000000000e+02
-1.792531280000000038e+02,-1.722656250000000000e+02,-3.543750000000000000e+02
-1.718703155000000038e+02,-1.546875000000000000e+02,-3.512500000000000000e+02
-1.694093780000000038e+02,-1.504687500000000000e+02,-3.368750000000000000e+02
-1.711671905000000038e+02,-1.729687500000000000e+02,-3.525000000000000000e+02
-1.634328155000000038e+02,-1.504687500000000000e+02,-3.412500000000000000e+02
-1.848781280000000038e+02,-1.567968750000000000e+02,-3.543750000000000000e+02
-1.774953155000000038e+02,-1.553906250000000000e+02,-3.437500000000000000e+02
-1.665968780000000038e+02,-1.476562500000000000e+02,-3.456250000000000000e+02
-1.838234405000000038e+02,-1.638281250000000000e+02,-3.562500000000000000e+02
-1.683546905000000038e+02,-1.546875000000000000e+02,-3.475000000000000000e+02
-1.760890655000000038e+02,-1.666406250000000000e+02,-3.350000000000000000e+02
-1.665968780000000038e+02,-1.582031250000000000e+02,-3.481250000000000000e+02
-1.687062530000000038e+02,-1.567968750000000000e+02,-3.481250000000000000e+02
-1.813625030000000038e+02,-1.729687500000000000e+02,-3.531250000000000000e+02
-1.771437530000000038e+02,-1.560937500000000000e+02,-3.556250000000000000e+02
-1.785500030000000038e+02,-1.778906250000000000e+02,-3.481250000000000000e+02
-1.866359405000000038e+02,-1.617187500000000000e+02,-3.537500000000000000e+02
-1.736281280000000038e+02,-1.722656250000000000e+02,-3.393750000000000000e+02
-1.627296905000000038e+02,-1.504687500000000000e+02,-3.387500000000000000e+02
-1.876906280000000038e+02,-1.564453125000000000e+02,-3.537500000000000000e+02
-1.711671905000000038e+02,-1.582031250000000000e+02,-3.537500000000000000e+02
-1.722218780000000038e+02,-1.687500000000000000e+02,-3.543750000000000000e+02
-1.694093780000000038e+02,-1.525781250000000000e+02,-3.481250000000000000e+02
-1.669484405000000038e+02,-1.617187500000000000e+02,-3.362500000000000000e+02
-1.831203155000000038e+02,-1.638281250000000000e+02,-3.462500000000000000e+02
-1.651906280000000038e+02,-1.680468750000000000e+02,-3.393750000000000000e+02
-1.715187530000000038e+02,-1.645312500000000000e+02,-3.531250000000000000e+02
-1.655421905000000038e+02,-1.638281250000000000e+02,-3.462500000000000000e+02
-1.736281280000000038e+02,-1.575000000000000000e+02,-3.368750000000000000e+02
-1.771437530000000038e+02,-1.550390625000000000e+02,-3.437500000000000000e+02
-1.792531280000000038e+02,-1.676953125000000000e+02,-3.450000000000000000e+02
-1.732765655000000038e+02,-1.652343750000000000e+02,-3.550000000000000000e+02
-1.743312530000000038e+02,-1.743750000000000000e+02,-3.456250000000000000e+02
-1.771437530000000038e+02,-1.736718750000000000e+02,-3.543750000000000000e+02
-1.831203155000000038e+02,-1.701562500000000000e+02,-3.487500000000000000e+02
-1.627296905000000038e+02,-1.659375000000000000e+02,-3.425000000000000000e+02
-1.757375030000000038e+02,-1.543359375000000000e+02,-3.375000000000000000e+02
-1.722218780000000038e+02,-1.518750000000000000e+02,-3.381250000000000000e+02
-1.651906280000000038e+02,-1.694531250000000000e+02,-3.506250000000000000e+02
-1.799562530000000038e+02,-1.669921875000000000e+02,-3.450000000000000000e+02
-1.634328155000000038e+02,-1.469531250000000000e+02,-3.362500000000000000e+02
-1.701125030000000038e+02,-1.722656250000000000e+02,-3.506250000000000000e+02
-1.757375030000000038e+02,-1.638281250000000000e+02,-3.368750000000000000e+02
-1.750343780000000038e+02,-1.536328125000000000e+02,-3.375000000000000000e+02
-1.725734405000000038e+02,-1.757812500000000000e+02,-3.525000000000000000e+02
-1.708156280000000038e+02,-1.645312500000000000e+02,-3.531250000000000000e+02
-1.701125030000000038e+02,-1.624218750000000000e+02,-3.356250000000000000e+02
-1.862843780000000038e+02,-1.589062500000000000e+02,-3.543750000000000000e+02
-1.743312530000000038e+02,-1.546875000000000000e+02,-3.368750000000000000e+02
-1.715187530000000038e+02,-1.719140625000000000e+02,-3.375000000000000000e+02
-1.729250030000000038e+02,-1.550390625000000000e+02,-3.500000000000000000e+02
-1.697609405000000038e+02,-1.638281250000000000e+02,-3.525000000000000000e+02
-1.641359405000000038e+02,-1.589062500000000000e+02,-3.400000000000000000e+02
-1.669484405000000038e+02,-1.708593750000000000e+02,-3.512500000000000000e+02
-1.637843780000000038e+02,-1.564453125000000000e+02,-3.362500000000000000e+02
-1.810109405000000038e+02,-1.553906250000000000e+02,-3.475000000000000000e+02
-1.669484405000000038e+02,-1.729687500000000000e+02,-3.487500000000000000e+02
-1.774953155000000038e+02,-1.603125000000000000e+02,-3.400000000000000000e+02
-1.771437530000000038e+02,-1.553906250000000000e+02,-3.543750000000000000e+02
-1.785500030000000038e+02,-1.567968750000000000e+02,-3.556250000000000000e+02
-1.687062530000000038e+02,-1.694531250000000000e+02,-3.518750000000000000e+02
-1.736281280000000038e+02,-1.757812500000000000e+02,-3.531250000000000000e+02
-1.662453155000000038e+02,-1.596093750000000000e+02,-3.350000000000000000e+02
-1.838234405000000038e+02,-1.645312500000000000e+02,-3.562500000000000000e+02
-1.736281280000000038e+02,-1.539843750000000000e+02,-3.368750000000000000e+02
-1.687062530000000038e+02,-1.466015625000000000e+02,-3.437500000000000000e+02
-1.813625030000000038e+02,-1.571484375000000000e+02,-3.450000000000000000e+02
-1.722218780000000038e+02,-1.589062500000000000e+02,-3.368750000000000000e+02
-1.729250030000000038e+02,-1.536328125000000000e+02,-3.462500000000000000e+02
-1.715187530000000038e+02,-1.687500000000000000e+02,-3.531250000000000000e+02
-1.637843780000000038e+02,-1.469531250000000000e+02,-3.368750000000000000e+02
-1.806593780000000038e+02,-1.722656250000000000e+02,-3.468750000000000000e+02
-1.778468780000000038e+02,-1.553906250000000000e+02,-3.468750000000000000e+02
-1.743312530000000038e+02,-1.754296875000000000e+02,-3.462500000000000000e+02
-1.771437530000000038e+02,-1.550390625000000000e+02,-3.400000000000000000e+02
-1.729250030000000038e+02,-1.726171875000000000e+02,-3.425000000000000000e+02
-1.771437530000000038e+02,-1.550390625000000000e+02,-3.487500000000000000e+02
-1.894484405000000038e+02,-1.589062500000000000e+02,-3.537500000000000000e+02
-1.746828155000000038e+02,-1.532812500000000000e+02,-3.450000000000000000e+02
-1.683546905000000038e+02,-1.553906250000000000e+02,-3.475000000000000000e+02
-1.796046905000000038e+02,-1.631250000000000000e+02,-3.450000000000000000e+02
-1.683546905000000038e+02,-1.497656250000000000e+02,-3.362500000000000000e+02
-1.729250030000000038e+02,-1.712109375000000000e+02,-3.362500000000000000e+02
-1.637843780000000038e+02,-1.603125000000000000e+02,-3.406250000000000000e+02
-1.729250030000000038e+02,-1.553906250000000000e+02,-3.368750000000000000e+02
-1.711671905000000038e+02,-1.722656250000000000e+02,-3.525000000000000000e+02
-1.869875030000000038e+02,-1.564453125000000000e+02,-3.525000000000000000e+02
-1.715187530000000038e+02,-1.473046875000000000e+02,-3.450000000000000000e+02
-1.785500030000000038e+02,-1.775390625000000000e+02,-3.500000000000000000e+02
-1.680031280000000038e+02,-1.694531250000000000e+02,-3.518750000000000000e+02
-1.845265655000000038e+02,-1.673437500000000000e+02,-3.487500000000000000e+02
-1.658937530000000038e+02,-1.539843750000000000e+02,-3.456250000000000000e+02
-1.810109405000000038e+02,-1.687500000000000000e+02,-3.462500000000000000e+02
-1.694093780000000038e+02,-1.462500000000000000e+02,-3.443750000000000000e+02
-1.644875030000000038e+02,-1.462500000000000000e+02,-3.381250000000000000e+02
-1.630812530000000038e+02,-1.536328125000000000e+02,-3.350000000000000000e+02
-1.743312530000000038e+02,-1.546875000000000000e+02,-3.468750000000000000e+02
-1.781984405000000038e+02,-1.673437500000000000e+02,-3.425000000000000000e+02
-1.711671905000000038e+02,-1.736718750000000000e+02,-3.512500000000000000e+02
-1.644875030000000038e+02,-1.694531250000000000e+02,-3.406250000000000000e+02
-1.876906280000000038e+02,-1.589062500000000000e+02,-3.518750000000000000e+02
-1.736281280000000038e+02,-1.560937500000000000e+02,-3.368750000000000000e+02
-1.887453155000000038e+02,-1.582031250000000000e+02,-3.525000000000000000e+02
-1.694093780000000038e+02,-1.480078125000000000e+02,-3.425000000000000000e+02
-1.722218780000000038e+02,-1.631250000000000000e+02,-3.543750000000000000e+02
-1.739796905000000038e+02,-1.729687500000000000e+02,-3.425000000000000000e+02
-1.862843780000000038e+02,-1.560937500000000000e+02,-3.531250000000000000e+02
-1.637843780000000038e+02,-1.546875000000000000e+02,-3.443750000000000000e+02
-1.715187530000000038e+02,-1.740234375000000000e+02,-3.487500000000000000e+02
-1.743312530000000038e+02,-1.522265625000000000e+02,-3.450000000000000000e+02
-1.694093780000000038e+02,-1.508203125000000000e+02,-3.362500000000000000e+02
-1.778468780000000038e+02,-1.715625000000000000e+02,-3.456250000000000000e+02
-1.655421905000000038e+02,-1.687500000000000000e+02,-3.400000000000000000e+02
-1.694093780000000038e+02,-1.606640625000000000e+02,-3.512500000000000000e+02
-1.637843780000000038e+02,-1.641796875000000000e+02,-3.412500000000000000e+02
-1.732765655000000038e+02,-1.680468750000000000e+02,-3.550000000000000000e+02
-1.673000030000000038e+02,-1.511718750000000000e+02,-3.456250000000000000e+02
-1.662453155000000038e+02,-1.701562500000000000e+02,-3.400000000000000000e+02
-1.701125030000000038e+02,-1.469531250000000000e+02,-3.456250000000000000e+02
-1.764406280000000038e+02,-1.785937500000000000e+02,-3.481250000000000000e+02
-1.722218780000000038e+02,-1.532812500000000000e+02,-3.368750000000000000e+02
-1.655421905000000038e+02,-1.722656250000000000e+02,-3.462500000000000000e+02
-1.824171905000000038e+02,-1.666406250000000000e+02,-3.562500000000000000e+02
-1.750343780000000038e+02,-1.539843750000000000e+02,-3.543750000000000000e+02
-1.820656280000000038e+02,-1.589062500000000000e+02,-3.443750000000000000e+02
-1.694093780000000038e+02,-1.490625000000000000e+02,-3.456250000000000000e+02
-1.806593780000000038e+02,-1.736718750000000000e+02,-3.481250000000000000e+02
-1.813625030000000038e+02,-1.557421875000000000e+02,-3.537500000000000000e+02
-1.715187530000000038e+02,-1.715625000000000000e+02,-3.531250000000000000e+02
-1.806593780000000038e+02,-1.575000000000000000e+02,-3.443750000000000000e+02
-1.651906280000000038e+02,-1.620703125000000000e+02,-3.375000000000000000e+02
-1.774953155000000038e+02,-1.673437500000000000e+02,-3.412500000000000000e+02
-1.620265655000000038e+02,-1.553906250000000000e+02,-3.412500000000000000e+02
-1.673000030000000038e+02,-1.712109375000000000e+02,-3.475000000000000000e+02
-1.637843780000000038e+02,-1.582031250000000000e+02,-3.418750000000000000e+02
-1.722218780000000038e+02,-1.560937500000000000e+02,-3.543750000000000000e+02
-1.824171905000000038e+02,-1.673437500000000000e+02,-3.537500000000000000e+02
-1.799562530000000038e+02,-1.743750000000000000e+02,-3.468750000000000000e+02
-1.764406280000000038e+02,-1.778906250000000000e+02,-3.481250000000000000e+02
-1.694093780000000038e+02,-1.610156250000000000e+02,-3.493750000000000000e+02
-1.690578155000000038e+02,-1.476562500000000000e+02,-3.425000000000000000e+02
-1.637843780000000038e+02,-1.504687500000000000e+02,-3.356250000000000000e+02
-1.760890655000000038e+02,-1.645312500000000000e+02,-3.350000000000000000e+02
-1.778468780000000038e+02,-1.539843750000000000e+02,-3.518750000000000000e+02
-1.694093780000000038e+02,-1.701562500000000000e+02,-3.518750000000000000e+02
-1.637843780000000038e+02,-1.638281250000000000e+02,-3.418750000000000000e+02
-1.665968780000000038e+02,-1.666406250000000000e+02,-3.368750000000000000e+02
-1.623781280000000038e+02,-1.666406250000000000e+02,-3.418750000000000000e+02
-1.701125030000000038e+02,-1.596093750000000000e+02,-3.518750000000000000e+02
-1.722218780000000038e+02,-1.743750000000000000e+02,-3.531250000000000000e+02
-1.627296905000000038e+02,-1.511718750000000000e+02,-3.387500000000000000e+02
-1.718703155000000038e+02,-1.701562500000000000e+02,-3.537500000000000000e+02
-1.711671905000000038e+02,-1.553906250000000000e+02,-3.512500000000000000e+02
-1.708156280000000038e+02,-1.529296875000000000e+02,-3.362500000000000000e+02
-1.771437530000000038e+02,-1.645312500000000000e+02,-3.418750000000000000e+02
-1.799562530000000038e+02,-1.641796875000000000e+02,-3.450000000000000000e+02
-1.785500030000000038e+02,-1.778906250000000000e+02,-3.506250000000000000e+02
-1.792531280000000038e+02,-1.743750000000000000e+02,-3.468750000000000000e+02
-1.792531280000000038e+02,-1.708593750000000000e+02,-3.456250000000000000e+02
-1.848781280000000038e+02,-1.596093750000000000e+02,-3.493750000000000000e+02
-1.743312530000000038e+02,-1.522265625000000000e+02,-3.437500000000000000e+02
-1.680031280000000038e+02,-1.536328125000000000e+02,-3.462500000000000000e+02
-1.845265655000000038e+02,-1.673437500000000000e+02,-3.500000000000000000e+02
-1.701125030000000038e+02,-1.567968750000000000e+02,-3.481250000000000000e+02
-1.774953155000000038e+02,-1.631250000000000000e+02,-3.387500000000000000e+02
-1.648390655000000038e+02,-1.610156250000000000e+02,-3.425000000000000000e+02
-1.680031280000000038e+02,-1.687500000000000000e+02,-3.518750000000000000e+02
-1.634328155000000038e+02,-1.603125000000000000e+02,-3.400000000000000000e+02
-1.651906280000000038e+02,-1.603125000000000000e+02,-3.481250000000000000e+02
-1.658937530000000038e+02,-1.487109375000000000e+02,-3.362500000000000000e+02
-1.669484405000000038e+02,-1.645312500000000000e+02,-3.487500000000000000e+02
-1.785500030000000038e+02,-1.694531250000000000e+02,-3.443750000000000000e+02
-1.641359405000000038e+02,-1.469531250000000000e+02,-3.412500000000000000e+02
-1.739796905000000038e+02,-1.687500000000000000e+02,-3.350000000000000000e+02
-1.676515655000000038e+02,-1.715625000000000000e+02,-3.375000000000000000e+02
-1.736281280000000038e+02,-1.536328125000000000e+02,-3.512500000000000000e+02
-1.764406280000000038e+02,-1.529296875000000000e+02,-3.525000000000000000e+02
-1.743312530000000038e+02,-1.550390625000000000e+02,-3.462500000000000000e+02
-1.757375030000000038e+02,-1.722656250000000000e+02,-3.431250000000000000e+02
-1.771437530000000038e+02,-1.687500000000000000e+02,-3.556250000000000000e+02
-1.778468780000000038e+02,-1.641796875000000000e+02,-3.425000000000000000e+02
-1.729250030000000038e+02,-1.771875000000000000e+02,-3.468750000000000000e+02
-1.690578155000000038e+02,-1.603125000000000000e+02,-3.500000000000000000e+02
-1.855812530000000038e+02,-1.610156250000000000e+02,-3.543750000000000000e+02
-1.736281280000000038e+02,-1.546875000000000000e+02,-3.493750000000000000e+02
-1.799562530000000038e+02,-1.631250000000000000e+02,-3.456250000000000000e+02
-1.785500030000000038e+02,-1.550390625000000000e+02,-3.450000000000000000e+02
-1.750343780000000038e+02,-1.529296875000000000e+02,-3.425000000000000000e+02
-1.813625030000000038e+02,-1.585546875000000000e+02,-3.437500000000000000e+02
-1.757375030000000038e+02,-1.736718750000000000e+02,-3.543750000000000000e+02
-1.658937530000000038e+02,-1.473046875000000000e+02,-3.450000000000000000e+02
-1.627296905000000038e+02,-1.525781250000000000e+02,-3.425000000000000000e+02
-1.620265655000000038e+02,-1.497656250000000000e+02,-3.375000000000000000e+02
-1.641359405000000038e+02,-1.567968750000000000e+02,-3.350000000000000000e+02
-1.873390655000000038e+02,-1.617187500000000000e+02,-3.525000000000000000e+02
-1.792531280000000038e+02,-1.680468750000000000e+02,-3.543750000000000000e+02
-1.722218780000000038e+02,-1.546875000000000000e+02,-3.531250000000000000e+02
-1.694093780000000038e+02,-1.736718750000000000e+02,-3.468750000000000000e+02
-1.665968780000000038e+02,-1.655859375000000000e+02,-3.500000000000000000e+02
-1.634328155000000038e+02,-1.483593750000000000e+02,-3.412500000000000000e+02
-1.655421905000000038e+02,-1.666406250000000000e+02,-3.500000000000000000e+02
-1.641359405000000038e+02,-1.659375000000000000e+02,-3.450000000000000000e+02
-1.637843780000000038e+02,-1.508203125000000000e+02,-3.350000000000000000e+02
-1.767921905000000038e+02,-1.596093750000000000e+02,-3.400000000000000000e+02
-1.859328155000000038e+02,-1.631250000000000000e+02,-3.500000000000000000e+02
-1.778468780000000038e+02,-1.729687500000000000e+02,-3.456250000000000000e+02
-1.743312530000000038e+02,-1.722656250000000000e+02,-3.406250000000000000e+02
-1.680031280000000038e+02,-1.712109375000000000e+02,-3.412500000000000000e+02
-1.848781280000000038e+02,-1.652343750000000000e+02,-3.481250000000000000e+02
-1.757375030000000038e+02,-1.694531250000000000e+02,-3.381250000000000000e+02
-1.673000030000000038e+02,-1.733203125000000000e+02,-3.487500000000000000e+02
-1.687062530000000038e+02,-1.518750000000000000e+02,-3.456250000000000000e+02
-1.673000030000000038e+02,-1.698046875000000000e+02,-3.362500000000000000e+02
-1.729250030000000038e+02,-1.539843750000000000e+02,-3.368750000000000000e+02
-1.708156280000000038e+02,-1.564453125000000000e+02,-3.512500000000000000e+02
-1.753859405000000038e+02,-1.715625000000000000e+02,-3.550000000000000000e+02
-1.708156280000000038e+02,-1.476562500000000000e+02,-3.456250000000000000e+02
-1.820656280000000038e+02,-1.564453125000000000e+02,-3.550000000000000000e+02
-1.771437530000000038e+02,-1.532812500000000000e+02,-3.518750000000000000e+02
-1.644875030000000038e+02,-1.501171875000000000e+02,-3.437500000000000000e+02
-1.715187530000000038e+02,-1.736718750000000000e+02,-3.456250000000000000e+02
-1.743312530000000038e+02,-1.683984375000000000e+02,-3.350000000000000000e+02
-1.743312530000000038e+02,-1.553906250000000000e+02,-3.368750000000000000e+02
-1.637843780000000038e+02,-1.687500000000000000e+02,-3.418750000000000000e+02
-1.806593780000000038e+02,-1.613671875000000000e+02,-3.450000000000000000e+02
-1.764406280000000038e+02,-1.789453125000000000e+02,-3.487500000000000000e+02
-1.781984405000000038e+02,-1.539843750000000000e+02,-3.537500000000000000e+02
-1.785500030000000038e+02,-1.638281250000000000e+02,-3.443750000000000000e+02
-1.651906280000000038e+02,-1.638281250000000000e+02,-3.368750000000000000e+02
-1.743312530000000038e+02,-1.567968750000000000e+02,-3.368750000000000000e+02
-1.838234405000000038e+02,-1.589062500000000000e+02,-3.562500000000000000e+02
-1.658937530000000038e+02,-1.546875000000000000e+02,-3.456250000000000000e+02
-1.750343780000000038e+02,-1.539843750000000000e+02,-3.456250000000000000e+02
-1.673000030000000038e+02,-1.589062500000000000e+02,-3.481250000000000000e+02
-1.764406280000000038e+02,-1.536328125000000000e+02,-3.512500000000000000e+02
-1.616750030000000038e+02,-1.532812500000000000e+02,-3.368750000000000000e+02
-1.690578155000000038e+02,-1.490625000000000000e+02,-3.387500000000000000e+02
-1.616750030000000038e+02,-1.483593750000000000e+02,-3.356250000000000000e+02
-1.665968780000000038e+02,-1.476562500000000000e+02,-3.381250000000000000e+02
-1.704640655000000038e+02,-1.708593750000000000e+02,-3.525000000000000000e+02
-1.641359405000000038e+02,-1.680468750000000000e+02,-3.487500000000000000e+02
