-1.905484375000000057e+02,-1.757812500000000000e+02,-3.252500000000000000e+02
-1.901968750000000057e+02,-1.757812500000000000e+02,-3.265000000000000000e+02
-1.901968750000000057e+02,-1.761328125000000000e+02,-3.252500000000000000e+02
-1.901968750000000057e+02,-1.761328125000000000e+02,-3.227500000000000000e+02
-1.905484375000000057e+02,-1.757812500000000000e+02,-3.227500000000000000e+02
-1.901968750000000057e+02,-1.754296875000000000e+02,-3.252500000000000000e+02
-1.905484375000000057e+02,-1.750781250000000000e+02,-3.227500000000000000e+02
-1.901968750000000057e+02,-1.750781250000000000e+02,-3.240000000000000000e+02
-1.905484375000000057e+02,-1.743750000000000000e+02,-3.227500000000000000e+02
-1.901968750000000057e+02,-1.743750000000000000e+02,-3.240000000000000000e+02
-1.905484375000000057e+02,-1.736718750000000000e+02,-3.227500000000000000e+02
-1.901968750000000057e+02,-1.736718750000000000e+02,-3.240000000000000000e+02
-1.905484375000000057e+02,-1.729687500000000000e+02,-3.227500000000000000e+02
-1.901968750000000057e+02,-1.729687500000000000e+02,-3.240000000000000000e+02
-1.901968750000000057e+02,-1.726171875000000000e+02,-3.227500000000000000e+02
-1.898453125000000057e+02,-1.764843750000000000e+02,-3.252500000000000000e+02
-1.894937500000000057e+02,-1.764843750000000000e+02,-3.265000000000000000e+02
-1.894937500000000057e+02,-1.768359375000000000e+02,-3.252500000000000000e+02
-1.894937500000000057e+02,-1.768359375000000000e+02,-3.227500000000000000e+02
-1.898453125000000057e+02,-1.764843750000000000e+02,-3.227500000000000000e+02
-1.894937500000000057e+02,-1.757812500000000000e+02,-3.265000000000000000e+02
-1.898453125000000057e+02,-1.750781250000000000e+02,-3.252500000000000000e+02
-1.894937500000000057e+02,-1.750781250000000000e+02,-3.265000000000000000e+02
-1.898453125000000057e+02,-1.743750000000000000e+02,-3.252500000000000000e+02
-1.894937500000000057e+02,-1.743750000000000000e+02,-3.265000000000000000e+02
-1.898453125000000057e+02,-1.736718750000000000e+02,-3.252500000000000000e+02
-1.894937500000000057e+02,-1.736718750000000000e+02,-3.265000000000000000e+02
-1.894937500000000057e+02,-1.733203125000000000e+02,-3.252500000000000000e+02
-1.894937500000000057e+02,-1.729687500000000000e+02,-3.240000000000000000e+02
-1.894937500000000057e+02,-1.726171875000000000e+02,-3.227500000000000000e+02
-1.887906250000000057e+02,-1.782421875000000000e+02,-3.277500000000000000e+02
-1.887906250000000057e+02,-1.778906250000000000e+02,-3.265000000000000000e+02
-1.891421875000000057e+02,-1.778906250000000000e+02,-3.277500000000000000e+02
-1.887906250000000057e+02,-1.775390625000000000e+02,-3.252500000000000000e+02
-1.891421875000000057e+02,-1.771875000000000000e+02,-3.252500000000000000e+02
-1.891421875000000057e+02,-1.771875000000000000e+02,-3.277500000000000000e+02
-1.887906250000000057e+02,-1.775390625000000000e+02,-3.227500000000000000e+02
-1.891421875000000057e+02,-1.771875000000000000e+02,-3.227500000000000000e+02
-1.891421875000000057e+02,-1.764843750000000000e+02,-3.277500000000000000e+02
-1.891421875000000057e+02,-1.757812500000000000e+02,-3.277500000000000000e+02
-1.891421875000000057e+02,-1.750781250000000000e+02,-3.277500000000000000e+02
-1.887906250000000057e+02,-1.747265625000000000e+02,-3.277500000000000000e+02
-1.887906250000000057e+02,-1.743750000000000000e+02,-3.265000000000000000e+02
-1.887906250000000057e+02,-1.736718750000000000e+02,-3.265000000000000000e+02
-1.891421875000000057e+02,-1.729687500000000000e+02,-3.252500000000000000e+02
-1.887906250000000057e+02,-1.729687500000000000e+02,-3.265000000000000000e+02
-1.887906250000000057e+02,-1.726171875000000000e+02,-3.252500000000000000e+02
-1.887906250000000057e+02,-1.726171875000000000e+02,-3.227500000000000000e+02
-1.884390625000000057e+02,-1.785937500000000000e+02,-3.277500000000000000e+02
-1.880875000000000057e+02,-1.789453125000000000e+02,-3.252500000000000000e+02
-1.884390625000000057e+02,-1.785937500000000000e+02,-3.252500000000000000e+02
-1.880875000000000057e+02,-1.789453125000000000e+02,-3.277500000000000000e+02
-1.880875000000000057e+02,-1.785937500000000000e+02,-3.240000000000000000e+02
-1.884390625000000057e+02,-1.778906250000000000e+02,-3.252500000000000000e+02
-1.880875000000000057e+02,-1.782421875000000000e+02,-3.227500000000000000e+02
-1.884390625000000057e+02,-1.778906250000000000e+02,-3.227500000000000000e+02
-1.884390625000000057e+02,-1.743750000000000000e+02,-3.277500000000000000e+02
-1.880875000000000057e+02,-1.740234375000000000e+02,-3.277500000000000000e+02
-1.880875000000000057e+02,-1.736718750000000000e+02,-3.265000000000000000e+02
-1.880875000000000057e+02,-1.729687500000000000e+02,-3.265000000000000000e+02
-1.880875000000000057e+02,-1.726171875000000000e+02,-3.252500000000000000e+02
-1.880875000000000057e+02,-1.726171875000000000e+02,-3.227500000000000000e+02
-1.877359375000000057e+02,-1.792968750000000000e+02,-3.252500000000000000e+02
-1.873843750000000057e+02,-1.792968750000000000e+02,-3.265000000000000000e+02
-1.873843750000000057e+02,-1.796484375000000000e+02,-3.252500000000000000e+02
-1.873843750000000057e+02,-1.792968750000000000e+02,-3.240000000000000000e+02
-1.873843750000000057e+02,-1.789453125000000000e+02,-3.277500000000000000e+02
-1.873843750000000057e+02,-1.785937500000000000e+02,-3.240000000000000000e+02
-1.873843750000000057e+02,-1.782421875000000000e+02,-3.227500000000000000e+02
-1.877359375000000057e+02,-1.736718750000000000e+02,-3.277500000000000000e+02
-1.877359375000000057e+02,-1.733203125000000000e+02,-3.265000000000000000e+02
-1.877359375000000057e+02,-1.729687500000000000e+02,-3.252500000000000000e+02
-1.873843750000000057e+02,-1.733203125000000000e+02,-3.252500000000000000e+02
-1.873843750000000057e+02,-1.729687500000000000e+02,-3.265000000000000000e+02
-1.877359375000000057e+02,-1.729687500000000000e+02,-3.277500000000000000e+02
-1.873843750000000057e+02,-1.729687500000000000e+02,-3.240000000000000000e+02
-1.873843750000000057e+02,-1.726171875000000000e+02,-3.277500000000000000e+02
-1.873843750000000057e+02,-1.726171875000000000e+02,-3.227500000000000000e+02
-1.866812500000000057e+02,-1.792968750000000000e+02,-3.265000000000000000e+02
-1.866812500000000057e+02,-1.796484375000000000e+02,-3.252500000000000000e+02
-1.866812500000000057e+02,-1.792968750000000000e+02,-3.240000000000000000e+02
-1.866812500000000057e+02,-1.789453125000000000e+02,-3.277500000000000000e+02
-1.866812500000000057e+02,-1.785937500000000000e+02,-3.240000000000000000e+02
-1.866812500000000057e+02,-1.782421875000000000e+02,-3.227500000000000000e+02
-1.866812500000000057e+02,-1.733203125000000000e+02,-3.252500000000000000e+02
-1.866812500000000057e+02,-1.729687500000000000e+02,-3.265000000000000000e+02
-1.866812500000000057e+02,-1.729687500000000000e+02,-3.240000000000000000e+02
-1.866812500000000057e+02,-1.726171875000000000e+02,-3.277500000000000000e+02
-1.866812500000000057e+02,-1.726171875000000000e+02,-3.227500000000000000e+02
-1.859781250000000057e+02,-1.792968750000000000e+02,-3.265000000000000000e+02
-1.859781250000000057e+02,-1.796484375000000000e+02,-3.252500000000000000e+02
-1.859781250000000057e+02,-1.792968750000000000e+02,-3.240000000000000000e+02
-1.863296875000000057e+02,-1.785937500000000000e+02,-3.277500000000000000e+02
-1.859781250000000057e+02,-1.785937500000000000e+02,-3.265000000000000000e+02
-1.859781250000000057e+02,-1.789453125000000000e+02,-3.227500000000000000e+02
-1.863296875000000057e+02,-1.785937500000000000e+02,-3.227500000000000000e+02
-1.859781250000000057e+02,-1.782421875000000000e+02,-3.277500000000000000e+02
-1.863296875000000057e+02,-1.736718750000000000e+02,-3.252500000000000000e+02
-1.859781250000000057e+02,-1.740234375000000000e+02,-3.252500000000000000e+02
-1.859781250000000057e+02,-1.736718750000000000e+02,-3.265000000000000000e+02
-1.859781250000000057e+02,-1.736718750000000000e+02,-3.240000000000000000e+02
-1.859781250000000057e+02,-1.729687500000000000e+02,-3.265000000000000000e+02
-1.863296875000000057e+02,-1.729687500000000000e+02,-3.227500000000000000e+02
-1.859781250000000057e+02,-1.733203125000000000e+02,-3.227500000000000000e+02
-1.859781250000000057e+02,-1.726171875000000000e+02,-3.277500000000000000e+02
-1.852750000000000057e+02,-1.792968750000000000e+02,-3.265000000000000000e+02
-1.852750000000000057e+02,-1.796484375000000000e+02,-3.252500000000000000e+02
-1.852750000000000057e+02,-1.792968750000000000e+02,-3.240000000000000000e+02
-1.852750000000000057e+02,-1.785937500000000000e+02,-3.265000000000000000e+02
-1.856265625000000057e+02,-1.785937500000000000e+02,-3.227500000000000000e+02
-1.852750000000000057e+02,-1.785937500000000000e+02,-3.240000000000000000e+02
-1.852750000000000057e+02,-1.782421875000000000e+02,-3.277500000000000000e+02
-1.852750000000000057e+02,-1.782421875000000000e+02,-3.227500000000000000e+02
-1.856265625000000057e+02,-1.743750000000000000e+02,-3.252500000000000000e+02
-1.852750000000000057e+02,-1.747265625000000000e+02,-3.252500000000000000e+02
-1.852750000000000057e+02,-1.743750000000000000e+02,-3.265000000000000000e+02
-1.852750000000000057e+02,-1.743750000000000000e+02,-3.240000000000000000e+02
-1.852750000000000057e+02,-1.736718750000000000e+02,-3.265000000000000000e+02
-1.856265625000000057e+02,-1.736718750000000000e+02,-3.227500000000000000e+02
-1.852750000000000057e+02,-1.740234375000000000e+02,-3.227500000000000000e+02
-1.856265625000000057e+02,-1.729687500000000000e+02,-3.277500000000000000e+02
-1.852750000000000057e+02,-1.733203125000000000e+02,-3.277500000000000000e+02
-1.849234375000000057e+02,-1.792968750000000000e+02,-3.252500000000000000e+02
-1.845718750000000057e+02,-1.785937500000000000e+02,-3.265000000000000000e+02
-1.845718750000000057e+02,-1.789453125000000000e+02,-3.252500000000000000e+02
-1.845718750000000057e+02,-1.785937500000000000e+02,-3.240000000000000000e+02
-1.849234375000000057e+02,-1.778906250000000000e+02,-3.277500000000000000e+02
-1.845718750000000057e+02,-1.778906250000000000e+02,-3.265000000000000000e+02
-1.849234375000000057e+02,-1.778906250000000000e+02,-3.227500000000000000e+02
-1.845718750000000057e+02,-1.778906250000000000e+02,-3.240000000000000000e+02
-1.845718750000000057e+02,-1.775390625000000000e+02,-3.277500000000000000e+02
-1.845718750000000057e+02,-1.775390625000000000e+02,-3.227500000000000000e+02
-1.849234375000000057e+02,-1.750781250000000000e+02,-3.227500000000000000e+02
-1.845718750000000057e+02,-1.754296875000000000e+02,-3.227500000000000000e+02
-1.845718750000000057e+02,-1.750781250000000000e+02,-3.240000000000000000e+02
-1.849234375000000057e+02,-1.743750000000000000e+02,-3.277500000000000000e+02
-1.845718750000000057e+02,-1.747265625000000000e+02,-3.277500000000000000e+02
-1.845718750000000057e+02,-1.747265625000000000e+02,-3.252500000000000000e+02
-1.849234375000000057e+02,-1.743750000000000000e+02,-3.227500000000000000e+02
-1.849234375000000057e+02,-1.736718750000000000e+02,-3.277500000000000000e+02
-1.838687500000000057e+02,-1.785937500000000000e+02,-3.265000000000000000e+02
-1.838687500000000057e+02,-1.789453125000000000e+02,-3.252500000000000000e+02
-1.838687500000000057e+02,-1.785937500000000000e+02,-3.240000000000000000e+02
-1.838687500000000057e+02,-1.778906250000000000e+02,-3.265000000000000000e+02
-1.838687500000000057e+02,-1.778906250000000000e+02,-3.240000000000000000e+02
-1.842203125000000057e+02,-1.771875000000000000e+02,-3.277500000000000000e+02
-1.838687500000000057e+02,-1.771875000000000000e+02,-3.265000000000000000e+02
-1.838687500000000057e+02,-1.775390625000000000e+02,-3.227500000000000000e+02
-1.838687500000000057e+02,-1.764843750000000000e+02,-3.265000000000000000e+02
-1.842203125000000057e+02,-1.764843750000000000e+02,-3.277500000000000000e+02
-1.838687500000000057e+02,-1.757812500000000000e+02,-3.265000000000000000e+02
-1.842203125000000057e+02,-1.757812500000000000e+02,-3.277500000000000000e+02
-1.842203125000000057e+02,-1.757812500000000000e+02,-3.227500000000000000e+02
-1.838687500000000057e+02,-1.761328125000000000e+02,-3.227500000000000000e+02
-1.838687500000000057e+02,-1.757812500000000000e+02,-3.240000000000000000e+02
-1.838687500000000057e+02,-1.754296875000000000e+02,-3.252500000000000000e+02
-1.842203125000000057e+02,-1.750781250000000000e+02,-3.252500000000000000e+02
-1.842203125000000057e+02,-1.750781250000000000e+02,-3.277500000000000000e+02
-1.831656250000000057e+02,-1.785937500000000000e+02,-3.265000000000000000e+02
-1.831656250000000057e+02,-1.789453125000000000e+02,-3.252500000000000000e+02
-1.831656250000000057e+02,-1.785937500000000000e+02,-3.240000000000000000e+02
-1.831656250000000057e+02,-1.778906250000000000e+02,-3.265000000000000000e+02
-1.831656250000000057e+02,-1.778906250000000000e+02,-3.240000000000000000e+02
-1.831656250000000057e+02,-1.771875000000000000e+02,-3.265000000000000000e+02
-1.835171875000000057e+02,-1.771875000000000000e+02,-3.227500000000000000e+02
-1.831656250000000057e+02,-1.771875000000000000e+02,-3.240000000000000000e+02
-1.831656250000000057e+02,-1.768359375000000000e+02,-3.252500000000000000e+02
-1.835171875000000057e+02,-1.764843750000000000e+02,-3.252500000000000000e+02
-1.835171875000000057e+02,-1.764843750000000000e+02,-3.227500000000000000e+02
-1.835171875000000057e+02,-1.757812500000000000e+02,-3.252500000000000000e+02
-1.828140625000000057e+02,-1.785937500000000000e+02,-3.252500000000000000e+02
-1.828140625000000057e+02,-1.778906250000000000e+02,-3.252500000000000000e+02
-1.828140625000000057e+02,-1.771875000000000000e+02,-3.252500000000000000e+02
