-1.996093750000000000e+02,-1.953125000000000000e+02,-2.715000000000000000e+02
-1.992187500000000000e+02,-1.953125000000000000e+02,-2.721250000000000000e+02
-1.992187500000000000e+02,-1.957031250000000000e+02,-2.715000000000000000e+02
-1.992187500000000000e+02,-1.953125000000000000e+02,-2.708750000000000000e+02
-1.996093750000000000e+02,-1.945312500000000000e+02,-2.715000000000000000e+02
-1.992187500000000000e+02,-1.945312500000000000e+02,-2.721250000000000000e+02
-1.992187500000000000e+02,-1.945312500000000000e+02,-2.708750000000000000e+02
-1.992187500000000000e+02,-1.941406250000000000e+02,-2.715000000000000000e+02
-1.988281250000000000e+02,-1.968750000000000000e+02,-2.715000000000000000e+02
-1.984375000000000000e+02,-1.968750000000000000e+02,-2.721250000000000000e+02
-1.984375000000000000e+02,-1.972656250000000000e+02,-2.715000000000000000e+02
-1.984375000000000000e+02,-1.968750000000000000e+02,-2.708750000000000000e+02
-1.988281250000000000e+02,-1.960937500000000000e+02,-2.715000000000000000e+02
-1.984375000000000000e+02,-1.960937500000000000e+02,-2.721250000000000000e+02
-1.984375000000000000e+02,-1.960937500000000000e+02,-2.708750000000000000e+02
-1.984375000000000000e+02,-1.953125000000000000e+02,-2.721250000000000000e+02
-1.984375000000000000e+02,-1.957031250000000000e+02,-2.702500000000000000e+02
-1.988281250000000000e+02,-1.953125000000000000e+02,-2.702500000000000000e+02
-1.984375000000000000e+02,-1.953125000000000000e+02,-2.696250000000000000e+02
-1.984375000000000000e+02,-1.945312500000000000e+02,-2.721250000000000000e+02
-1.988281250000000000e+02,-1.945312500000000000e+02,-2.702500000000000000e+02
-1.984375000000000000e+02,-1.945312500000000000e+02,-2.696250000000000000e+02
-1.988281250000000000e+02,-1.937500000000000000e+02,-2.715000000000000000e+02
-1.984375000000000000e+02,-1.937500000000000000e+02,-2.721250000000000000e+02
-1.988281250000000000e+02,-1.937500000000000000e+02,-2.702500000000000000e+02
-1.984375000000000000e+02,-1.937500000000000000e+02,-2.696250000000000000e+02
-1.988281250000000000e+02,-1.929687500000000000e+02,-2.715000000000000000e+02
-1.984375000000000000e+02,-1.929687500000000000e+02,-2.721250000000000000e+02
-1.988281250000000000e+02,-1.929687500000000000e+02,-2.702500000000000000e+02
-1.984375000000000000e+02,-1.929687500000000000e+02,-2.696250000000000000e+02
-1.984375000000000000e+02,-1.925781250000000000e+02,-2.715000000000000000e+02
-1.984375000000000000e+02,-1.925781250000000000e+02,-2.702500000000000000e+02
-1.980468750000000000e+02,-1.976562500000000000e+02,-2.715000000000000000e+02
-1.976562500000000000e+02,-1.976562500000000000e+02,-2.721250000000000000e+02
-1.976562500000000000e+02,-1.980468750000000000e+02,-2.715000000000000000e+02
-1.976562500000000000e+02,-1.976562500000000000e+02,-2.708750000000000000e+02
-1.976562500000000000e+02,-1.968750000000000000e+02,-2.721250000000000000e+02
-1.976562500000000000e+02,-1.972656250000000000e+02,-2.702500000000000000e+02
-1.980468750000000000e+02,-1.968750000000000000e+02,-2.702500000000000000e+02
-1.976562500000000000e+02,-1.968750000000000000e+02,-2.696250000000000000e+02
-1.976562500000000000e+02,-1.960937500000000000e+02,-2.721250000000000000e+02
-1.980468750000000000e+02,-1.960937500000000000e+02,-2.702500000000000000e+02
-1.976562500000000000e+02,-1.960937500000000000e+02,-2.696250000000000000e+02
-1.976562500000000000e+02,-1.953125000000000000e+02,-2.721250000000000000e+02
-1.976562500000000000e+02,-1.957031250000000000e+02,-2.690000000000000000e+02
-1.980468750000000000e+02,-1.953125000000000000e+02,-2.690000000000000000e+02
-1.976562500000000000e+02,-1.945312500000000000e+02,-2.721250000000000000e+02
-1.980468750000000000e+02,-1.945312500000000000e+02,-2.690000000000000000e+02
-1.980468750000000000e+02,-1.937500000000000000e+02,-2.727500000000000000e+02
-1.976562500000000000e+02,-1.941406250000000000e+02,-2.727500000000000000e+02
-1.980468750000000000e+02,-1.937500000000000000e+02,-2.690000000000000000e+02
-1.976562500000000000e+02,-1.933593750000000000e+02,-2.727500000000000000e+02
-1.976562500000000000e+02,-1.929687500000000000e+02,-2.721250000000000000e+02
-1.980468750000000000e+02,-1.929687500000000000e+02,-2.690000000000000000e+02
-1.976562500000000000e+02,-1.925781250000000000e+02,-2.715000000000000000e+02
-1.980468750000000000e+02,-1.921875000000000000e+02,-2.702500000000000000e+02
-1.976562500000000000e+02,-1.921875000000000000e+02,-2.708750000000000000e+02
-1.976562500000000000e+02,-1.921875000000000000e+02,-2.696250000000000000e+02
-1.976562500000000000e+02,-1.925781250000000000e+02,-2.690000000000000000e+02
-1.976562500000000000e+02,-1.917968750000000000e+02,-2.702500000000000000e+02
-1.972656250000000000e+02,-1.984375000000000000e+02,-2.715000000000000000e+02
-1.968750000000000000e+02,-1.984375000000000000e+02,-2.721250000000000000e+02
-1.968750000000000000e+02,-1.988281250000000000e+02,-2.715000000000000000e+02
-1.968750000000000000e+02,-1.984375000000000000e+02,-2.708750000000000000e+02
-1.968750000000000000e+02,-1.976562500000000000e+02,-2.721250000000000000e+02
-1.968750000000000000e+02,-1.980468750000000000e+02,-2.702500000000000000e+02
-1.972656250000000000e+02,-1.976562500000000000e+02,-2.702500000000000000e+02
-1.968750000000000000e+02,-1.976562500000000000e+02,-2.696250000000000000e+02
-1.968750000000000000e+02,-1.968750000000000000e+02,-2.721250000000000000e+02
-1.968750000000000000e+02,-1.968750000000000000e+02,-2.696250000000000000e+02
-1.968750000000000000e+02,-1.960937500000000000e+02,-2.721250000000000000e+02
-1.968750000000000000e+02,-1.964843750000000000e+02,-2.690000000000000000e+02
-1.972656250000000000e+02,-1.960937500000000000e+02,-2.690000000000000000e+02
-1.972656250000000000e+02,-1.953125000000000000e+02,-2.727500000000000000e+02
-1.968750000000000000e+02,-1.957031250000000000e+02,-2.727500000000000000e+02
-1.972656250000000000e+02,-1.945312500000000000e+02,-2.727500000000000000e+02
-1.968750000000000000e+02,-1.933593750000000000e+02,-2.727500000000000000e+02
-1.968750000000000000e+02,-1.929687500000000000e+02,-2.721250000000000000e+02
-1.972656250000000000e+02,-1.921875000000000000e+02,-2.715000000000000000e+02
-1.968750000000000000e+02,-1.921875000000000000e+02,-2.721250000000000000e+02
-1.972656250000000000e+02,-1.921875000000000000e+02,-2.690000000000000000e+02
-1.968750000000000000e+02,-1.917968750000000000e+02,-2.715000000000000000e+02
-1.968750000000000000e+02,-1.917968750000000000e+02,-2.702500000000000000e+02
-1.968750000000000000e+02,-1.917968750000000000e+02,-2.690000000000000000e+02
-1.960937500000000000e+02,-1.984375000000000000e+02,-2.721250000000000000e+02
-1.960937500000000000e+02,-1.988281250000000000e+02,-2.715000000000000000e+02
-1.960937500000000000e+02,-1.988281250000000000e+02,-2.702500000000000000e+02
-1.964843750000000000e+02,-1.984375000000000000e+02,-2.702500000000000000e+02
-1.960937500000000000e+02,-1.984375000000000000e+02,-2.696250000000000000e+02
-1.960937500000000000e+02,-1.976562500000000000e+02,-2.721250000000000000e+02
-1.960937500000000000e+02,-1.976562500000000000e+02,-2.696250000000000000e+02
-1.960937500000000000e+02,-1.968750000000000000e+02,-2.721250000000000000e+02
-1.960937500000000000e+02,-1.968750000000000000e+02,-2.696250000000000000e+02
-1.964843750000000000e+02,-1.960937500000000000e+02,-2.727500000000000000e+02
-1.960937500000000000e+02,-1.964843750000000000e+02,-2.727500000000000000e+02
-1.960937500000000000e+02,-1.964843750000000000e+02,-2.690000000000000000e+02
-1.960937500000000000e+02,-1.933593750000000000e+02,-2.727500000000000000e+02
-1.960937500000000000e+02,-1.929687500000000000e+02,-2.721250000000000000e+02
-1.960937500000000000e+02,-1.921875000000000000e+02,-2.721250000000000000e+02
-1.964843750000000000e+02,-1.921875000000000000e+02,-2.690000000000000000e+02
-1.960937500000000000e+02,-1.925781250000000000e+02,-2.690000000000000000e+02
-1.960937500000000000e+02,-1.921875000000000000e+02,-2.696250000000000000e+02
-1.960937500000000000e+02,-1.917968750000000000e+02,-2.715000000000000000e+02
-1.960937500000000000e+02,-1.917968750000000000e+02,-2.702500000000000000e+02
-1.957031250000000000e+02,-1.992187500000000000e+02,-2.715000000000000000e+02
-1.953125000000000000e+02,-1.992187500000000000e+02,-2.721250000000000000e+02
-1.953125000000000000e+02,-1.996093750000000000e+02,-2.715000000000000000e+02
-1.953125000000000000e+02,-1.992187500000000000e+02,-2.708750000000000000e+02
-1.953125000000000000e+02,-1.984375000000000000e+02,-2.721250000000000000e+02
-1.953125000000000000e+02,-1.988281250000000000e+02,-2.702500000000000000e+02
-1.953125000000000000e+02,-1.984375000000000000e+02,-2.696250000000000000e+02
-1.957031250000000000e+02,-1.976562500000000000e+02,-2.727500000000000000e+02
-1.953125000000000000e+02,-1.980468750000000000e+02,-2.727500000000000000e+02
-1.953125000000000000e+02,-1.976562500000000000e+02,-2.696250000000000000e+02
-1.957031250000000000e+02,-1.968750000000000000e+02,-2.727500000000000000e+02
-1.953125000000000000e+02,-1.972656250000000000e+02,-2.690000000000000000e+02
-1.957031250000000000e+02,-1.968750000000000000e+02,-2.690000000000000000e+02
-1.953125000000000000e+02,-1.941406250000000000e+02,-2.727500000000000000e+02
-1.957031250000000000e+02,-1.937500000000000000e+02,-2.727500000000000000e+02
-1.953125000000000000e+02,-1.937500000000000000e+02,-2.721250000000000000e+02
-1.953125000000000000e+02,-1.929687500000000000e+02,-2.721250000000000000e+02
-1.953125000000000000e+02,-1.921875000000000000e+02,-2.721250000000000000e+02
-1.953125000000000000e+02,-1.925781250000000000e+02,-2.690000000000000000e+02
-1.953125000000000000e+02,-1.921875000000000000e+02,-2.696250000000000000e+02
-1.953125000000000000e+02,-1.917968750000000000e+02,-2.715000000000000000e+02
-1.953125000000000000e+02,-1.917968750000000000e+02,-2.702500000000000000e+02
-1.945312500000000000e+02,-1.992187500000000000e+02,-2.721250000000000000e+02
-1.945312500000000000e+02,-1.996093750000000000e+02,-2.715000000000000000e+02
-1.945312500000000000e+02,-1.992187500000000000e+02,-2.708750000000000000e+02
-1.945312500000000000e+02,-1.984375000000000000e+02,-2.721250000000000000e+02
-1.945312500000000000e+02,-1.988281250000000000e+02,-2.702500000000000000e+02
-1.945312500000000000e+02,-1.984375000000000000e+02,-2.696250000000000000e+02
-1.945312500000000000e+02,-1.980468750000000000e+02,-2.727500000000000000e+02
-1.945312500000000000e+02,-1.976562500000000000e+02,-2.696250000000000000e+02
-1.945312500000000000e+02,-1.972656250000000000e+02,-2.690000000000000000e+02
-1.945312500000000000e+02,-1.949218750000000000e+02,-2.727500000000000000e+02
-1.949218750000000000e+02,-1.945312500000000000e+02,-2.727500000000000000e+02
-1.945312500000000000e+02,-1.945312500000000000e+02,-2.721250000000000000e+02
-1.945312500000000000e+02,-1.937500000000000000e+02,-2.721250000000000000e+02
-1.945312500000000000e+02,-1.929687500000000000e+02,-2.721250000000000000e+02
-1.945312500000000000e+02,-1.925781250000000000e+02,-2.715000000000000000e+02
-1.949218750000000000e+02,-1.921875000000000000e+02,-2.715000000000000000e+02
-1.949218750000000000e+02,-1.921875000000000000e+02,-2.702500000000000000e+02
-1.945312500000000000e+02,-1.925781250000000000e+02,-2.702500000000000000e+02
-1.945312500000000000e+02,-1.925781250000000000e+02,-2.690000000000000000e+02
-1.941406250000000000e+02,-1.992187500000000000e+02,-2.715000000000000000e+02
-1.937500000000000000e+02,-1.988281250000000000e+02,-2.727500000000000000e+02
-1.937500000000000000e+02,-1.988281250000000000e+02,-2.715000000000000000e+02
-1.941406250000000000e+02,-1.984375000000000000e+02,-2.727500000000000000e+02
-1.937500000000000000e+02,-1.988281250000000000e+02,-2.702500000000000000e+02
-1.937500000000000000e+02,-1.984375000000000000e+02,-2.696250000000000000e+02
-1.937500000000000000e+02,-1.976562500000000000e+02,-2.696250000000000000e+02
-1.937500000000000000e+02,-1.972656250000000000e+02,-2.690000000000000000e+02
-1.937500000000000000e+02,-1.957031250000000000e+02,-2.727500000000000000e+02
-1.941406250000000000e+02,-1.953125000000000000e+02,-2.727500000000000000e+02
-1.937500000000000000e+02,-1.953125000000000000e+02,-2.721250000000000000e+02
-1.937500000000000000e+02,-1.945312500000000000e+02,-2.721250000000000000e+02
-1.937500000000000000e+02,-1.937500000000000000e+02,-2.721250000000000000e+02
-1.941406250000000000e+02,-1.937500000000000000e+02,-2.690000000000000000e+02
-1.937500000000000000e+02,-1.941406250000000000e+02,-2.690000000000000000e+02
-1.937500000000000000e+02,-1.937500000000000000e+02,-2.696250000000000000e+02
-1.937500000000000000e+02,-1.933593750000000000e+02,-2.715000000000000000e+02
-1.941406250000000000e+02,-1.929687500000000000e+02,-2.715000000000000000e+02
-1.941406250000000000e+02,-1.929687500000000000e+02,-2.702500000000000000e+02
-1.937500000000000000e+02,-1.933593750000000000e+02,-2.702500000000000000e+02
-1.941406250000000000e+02,-1.929687500000000000e+02,-2.690000000000000000e+02
-1.929687500000000000e+02,-1.988281250000000000e+02,-2.715000000000000000e+02
-1.929687500000000000e+02,-1.988281250000000000e+02,-2.727500000000000000e+02
-1.933593750000000000e+02,-1.984375000000000000e+02,-2.702500000000000000e+02
-1.929687500000000000e+02,-1.984375000000000000e+02,-2.708750000000000000e+02
-1.929687500000000000e+02,-1.980468750000000000e+02,-2.702500000000000000e+02
-1.929687500000000000e+02,-1.976562500000000000e+02,-2.696250000000000000e+02
-1.933593750000000000e+02,-1.968750000000000000e+02,-2.690000000000000000e+02
-1.929687500000000000e+02,-1.968750000000000000e+02,-2.696250000000000000e+02
-1.933593750000000000e+02,-1.960937500000000000e+02,-2.690000000000000000e+02
-1.929687500000000000e+02,-1.960937500000000000e+02,-2.696250000000000000e+02
-1.929687500000000000e+02,-1.957031250000000000e+02,-2.727500000000000000e+02
-1.929687500000000000e+02,-1.953125000000000000e+02,-2.721250000000000000e+02
-1.933593750000000000e+02,-1.953125000000000000e+02,-2.690000000000000000e+02
-1.929687500000000000e+02,-1.953125000000000000e+02,-2.696250000000000000e+02
-1.929687500000000000e+02,-1.945312500000000000e+02,-2.721250000000000000e+02
-1.933593750000000000e+02,-1.945312500000000000e+02,-2.690000000000000000e+02
-1.929687500000000000e+02,-1.945312500000000000e+02,-2.696250000000000000e+02
-1.929687500000000000e+02,-1.941406250000000000e+02,-2.715000000000000000e+02
-1.933593750000000000e+02,-1.937500000000000000e+02,-2.715000000000000000e+02
-1.933593750000000000e+02,-1.937500000000000000e+02,-2.702500000000000000e+02
-1.929687500000000000e+02,-1.941406250000000000e+02,-2.702500000000000000e+02
-1.925781250000000000e+02,-1.984375000000000000e+02,-2.715000000000000000e+02
-1.921875000000000000e+02,-1.988281250000000000e+02,-2.727500000000000000e+02
-1.921875000000000000e+02,-1.984375000000000000e+02,-2.721250000000000000e+02
-1.921875000000000000e+02,-1.980468750000000000e+02,-2.715000000000000000e+02
-1.921875000000000000e+02,-1.980468750000000000e+02,-2.702500000000000000e+02
-1.921875000000000000e+02,-1.976562500000000000e+02,-2.696250000000000000e+02
-1.921875000000000000e+02,-1.968750000000000000e+02,-2.696250000000000000e+02
-1.921875000000000000e+02,-1.964843750000000000e+02,-2.727500000000000000e+02
-1.925781250000000000e+02,-1.960937500000000000e+02,-2.727500000000000000e+02
-1.921875000000000000e+02,-1.960937500000000000e+02,-2.721250000000000000e+02
-1.921875000000000000e+02,-1.960937500000000000e+02,-2.696250000000000000e+02
-1.921875000000000000e+02,-1.953125000000000000e+02,-2.721250000000000000e+02
-1.921875000000000000e+02,-1.953125000000000000e+02,-2.696250000000000000e+02
-1.921875000000000000e+02,-1.945312500000000000e+02,-2.721250000000000000e+02
-1.921875000000000000e+02,-1.945312500000000000e+02,-2.696250000000000000e+02
-1.921875000000000000e+02,-1.941406250000000000e+02,-2.715000000000000000e+02
-1.921875000000000000e+02,-1.941406250000000000e+02,-2.702500000000000000e+02
-1.917968750000000000e+02,-1.984375000000000000e+02,-2.727500000000000000e+02
-1.917968750000000000e+02,-1.976562500000000000e+02,-2.715000000000000000e+02
-1.917968750000000000e+02,-1.976562500000000000e+02,-2.727500000000000000e+02
-1.917968750000000000e+02,-1.976562500000000000e+02,-2.702500000000000000e+02
-1.914062500000000000e+02,-1.968750000000000000e+02,-2.721250000000000000e+02
-1.914062500000000000e+02,-1.972656250000000000e+02,-2.715000000000000000e+02
-1.917968750000000000e+02,-1.968750000000000000e+02,-2.727500000000000000e+02
-1.914062500000000000e+02,-1.968750000000000000e+02,-2.708750000000000000e+02
-1.917968750000000000e+02,-1.968750000000000000e+02,-2.702500000000000000e+02
-1.914062500000000000e+02,-1.960937500000000000e+02,-2.721250000000000000e+02
-1.917968750000000000e+02,-1.960937500000000000e+02,-2.702500000000000000e+02
-1.914062500000000000e+02,-1.960937500000000000e+02,-2.708750000000000000e+02
-1.914062500000000000e+02,-1.953125000000000000e+02,-2.721250000000000000e+02
-1.917968750000000000e+02,-1.953125000000000000e+02,-2.702500000000000000e+02
-1.914062500000000000e+02,-1.953125000000000000e+02,-2.708750000000000000e+02
-1.914062500000000000e+02,-1.949218750000000000e+02,-2.715000000000000000e+02
-1.917968750000000000e+02,-1.945312500000000000e+02,-2.715000000000000000e+02
-1.917968750000000000e+02,-1.945312500000000000e+02,-2.702500000000000000e+02
-1.910156250000000000e+02,-1.968750000000000000e+02,-2.715000000000000000e+02
-1.910156250000000000e+02,-1.960937500000000000e+02,-2.715000000000000000e+02
-1.910156250000000000e+02,-1.953125000000000000e+02,-2.715000000000000000e+02
