-1.983281250000000000e+02,-1.960937500000000000e+02,-3.970000000000000000e+02
-1.979375000000000000e+02,-1.960937500000000000e+02,-3.982500000000000000e+02
-1.979375000000000000e+02,-1.964843750000000000e+02,-3.970000000000000000e+02
-1.979375000000000000e+02,-1.960937500000000000e+02,-3.957500000000000000e+02
-1.983281250000000000e+02,-1.953125000000000000e+02,-3.970000000000000000e+02
-1.979375000000000000e+02,-1.953125000000000000e+02,-3.982500000000000000e+02
-1.979375000000000000e+02,-1.953125000000000000e+02,-3.957500000000000000e+02
-1.983281250000000000e+02,-1.945312500000000000e+02,-3.970000000000000000e+02
-1.979375000000000000e+02,-1.945312500000000000e+02,-3.982500000000000000e+02
-1.979375000000000000e+02,-1.945312500000000000e+02,-3.957500000000000000e+02
-1.979375000000000000e+02,-1.941406250000000000e+02,-3.970000000000000000e+02
-1.983281250000000000e+02,-1.906250000000000000e+02,-3.920000000000000000e+02
-1.979375000000000000e+02,-1.906250000000000000e+02,-3.932500000000000000e+02
-1.979375000000000000e+02,-1.910156250000000000e+02,-3.920000000000000000e+02
-1.979375000000000000e+02,-1.906250000000000000e+02,-3.907500000000000000e+02
-1.979375000000000000e+02,-1.902343750000000000e+02,-3.920000000000000000e+02
-1.975468750000000000e+02,-1.968750000000000000e+02,-3.970000000000000000e+02
-1.971562500000000000e+02,-1.968750000000000000e+02,-3.982500000000000000e+02
-1.971562500000000000e+02,-1.972656250000000000e+02,-3.970000000000000000e+02
-1.971562500000000000e+02,-1.968750000000000000e+02,-3.957500000000000000e+02
-1.971562500000000000e+02,-1.960937500000000000e+02,-3.982500000000000000e+02
-1.971562500000000000e+02,-1.960937500000000000e+02,-3.957500000000000000e+02
-1.971562500000000000e+02,-1.953125000000000000e+02,-3.982500000000000000e+02
-1.971562500000000000e+02,-1.953125000000000000e+02,-3.957500000000000000e+02
-1.971562500000000000e+02,-1.945312500000000000e+02,-3.982500000000000000e+02
-1.971562500000000000e+02,-1.945312500000000000e+02,-3.957500000000000000e+02
-1.975468750000000000e+02,-1.937500000000000000e+02,-3.970000000000000000e+02
-1.971562500000000000e+02,-1.937500000000000000e+02,-3.982500000000000000e+02
-1.971562500000000000e+02,-1.937500000000000000e+02,-3.957500000000000000e+02
-1.971562500000000000e+02,-1.933593750000000000e+02,-3.970000000000000000e+02
-1.975468750000000000e+02,-1.914062500000000000e+02,-3.920000000000000000e+02
-1.971562500000000000e+02,-1.914062500000000000e+02,-3.932500000000000000e+02
-1.971562500000000000e+02,-1.917968750000000000e+02,-3.920000000000000000e+02
-1.971562500000000000e+02,-1.914062500000000000e+02,-3.907500000000000000e+02
-1.971562500000000000e+02,-1.906250000000000000e+02,-3.932500000000000000e+02
-1.971562500000000000e+02,-1.906250000000000000e+02,-3.907500000000000000e+02
-1.971562500000000000e+02,-1.902343750000000000e+02,-3.920000000000000000e+02
-1.963750000000000000e+02,-1.968750000000000000e+02,-3.982500000000000000e+02
-1.963750000000000000e+02,-1.972656250000000000e+02,-3.970000000000000000e+02
-1.963750000000000000e+02,-1.968750000000000000e+02,-3.957500000000000000e+02
-1.963750000000000000e+02,-1.960937500000000000e+02,-3.982500000000000000e+02
-1.963750000000000000e+02,-1.960937500000000000e+02,-3.957500000000000000e+02
-1.963750000000000000e+02,-1.953125000000000000e+02,-3.982500000000000000e+02
-1.963750000000000000e+02,-1.957031250000000000e+02,-3.945000000000000000e+02
-1.967656250000000000e+02,-1.953125000000000000e+02,-3.945000000000000000e+02
-1.963750000000000000e+02,-1.957031250000000000e+02,-3.920000000000000000e+02
-1.967656250000000000e+02,-1.953125000000000000e+02,-3.920000000000000000e+02
-1.963750000000000000e+02,-1.953125000000000000e+02,-3.907500000000000000e+02
-1.963750000000000000e+02,-1.945312500000000000e+02,-3.982500000000000000e+02
-1.967656250000000000e+02,-1.945312500000000000e+02,-3.945000000000000000e+02
-1.967656250000000000e+02,-1.945312500000000000e+02,-3.920000000000000000e+02
-1.963750000000000000e+02,-1.945312500000000000e+02,-3.907500000000000000e+02
-1.963750000000000000e+02,-1.937500000000000000e+02,-3.982500000000000000e+02
-1.963750000000000000e+02,-1.941406250000000000e+02,-3.945000000000000000e+02
-1.963750000000000000e+02,-1.937500000000000000e+02,-3.957500000000000000e+02
-1.967656250000000000e+02,-1.937500000000000000e+02,-3.920000000000000000e+02
-1.963750000000000000e+02,-1.937500000000000000e+02,-3.932500000000000000e+02
-1.963750000000000000e+02,-1.937500000000000000e+02,-3.907500000000000000e+02
-1.963750000000000000e+02,-1.933593750000000000e+02,-3.970000000000000000e+02
-1.963750000000000000e+02,-1.933593750000000000e+02,-3.920000000000000000e+02
-1.963750000000000000e+02,-1.929687500000000000e+02,-3.907500000000000000e+02
-1.967656250000000000e+02,-1.929687500000000000e+02,-3.895000000000000000e+02
-1.963750000000000000e+02,-1.933593750000000000e+02,-3.895000000000000000e+02
-1.963750000000000000e+02,-1.929687500000000000e+02,-3.882500000000000000e+02
-1.967656250000000000e+02,-1.921875000000000000e+02,-3.945000000000000000e+02
-1.963750000000000000e+02,-1.921875000000000000e+02,-3.957500000000000000e+02
-1.963750000000000000e+02,-1.925781250000000000e+02,-3.945000000000000000e+02
-1.963750000000000000e+02,-1.925781250000000000e+02,-3.920000000000000000e+02
-1.967656250000000000e+02,-1.921875000000000000e+02,-3.920000000000000000e+02
-1.967656250000000000e+02,-1.921875000000000000e+02,-3.895000000000000000e+02
-1.963750000000000000e+02,-1.921875000000000000e+02,-3.882500000000000000e+02
-1.963750000000000000e+02,-1.917968750000000000e+02,-3.945000000000000000e+02
-1.963750000000000000e+02,-1.914062500000000000e+02,-3.932500000000000000e+02
-1.963750000000000000e+02,-1.917968750000000000e+02,-3.895000000000000000e+02
-1.963750000000000000e+02,-1.914062500000000000e+02,-3.907500000000000000e+02
-1.963750000000000000e+02,-1.910156250000000000e+02,-3.920000000000000000e+02
-1.967656250000000000e+02,-1.906250000000000000e+02,-3.920000000000000000e+02
-1.955937500000000000e+02,-1.968750000000000000e+02,-3.982500000000000000e+02
-1.955937500000000000e+02,-1.972656250000000000e+02,-3.970000000000000000e+02
-1.955937500000000000e+02,-1.968750000000000000e+02,-3.957500000000000000e+02
-1.955937500000000000e+02,-1.960937500000000000e+02,-3.982500000000000000e+02
-1.955937500000000000e+02,-1.960937500000000000e+02,-3.957500000000000000e+02
-1.955937500000000000e+02,-1.953125000000000000e+02,-3.982500000000000000e+02
-1.955937500000000000e+02,-1.957031250000000000e+02,-3.945000000000000000e+02
-1.955937500000000000e+02,-1.957031250000000000e+02,-3.920000000000000000e+02
-1.955937500000000000e+02,-1.953125000000000000e+02,-3.907500000000000000e+02
-1.955937500000000000e+02,-1.945312500000000000e+02,-3.982500000000000000e+02
-1.955937500000000000e+02,-1.945312500000000000e+02,-3.907500000000000000e+02
-1.955937500000000000e+02,-1.937500000000000000e+02,-3.982500000000000000e+02
-1.959843750000000000e+02,-1.937500000000000000e+02,-3.945000000000000000e+02
-1.955937500000000000e+02,-1.941406250000000000e+02,-3.895000000000000000e+02
-1.959843750000000000e+02,-1.937500000000000000e+02,-3.895000000000000000e+02
-1.955937500000000000e+02,-1.937500000000000000e+02,-3.882500000000000000e+02
-1.959843750000000000e+02,-1.929687500000000000e+02,-3.970000000000000000e+02
-1.955937500000000000e+02,-1.929687500000000000e+02,-3.982500000000000000e+02
-1.959843750000000000e+02,-1.929687500000000000e+02,-3.945000000000000000e+02
-1.959843750000000000e+02,-1.929687500000000000e+02,-3.920000000000000000e+02
-1.955937500000000000e+02,-1.929687500000000000e+02,-3.882500000000000000e+02
-1.955937500000000000e+02,-1.925781250000000000e+02,-3.970000000000000000e+02
-1.955937500000000000e+02,-1.921875000000000000e+02,-3.957500000000000000e+02
-1.955937500000000000e+02,-1.921875000000000000e+02,-3.882500000000000000e+02
-1.959843750000000000e+02,-1.914062500000000000e+02,-3.945000000000000000e+02
-1.955937500000000000e+02,-1.914062500000000000e+02,-3.957500000000000000e+02
-1.955937500000000000e+02,-1.917968750000000000e+02,-3.895000000000000000e+02
-1.955937500000000000e+02,-1.914062500000000000e+02,-3.907500000000000000e+02
-1.955937500000000000e+02,-1.910156250000000000e+02,-3.995000000000000000e+02
-1.955937500000000000e+02,-1.906250000000000000e+02,-3.982500000000000000e+02
-1.959843750000000000e+02,-1.906250000000000000e+02,-3.995000000000000000e+02
-1.959843750000000000e+02,-1.906250000000000000e+02,-3.945000000000000000e+02
-1.955937500000000000e+02,-1.906250000000000000e+02,-3.957500000000000000e+02
-1.959843750000000000e+02,-1.906250000000000000e+02,-3.920000000000000000e+02
-1.955937500000000000e+02,-1.906250000000000000e+02,-3.907500000000000000e+02
-1.955937500000000000e+02,-1.898437500000000000e+02,-3.982500000000000000e+02
-1.959843750000000000e+02,-1.898437500000000000e+02,-3.995000000000000000e+02
-1.955937500000000000e+02,-1.902343750000000000e+02,-3.945000000000000000e+02
-1.955937500000000000e+02,-1.902343750000000000e+02,-3.920000000000000000e+02
-1.955937500000000000e+02,-1.894531250000000000e+02,-3.995000000000000000e+02
-1.952031250000000000e+02,-1.992187500000000000e+02,-3.945000000000000000e+02
-1.948125000000000000e+02,-1.992187500000000000e+02,-3.957500000000000000e+02
-1.948125000000000000e+02,-1.996093750000000000e+02,-3.945000000000000000e+02
-1.948125000000000000e+02,-1.992187500000000000e+02,-3.932500000000000000e+02
-1.952031250000000000e+02,-1.984375000000000000e+02,-3.945000000000000000e+02
-1.948125000000000000e+02,-1.984375000000000000e+02,-3.957500000000000000e+02
-1.948125000000000000e+02,-1.984375000000000000e+02,-3.932500000000000000e+02
-1.952031250000000000e+02,-1.976562500000000000e+02,-3.970000000000000000e+02
-1.948125000000000000e+02,-1.976562500000000000e+02,-3.982500000000000000e+02
-1.948125000000000000e+02,-1.980468750000000000e+02,-3.970000000000000000e+02
-1.948125000000000000e+02,-1.980468750000000000e+02,-3.945000000000000000e+02
-1.948125000000000000e+02,-1.976562500000000000e+02,-3.957500000000000000e+02
-1.948125000000000000e+02,-1.968750000000000000e+02,-3.982500000000000000e+02
-1.948125000000000000e+02,-1.968750000000000000e+02,-3.957500000000000000e+02
-1.948125000000000000e+02,-1.960937500000000000e+02,-3.982500000000000000e+02
-1.948125000000000000e+02,-1.960937500000000000e+02,-3.957500000000000000e+02
-1.948125000000000000e+02,-1.953125000000000000e+02,-3.982500000000000000e+02
-1.948125000000000000e+02,-1.957031250000000000e+02,-3.945000000000000000e+02
-1.948125000000000000e+02,-1.957031250000000000e+02,-3.920000000000000000e+02
-1.948125000000000000e+02,-1.953125000000000000e+02,-3.907500000000000000e+02
-1.948125000000000000e+02,-1.945312500000000000e+02,-3.982500000000000000e+02
-1.948125000000000000e+02,-1.945312500000000000e+02,-3.907500000000000000e+02
-1.948125000000000000e+02,-1.937500000000000000e+02,-3.982500000000000000e+02
-1.948125000000000000e+02,-1.941406250000000000e+02,-3.895000000000000000e+02
-1.948125000000000000e+02,-1.937500000000000000e+02,-3.882500000000000000e+02
-1.948125000000000000e+02,-1.929687500000000000e+02,-3.982500000000000000e+02
-1.948125000000000000e+02,-1.929687500000000000e+02,-3.882500000000000000e+02
-1.948125000000000000e+02,-1.925781250000000000e+02,-3.970000000000000000e+02
-1.948125000000000000e+02,-1.921875000000000000e+02,-3.957500000000000000e+02
-1.948125000000000000e+02,-1.921875000000000000e+02,-3.882500000000000000e+02
-1.948125000000000000e+02,-1.917968750000000000e+02,-3.995000000000000000e+02
-1.948125000000000000e+02,-1.914062500000000000e+02,-3.982500000000000000e+02
-1.952031250000000000e+02,-1.914062500000000000e+02,-3.995000000000000000e+02
-1.948125000000000000e+02,-1.914062500000000000e+02,-3.957500000000000000e+02
-1.952031250000000000e+02,-1.914062500000000000e+02,-3.895000000000000000e+02
-1.948125000000000000e+02,-1.914062500000000000e+02,-3.882500000000000000e+02
-1.948125000000000000e+02,-1.906250000000000000e+02,-3.982500000000000000e+02
-1.948125000000000000e+02,-1.906250000000000000e+02,-3.957500000000000000e+02
-1.948125000000000000e+02,-1.910156250000000000e+02,-3.895000000000000000e+02
-1.948125000000000000e+02,-1.906250000000000000e+02,-3.907500000000000000e+02
-1.948125000000000000e+02,-1.898437500000000000e+02,-3.982500000000000000e+02
-1.948125000000000000e+02,-1.902343750000000000e+02,-3.945000000000000000e+02
-1.952031250000000000e+02,-1.898437500000000000e+02,-3.920000000000000000e+02
-1.948125000000000000e+02,-1.898437500000000000e+02,-3.932500000000000000e+02
-1.948125000000000000e+02,-1.898437500000000000e+02,-3.907500000000000000e+02
-1.948125000000000000e+02,-1.890625000000000000e+02,-3.982500000000000000e+02
-1.952031250000000000e+02,-1.890625000000000000e+02,-3.995000000000000000e+02
-1.952031250000000000e+02,-1.890625000000000000e+02,-3.920000000000000000e+02
-1.948125000000000000e+02,-1.890625000000000000e+02,-3.932500000000000000e+02
-1.948125000000000000e+02,-1.890625000000000000e+02,-3.907500000000000000e+02
-1.948125000000000000e+02,-1.886718750000000000e+02,-3.995000000000000000e+02
-1.948125000000000000e+02,-1.886718750000000000e+02,-3.920000000000000000e+02
-1.944218750000000000e+02,-1.992187500000000000e+02,-3.945000000000000000e+02
-1.940312500000000000e+02,-1.984375000000000000e+02,-3.957500000000000000e+02
-1.940312500000000000e+02,-1.988281250000000000e+02,-3.945000000000000000e+02
-1.940312500000000000e+02,-1.984375000000000000e+02,-3.932500000000000000e+02
-1.940312500000000000e+02,-1.976562500000000000e+02,-3.982500000000000000e+02
-1.940312500000000000e+02,-1.980468750000000000e+02,-3.970000000000000000e+02
-1.944218750000000000e+02,-1.980468750000000000e+02,-3.957500000000000000e+02
-1.944218750000000000e+02,-1.976562500000000000e+02,-3.945000000000000000e+02
-1.940312500000000000e+02,-1.976562500000000000e+02,-3.932500000000000000e+02
-1.940312500000000000e+02,-1.968750000000000000e+02,-3.982500000000000000e+02
-1.944218750000000000e+02,-1.968750000000000000e+02,-3.945000000000000000e+02
-1.940312500000000000e+02,-1.972656250000000000e+02,-3.920000000000000000e+02
-1.944218750000000000e+02,-1.968750000000000000e+02,-3.920000000000000000e+02
-1.940312500000000000e+02,-1.968750000000000000e+02,-3.907500000000000000e+02
-1.940312500000000000e+02,-1.960937500000000000e+02,-3.982500000000000000e+02
-1.944218750000000000e+02,-1.960937500000000000e+02,-3.945000000000000000e+02
-1.940312500000000000e+02,-1.960937500000000000e+02,-3.932500000000000000e+02
-1.940312500000000000e+02,-1.964843750000000000e+02,-3.920000000000000000e+02
-1.940312500000000000e+02,-1.960937500000000000e+02,-3.907500000000000000e+02
-1.944218750000000000e+02,-1.960937500000000000e+02,-3.895000000000000000e+02
-1.940312500000000000e+02,-1.964843750000000000e+02,-3.895000000000000000e+02
-1.940312500000000000e+02,-1.960937500000000000e+02,-3.882500000000000000e+02
-1.940312500000000000e+02,-1.953125000000000000e+02,-3.982500000000000000e+02
-1.940312500000000000e+02,-1.957031250000000000e+02,-3.920000000000000000e+02
-1.940312500000000000e+02,-1.957031250000000000e+02,-3.895000000000000000e+02
-1.940312500000000000e+02,-1.953125000000000000e+02,-3.907500000000000000e+02
-1.940312500000000000e+02,-1.945312500000000000e+02,-3.982500000000000000e+02
-1.940312500000000000e+02,-1.949218750000000000e+02,-3.895000000000000000e+02
-1.944218750000000000e+02,-1.945312500000000000e+02,-3.895000000000000000e+02
-1.940312500000000000e+02,-1.945312500000000000e+02,-3.882500000000000000e+02
-1.940312500000000000e+02,-1.937500000000000000e+02,-3.982500000000000000e+02
-1.940312500000000000e+02,-1.941406250000000000e+02,-3.870000000000000000e+02
-1.944218750000000000e+02,-1.937500000000000000e+02,-3.870000000000000000e+02
-1.940312500000000000e+02,-1.929687500000000000e+02,-3.982500000000000000e+02
-1.944218750000000000e+02,-1.929687500000000000e+02,-3.870000000000000000e+02
-1.944218750000000000e+02,-1.921875000000000000e+02,-3.970000000000000000e+02
-1.940312500000000000e+02,-1.921875000000000000e+02,-3.982500000000000000e+02
-1.940312500000000000e+02,-1.925781250000000000e+02,-3.870000000000000000e+02
-1.940312500000000000e+02,-1.921875000000000000e+02,-3.882500000000000000e+02
-1.940312500000000000e+02,-1.917968750000000000e+02,-3.995000000000000000e+02
-1.940312500000000000e+02,-1.917968750000000000e+02,-3.970000000000000000e+02
-1.940312500000000000e+02,-1.914062500000000000e+02,-3.982500000000000000e+02
-1.940312500000000000e+02,-1.914062500000000000e+02,-3.957500000000000000e+02
-1.940312500000000000e+02,-1.914062500000000000e+02,-3.882500000000000000e+02
-1.940312500000000000e+02,-1.906250000000000000e+02,-3.982500000000000000e+02
-1.940312500000000000e+02,-1.906250000000000000e+02,-3.957500000000000000e+02
-1.944218750000000000e+02,-1.906250000000000000e+02,-3.895000000000000000e+02
-1.940312500000000000e+02,-1.906250000000000000e+02,-3.882500000000000000e+02
-1.940312500000000000e+02,-1.898437500000000000e+02,-3.982500000000000000e+02
-1.940312500000000000e+02,-1.902343750000000000e+02,-3.945000000000000000e+02
-1.940312500000000000e+02,-1.898437500000000000e+02,-3.932500000000000000e+02
-1.944218750000000000e+02,-1.898437500000000000e+02,-3.895000000000000000e+02
-1.940312500000000000e+02,-1.898437500000000000e+02,-3.882500000000000000e+02
-1.940312500000000000e+02,-1.890625000000000000e+02,-3.982500000000000000e+02
-1.940312500000000000e+02,-1.890625000000000000e+02,-3.932500000000000000e+02
-1.940312500000000000e+02,-1.894531250000000000e+02,-3.895000000000000000e+02
-1.940312500000000000e+02,-1.890625000000000000e+02,-3.907500000000000000e+02
-1.940312500000000000e+02,-1.886718750000000000e+02,-3.995000000000000000e+02
-1.940312500000000000e+02,-1.886718750000000000e+02,-3.920000000000000000e+02
-1.936406250000000000e+02,-1.984375000000000000e+02,-3.945000000000000000e+02
-1.932500000000000000e+02,-1.976562500000000000e+02,-3.982500000000000000e+02
-1.932500000000000000e+02,-1.980468750000000000e+02,-3.970000000000000000e+02
-1.932500000000000000e+02,-1.980468750000000000e+02,-3.945000000000000000e+02
-1.932500000000000000e+02,-1.976562500000000000e+02,-3.932500000000000000e+02
-1.932500000000000000e+02,-1.968750000000000000e+02,-3.982500000000000000e+02
-1.932500000000000000e+02,-1.972656250000000000e+02,-3.920000000000000000e+02
-1.932500000000000000e+02,-1.968750000000000000e+02,-3.907500000000000000e+02
-1.932500000000000000e+02,-1.960937500000000000e+02,-3.982500000000000000e+02
-1.936406250000000000e+02,-1.960937500000000000e+02,-3.920000000000000000e+02
-1.936406250000000000e+02,-1.960937500000000000e+02,-3.895000000000000000e+02
-1.932500000000000000e+02,-1.960937500000000000e+02,-3.907500000000000000e+02
-1.932500000000000000e+02,-1.953125000000000000e+02,-3.982500000000000000e+02
-1.932500000000000000e+02,-1.957031250000000000e+02,-3.895000000000000000e+02
-1.936406250000000000e+02,-1.953125000000000000e+02,-3.895000000000000000e+02
-1.932500000000000000e+02,-1.953125000000000000e+02,-3.882500000000000000e+02
-1.932500000000000000e+02,-1.945312500000000000e+02,-3.982500000000000000e+02
-1.932500000000000000e+02,-1.949218750000000000e+02,-3.870000000000000000e+02
-1.936406250000000000e+02,-1.945312500000000000e+02,-3.870000000000000000e+02
-1.932500000000000000e+02,-1.937500000000000000e+02,-3.982500000000000000e+02
-1.932500000000000000e+02,-1.929687500000000000e+02,-3.982500000000000000e+02
-1.932500000000000000e+02,-1.921875000000000000e+02,-3.982500000000000000e+02
-1.936406250000000000e+02,-1.921875000000000000e+02,-3.870000000000000000e+02
-1.936406250000000000e+02,-1.917968750000000000e+02,-3.982500000000000000e+02
-1.936406250000000000e+02,-1.914062500000000000e+02,-3.970000000000000000e+02
-1.932500000000000000e+02,-1.917968750000000000e+02,-3.995000000000000000e+02
-1.936406250000000000e+02,-1.914062500000000000e+02,-3.870000000000000000e+02
-1.932500000000000000e+02,-1.910156250000000000e+02,-3.970000000000000000e+02
-1.932500000000000000e+02,-1.906250000000000000e+02,-3.982500000000000000e+02
-1.932500000000000000e+02,-1.906250000000000000e+02,-3.957500000000000000e+02
-1.936406250000000000e+02,-1.906250000000000000e+02,-3.870000000000000000e+02
-1.932500000000000000e+02,-1.898437500000000000e+02,-3.982500000000000000e+02
-1.932500000000000000e+02,-1.902343750000000000e+02,-3.945000000000000000e+02
-1.932500000000000000e+02,-1.898437500000000000e+02,-3.932500000000000000e+02
-1.932500000000000000e+02,-1.902343750000000000e+02,-3.870000000000000000e+02
-1.932500000000000000e+02,-1.898437500000000000e+02,-3.882500000000000000e+02
-1.932500000000000000e+02,-1.890625000000000000e+02,-3.982500000000000000e+02
-1.932500000000000000e+02,-1.890625000000000000e+02,-3.932500000000000000e+02
-1.932500000000000000e+02,-1.894531250000000000e+02,-3.895000000000000000e+02
-1.932500000000000000e+02,-1.890625000000000000e+02,-3.907500000000000000e+02
-1.932500000000000000e+02,-1.882812500000000000e+02,-3.982500000000000000e+02
-1.936406250000000000e+02,-1.882812500000000000e+02,-3.995000000000000000e+02
-1.932500000000000000e+02,-1.886718750000000000e+02,-3.920000000000000000e+02
-1.932500000000000000e+02,-1.878906250000000000e+02,-3.995000000000000000e+02
-1.924687500000000000e+02,-1.976562500000000000e+02,-3.982500000000000000e+02
-1.924687500000000000e+02,-1.980468750000000000e+02,-3.970000000000000000e+02
-1.924687500000000000e+02,-1.980468750000000000e+02,-3.945000000000000000e+02
-1.924687500000000000e+02,-1.976562500000000000e+02,-3.932500000000000000e+02
-1.924687500000000000e+02,-1.968750000000000000e+02,-3.982500000000000000e+02
-1.924687500000000000e+02,-1.972656250000000000e+02,-3.920000000000000000e+02
-1.924687500000000000e+02,-1.968750000000000000e+02,-3.907500000000000000e+02
-1.924687500000000000e+02,-1.960937500000000000e+02,-3.982500000000000000e+02
-1.924687500000000000e+02,-1.960937500000000000e+02,-3.907500000000000000e+02
-1.924687500000000000e+02,-1.953125000000000000e+02,-3.982500000000000000e+02
-1.928593750000000000e+02,-1.953125000000000000e+02,-3.895000000000000000e+02
-1.924687500000000000e+02,-1.953125000000000000e+02,-3.907500000000000000e+02
-1.924687500000000000e+02,-1.945312500000000000e+02,-3.982500000000000000e+02
-1.924687500000000000e+02,-1.949218750000000000e+02,-3.895000000000000000e+02
-1.928593750000000000e+02,-1.945312500000000000e+02,-3.870000000000000000e+02
-1.924687500000000000e+02,-1.945312500000000000e+02,-3.882500000000000000e+02
-1.924687500000000000e+02,-1.937500000000000000e+02,-3.982500000000000000e+02
-1.924687500000000000e+02,-1.941406250000000000e+02,-3.870000000000000000e+02
-1.924687500000000000e+02,-1.929687500000000000e+02,-3.982500000000000000e+02
-1.924687500000000000e+02,-1.921875000000000000e+02,-3.982500000000000000e+02
-1.924687500000000000e+02,-1.917968750000000000e+02,-3.995000000000000000e+02
-1.928593750000000000e+02,-1.906250000000000000e+02,-3.970000000000000000e+02
-1.924687500000000000e+02,-1.902343750000000000e+02,-3.970000000000000000e+02
-1.924687500000000000e+02,-1.898437500000000000e+02,-3.982500000000000000e+02
-1.924687500000000000e+02,-1.902343750000000000e+02,-3.945000000000000000e+02
-1.924687500000000000e+02,-1.898437500000000000e+02,-3.932500000000000000e+02
-1.924687500000000000e+02,-1.902343750000000000e+02,-3.870000000000000000e+02
-1.924687500000000000e+02,-1.898437500000000000e+02,-3.882500000000000000e+02
-1.924687500000000000e+02,-1.890625000000000000e+02,-3.982500000000000000e+02
-1.924687500000000000e+02,-1.890625000000000000e+02,-3.932500000000000000e+02
-1.928593750000000000e+02,-1.890625000000000000e+02,-3.895000000000000000e+02
-1.924687500000000000e+02,-1.890625000000000000e+02,-3.882500000000000000e+02
-1.924687500000000000e+02,-1.882812500000000000e+02,-3.982500000000000000e+02
-1.924687500000000000e+02,-1.886718750000000000e+02,-3.920000000000000000e+02
-1.924687500000000000e+02,-1.886718750000000000e+02,-3.895000000000000000e+02
-1.924687500000000000e+02,-1.878906250000000000e+02,-3.995000000000000000e+02
-1.916875000000000000e+02,-1.976562500000000000e+02,-3.982500000000000000e+02
-1.916875000000000000e+02,-1.980468750000000000e+02,-3.970000000000000000e+02
-1.920781250000000000e+02,-1.976562500000000000e+02,-3.945000000000000000e+02
-1.916875000000000000e+02,-1.976562500000000000e+02,-3.957500000000000000e+02
-1.916875000000000000e+02,-1.968750000000000000e+02,-3.982500000000000000e+02
-1.916875000000000000e+02,-1.972656250000000000e+02,-3.945000000000000000e+02
-1.916875000000000000e+02,-1.972656250000000000e+02,-3.920000000000000000e+02
-1.916875000000000000e+02,-1.968750000000000000e+02,-3.907500000000000000e+02
-1.916875000000000000e+02,-1.960937500000000000e+02,-3.982500000000000000e+02
-1.916875000000000000e+02,-1.960937500000000000e+02,-3.907500000000000000e+02
-1.916875000000000000e+02,-1.953125000000000000e+02,-3.982500000000000000e+02
-1.916875000000000000e+02,-1.957031250000000000e+02,-3.895000000000000000e+02
-1.920781250000000000e+02,-1.953125000000000000e+02,-3.895000000000000000e+02
-1.916875000000000000e+02,-1.953125000000000000e+02,-3.882500000000000000e+02
-1.916875000000000000e+02,-1.945312500000000000e+02,-3.982500000000000000e+02
-1.916875000000000000e+02,-1.945312500000000000e+02,-3.882500000000000000e+02
-1.916875000000000000e+02,-1.937500000000000000e+02,-3.982500000000000000e+02
-1.920781250000000000e+02,-1.937500000000000000e+02,-3.870000000000000000e+02
-1.916875000000000000e+02,-1.937500000000000000e+02,-3.882500000000000000e+02
-1.916875000000000000e+02,-1.929687500000000000e+02,-3.982500000000000000e+02
-1.916875000000000000e+02,-1.933593750000000000e+02,-3.870000000000000000e+02
-1.916875000000000000e+02,-1.921875000000000000e+02,-3.982500000000000000e+02
-1.916875000000000000e+02,-1.917968750000000000e+02,-3.995000000000000000e+02
-1.916875000000000000e+02,-1.902343750000000000e+02,-3.970000000000000000e+02
-1.916875000000000000e+02,-1.898437500000000000e+02,-3.982500000000000000e+02
-1.920781250000000000e+02,-1.898437500000000000e+02,-3.945000000000000000e+02
-1.916875000000000000e+02,-1.898437500000000000e+02,-3.957500000000000000e+02
-1.920781250000000000e+02,-1.898437500000000000e+02,-3.870000000000000000e+02
-1.916875000000000000e+02,-1.890625000000000000e+02,-3.982500000000000000e+02
-1.916875000000000000e+02,-1.894531250000000000e+02,-3.945000000000000000e+02
-1.916875000000000000e+02,-1.890625000000000000e+02,-3.932500000000000000e+02
-1.916875000000000000e+02,-1.894531250000000000e+02,-3.870000000000000000e+02
-1.916875000000000000e+02,-1.890625000000000000e+02,-3.882500000000000000e+02
-1.916875000000000000e+02,-1.882812500000000000e+02,-3.982500000000000000e+02
-1.920781250000000000e+02,-1.882812500000000000e+02,-3.920000000000000000e+02
-1.916875000000000000e+02,-1.882812500000000000e+02,-3.932500000000000000e+02
-1.920781250000000000e+02,-1.882812500000000000e+02,-3.895000000000000000e+02
-1.916875000000000000e+02,-1.882812500000000000e+02,-3.882500000000000000e+02
-1.916875000000000000e+02,-1.878906250000000000e+02,-3.995000000000000000e+02
-1.916875000000000000e+02,-1.878906250000000000e+02,-3.920000000000000000e+02
-1.920781250000000000e+02,-1.875000000000000000e+02,-3.895000000000000000e+02
-1.916875000000000000e+02,-1.875000000000000000e+02,-3.907500000000000000e+02
-1.916875000000000000e+02,-1.875000000000000000e+02,-3.882500000000000000e+02
-1.916875000000000000e+02,-1.871093750000000000e+02,-3.895000000000000000e+02
-1.912968750000000000e+02,-1.984375000000000000e+02,-3.920000000000000000e+02
-1.909062500000000000e+02,-1.984375000000000000e+02,-3.932500000000000000e+02
-1.909062500000000000e+02,-1.988281250000000000e+02,-3.920000000000000000e+02
-1.909062500000000000e+02,-1.984375000000000000e+02,-3.907500000000000000e+02
-1.909062500000000000e+02,-1.976562500000000000e+02,-3.982500000000000000e+02
-1.909062500000000000e+02,-1.980468750000000000e+02,-3.970000000000000000e+02
-1.909062500000000000e+02,-1.976562500000000000e+02,-3.957500000000000000e+02
-1.912968750000000000e+02,-1.976562500000000000e+02,-3.920000000000000000e+02
-1.909062500000000000e+02,-1.976562500000000000e+02,-3.932500000000000000e+02
-1.909062500000000000e+02,-1.976562500000000000e+02,-3.907500000000000000e+02
-1.909062500000000000e+02,-1.968750000000000000e+02,-3.982500000000000000e+02
-1.909062500000000000e+02,-1.972656250000000000e+02,-3.945000000000000000e+02
-1.909062500000000000e+02,-1.968750000000000000e+02,-3.907500000000000000e+02
-1.909062500000000000e+02,-1.960937500000000000e+02,-3.982500000000000000e+02
-1.909062500000000000e+02,-1.960937500000000000e+02,-3.907500000000000000e+02
-1.909062500000000000e+02,-1.957031250000000000e+02,-3.970000000000000000e+02
-1.912968750000000000e+02,-1.953125000000000000e+02,-3.970000000000000000e+02
-1.909062500000000000e+02,-1.953125000000000000e+02,-3.957500000000000000e+02
-1.909062500000000000e+02,-1.957031250000000000e+02,-3.895000000000000000e+02
-1.909062500000000000e+02,-1.953125000000000000e+02,-3.882500000000000000e+02
-1.912968750000000000e+02,-1.945312500000000000e+02,-3.970000000000000000e+02
-1.909062500000000000e+02,-1.945312500000000000e+02,-3.957500000000000000e+02
-1.909062500000000000e+02,-1.945312500000000000e+02,-3.882500000000000000e+02
-1.912968750000000000e+02,-1.937500000000000000e+02,-3.970000000000000000e+02
-1.909062500000000000e+02,-1.937500000000000000e+02,-3.957500000000000000e+02
-1.909062500000000000e+02,-1.941406250000000000e+02,-3.870000000000000000e+02
-1.912968750000000000e+02,-1.937500000000000000e+02,-3.870000000000000000e+02
-1.909062500000000000e+02,-1.929687500000000000e+02,-3.982500000000000000e+02
-1.909062500000000000e+02,-1.933593750000000000e+02,-3.970000000000000000e+02
-1.909062500000000000e+02,-1.921875000000000000e+02,-3.982500000000000000e+02
-1.909062500000000000e+02,-1.917968750000000000e+02,-3.995000000000000000e+02
-1.912968750000000000e+02,-1.898437500000000000e+02,-3.970000000000000000e+02
-1.912968750000000000e+02,-1.890625000000000000e+02,-3.970000000000000000e+02
-1.912968750000000000e+02,-1.890625000000000000e+02,-3.945000000000000000e+02
-1.912968750000000000e+02,-1.890625000000000000e+02,-3.870000000000000000e+02
-1.909062500000000000e+02,-1.886718750000000000e+02,-3.970000000000000000e+02
-1.909062500000000000e+02,-1.882812500000000000e+02,-3.982500000000000000e+02
-1.909062500000000000e+02,-1.886718750000000000e+02,-3.945000000000000000e+02
-1.909062500000000000e+02,-1.882812500000000000e+02,-3.932500000000000000e+02
-1.909062500000000000e+02,-1.886718750000000000e+02,-3.870000000000000000e+02
-1.909062500000000000e+02,-1.882812500000000000e+02,-3.882500000000000000e+02
-1.909062500000000000e+02,-1.878906250000000000e+02,-3.995000000000000000e+02
-1.912968750000000000e+02,-1.875000000000000000e+02,-3.920000000000000000e+02
-1.909062500000000000e+02,-1.875000000000000000e+02,-3.932500000000000000e+02
-1.909062500000000000e+02,-1.875000000000000000e+02,-3.882500000000000000e+02
-1.909062500000000000e+02,-1.871093750000000000e+02,-3.920000000000000000e+02
-1.909062500000000000e+02,-1.871093750000000000e+02,-3.895000000000000000e+02
-1.901250000000000000e+02,-1.984375000000000000e+02,-3.932500000000000000e+02
-1.901250000000000000e+02,-1.988281250000000000e+02,-3.920000000000000000e+02
-1.901250000000000000e+02,-1.984375000000000000e+02,-3.907500000000000000e+02
-1.905156250000000000e+02,-1.976562500000000000e+02,-3.970000000000000000e+02
-1.901250000000000000e+02,-1.976562500000000000e+02,-3.932500000000000000e+02
-1.901250000000000000e+02,-1.980468750000000000e+02,-3.895000000000000000e+02
-1.905156250000000000e+02,-1.976562500000000000e+02,-3.895000000000000000e+02
-1.901250000000000000e+02,-1.976562500000000000e+02,-3.882500000000000000e+02
-1.901250000000000000e+02,-1.968750000000000000e+02,-3.982500000000000000e+02
-1.901250000000000000e+02,-1.972656250000000000e+02,-3.970000000000000000e+02
-1.901250000000000000e+02,-1.972656250000000000e+02,-3.945000000000000000e+02
-1.905156250000000000e+02,-1.968750000000000000e+02,-3.895000000000000000e+02
-1.901250000000000000e+02,-1.968750000000000000e+02,-3.882500000000000000e+02
-1.901250000000000000e+02,-1.964843750000000000e+02,-3.970000000000000000e+02
-1.905156250000000000e+02,-1.960937500000000000e+02,-3.970000000000000000e+02
-1.901250000000000000e+02,-1.960937500000000000e+02,-3.957500000000000000e+02
-1.905156250000000000e+02,-1.960937500000000000e+02,-3.895000000000000000e+02
-1.901250000000000000e+02,-1.960937500000000000e+02,-3.882500000000000000e+02
-1.901250000000000000e+02,-1.953125000000000000e+02,-3.957500000000000000e+02
-1.901250000000000000e+02,-1.953125000000000000e+02,-3.882500000000000000e+02
-1.901250000000000000e+02,-1.945312500000000000e+02,-3.957500000000000000e+02
-1.901250000000000000e+02,-1.945312500000000000e+02,-3.882500000000000000e+02
-1.901250000000000000e+02,-1.937500000000000000e+02,-3.957500000000000000e+02
-1.901250000000000000e+02,-1.941406250000000000e+02,-3.870000000000000000e+02
-1.901250000000000000e+02,-1.929687500000000000e+02,-3.982500000000000000e+02
-1.901250000000000000e+02,-1.933593750000000000e+02,-3.970000000000000000e+02
-1.901250000000000000e+02,-1.921875000000000000e+02,-3.982500000000000000e+02
-1.901250000000000000e+02,-1.917968750000000000e+02,-3.995000000000000000e+02
-1.901250000000000000e+02,-1.886718750000000000e+02,-3.970000000000000000e+02
-1.901250000000000000e+02,-1.882812500000000000e+02,-3.982500000000000000e+02
-1.905156250000000000e+02,-1.882812500000000000e+02,-3.945000000000000000e+02
-1.901250000000000000e+02,-1.882812500000000000e+02,-3.957500000000000000e+02
-1.905156250000000000e+02,-1.882812500000000000e+02,-3.870000000000000000e+02
-1.901250000000000000e+02,-1.878906250000000000e+02,-3.995000000000000000e+02
-1.901250000000000000e+02,-1.878906250000000000e+02,-3.945000000000000000e+02
-1.901250000000000000e+02,-1.875000000000000000e+02,-3.932500000000000000e+02
-1.905156250000000000e+02,-1.875000000000000000e+02,-3.870000000000000000e+02
-1.905156250000000000e+02,-1.867187500000000000e+02,-3.920000000000000000e+02
-1.901250000000000000e+02,-1.867187500000000000e+02,-3.932500000000000000e+02
-1.901250000000000000e+02,-1.867187500000000000e+02,-3.907500000000000000e+02
-1.901250000000000000e+02,-1.871093750000000000e+02,-3.895000000000000000e+02
-1.901250000000000000e+02,-1.871093750000000000e+02,-3.870000000000000000e+02
-1.901250000000000000e+02,-1.863281250000000000e+02,-3.920000000000000000e+02
-1.897343750000000000e+02,-1.984375000000000000e+02,-3.920000000000000000e+02
-1.893437500000000000e+02,-1.976562500000000000e+02,-3.932500000000000000e+02
-1.893437500000000000e+02,-1.980468750000000000e+02,-3.920000000000000000e+02
-1.893437500000000000e+02,-1.980468750000000000e+02,-3.895000000000000000e+02
-1.893437500000000000e+02,-1.976562500000000000e+02,-3.882500000000000000e+02
-1.897343750000000000e+02,-1.968750000000000000e+02,-3.970000000000000000e+02
-1.893437500000000000e+02,-1.968750000000000000e+02,-3.957500000000000000e+02
-1.893437500000000000e+02,-1.972656250000000000e+02,-3.945000000000000000e+02
-1.893437500000000000e+02,-1.968750000000000000e+02,-3.882500000000000000e+02
-1.893437500000000000e+02,-1.960937500000000000e+02,-3.957500000000000000e+02
-1.893437500000000000e+02,-1.960937500000000000e+02,-3.882500000000000000e+02
-1.893437500000000000e+02,-1.953125000000000000e+02,-3.957500000000000000e+02
-1.893437500000000000e+02,-1.953125000000000000e+02,-3.882500000000000000e+02
-1.893437500000000000e+02,-1.945312500000000000e+02,-3.957500000000000000e+02
-1.893437500000000000e+02,-1.945312500000000000e+02,-3.882500000000000000e+02
-1.893437500000000000e+02,-1.937500000000000000e+02,-3.957500000000000000e+02
-1.893437500000000000e+02,-1.941406250000000000e+02,-3.870000000000000000e+02
-1.897343750000000000e+02,-1.929687500000000000e+02,-3.970000000000000000e+02
-1.893437500000000000e+02,-1.929687500000000000e+02,-3.957500000000000000e+02
-1.893437500000000000e+02,-1.921875000000000000e+02,-3.982500000000000000e+02
-1.893437500000000000e+02,-1.925781250000000000e+02,-3.970000000000000000e+02
-1.893437500000000000e+02,-1.917968750000000000e+02,-3.995000000000000000e+02
-1.897343750000000000e+02,-1.882812500000000000e+02,-3.970000000000000000e+02
-1.893437500000000000e+02,-1.878906250000000000e+02,-3.970000000000000000e+02
-1.893437500000000000e+02,-1.878906250000000000e+02,-3.995000000000000000e+02
-1.897343750000000000e+02,-1.875000000000000000e+02,-3.945000000000000000e+02
-1.893437500000000000e+02,-1.875000000000000000e+02,-3.957500000000000000e+02
-1.897343750000000000e+02,-1.875000000000000000e+02,-3.870000000000000000e+02
-1.893437500000000000e+02,-1.878906250000000000e+02,-3.870000000000000000e+02
-1.893437500000000000e+02,-1.875000000000000000e+02,-3.882500000000000000e+02
-1.893437500000000000e+02,-1.871093750000000000e+02,-3.945000000000000000e+02
-1.893437500000000000e+02,-1.871093750000000000e+02,-3.920000000000000000e+02
-1.897343750000000000e+02,-1.867187500000000000e+02,-3.920000000000000000e+02
-1.897343750000000000e+02,-1.867187500000000000e+02,-3.895000000000000000e+02
-1.893437500000000000e+02,-1.867187500000000000e+02,-3.907500000000000000e+02
-1.893437500000000000e+02,-1.867187500000000000e+02,-3.882500000000000000e+02
-1.893437500000000000e+02,-1.863281250000000000e+02,-3.895000000000000000e+02
-1.889531250000000000e+02,-1.976562500000000000e+02,-3.920000000000000000e+02
-1.885625000000000000e+02,-1.976562500000000000e+02,-3.907500000000000000e+02
-1.885625000000000000e+02,-1.980468750000000000e+02,-3.895000000000000000e+02
-1.885625000000000000e+02,-1.976562500000000000e+02,-3.882500000000000000e+02
-1.889531250000000000e+02,-1.968750000000000000e+02,-3.945000000000000000e+02
-1.885625000000000000e+02,-1.968750000000000000e+02,-3.932500000000000000e+02
-1.885625000000000000e+02,-1.972656250000000000e+02,-3.920000000000000000e+02
-1.885625000000000000e+02,-1.968750000000000000e+02,-3.882500000000000000e+02
-1.889531250000000000e+02,-1.960937500000000000e+02,-3.945000000000000000e+02
-1.885625000000000000e+02,-1.960937500000000000e+02,-3.932500000000000000e+02
-1.885625000000000000e+02,-1.960937500000000000e+02,-3.882500000000000000e+02
-1.885625000000000000e+02,-1.953125000000000000e+02,-3.957500000000000000e+02
-1.885625000000000000e+02,-1.957031250000000000e+02,-3.945000000000000000e+02
-1.885625000000000000e+02,-1.953125000000000000e+02,-3.882500000000000000e+02
-1.885625000000000000e+02,-1.945312500000000000e+02,-3.957500000000000000e+02
-1.885625000000000000e+02,-1.945312500000000000e+02,-3.882500000000000000e+02
-1.885625000000000000e+02,-1.937500000000000000e+02,-3.957500000000000000e+02
-1.885625000000000000e+02,-1.941406250000000000e+02,-3.870000000000000000e+02
-1.885625000000000000e+02,-1.929687500000000000e+02,-3.957500000000000000e+02
-1.889531250000000000e+02,-1.921875000000000000e+02,-3.970000000000000000e+02
-1.885625000000000000e+02,-1.921875000000000000e+02,-3.957500000000000000e+02
-1.885625000000000000e+02,-1.917968750000000000e+02,-3.970000000000000000e+02
-1.885625000000000000e+02,-1.917968750000000000e+02,-3.995000000000000000e+02
-1.889531250000000000e+02,-1.882812500000000000e+02,-3.870000000000000000e+02
-1.885625000000000000e+02,-1.886718750000000000e+02,-3.870000000000000000e+02
-1.885625000000000000e+02,-1.882812500000000000e+02,-3.882500000000000000e+02
-1.885625000000000000e+02,-1.878906250000000000e+02,-3.970000000000000000e+02
-1.885625000000000000e+02,-1.878906250000000000e+02,-3.995000000000000000e+02
-1.885625000000000000e+02,-1.875000000000000000e+02,-3.957500000000000000e+02
-1.889531250000000000e+02,-1.875000000000000000e+02,-3.920000000000000000e+02
-1.885625000000000000e+02,-1.878906250000000000e+02,-3.920000000000000000e+02
-1.885625000000000000e+02,-1.875000000000000000e+02,-3.932500000000000000e+02
-1.885625000000000000e+02,-1.875000000000000000e+02,-3.907500000000000000e+02
-1.885625000000000000e+02,-1.875000000000000000e+02,-3.882500000000000000e+02
-1.885625000000000000e+02,-1.871093750000000000e+02,-3.945000000000000000e+02
-1.889531250000000000e+02,-1.867187500000000000e+02,-3.895000000000000000e+02
-1.885625000000000000e+02,-1.871093750000000000e+02,-3.895000000000000000e+02
-1.881718750000000000e+02,-1.976562500000000000e+02,-3.895000000000000000e+02
-1.877812500000000000e+02,-1.968750000000000000e+02,-3.932500000000000000e+02
-1.877812500000000000e+02,-1.972656250000000000e+02,-3.920000000000000000e+02
-1.881718750000000000e+02,-1.968750000000000000e+02,-3.895000000000000000e+02
-1.877812500000000000e+02,-1.968750000000000000e+02,-3.907500000000000000e+02
-1.877812500000000000e+02,-1.960937500000000000e+02,-3.932500000000000000e+02
-1.881718750000000000e+02,-1.960937500000000000e+02,-3.895000000000000000e+02
-1.877812500000000000e+02,-1.960937500000000000e+02,-3.907500000000000000e+02
-1.881718750000000000e+02,-1.953125000000000000e+02,-3.945000000000000000e+02
-1.877812500000000000e+02,-1.953125000000000000e+02,-3.932500000000000000e+02
-1.877812500000000000e+02,-1.957031250000000000e+02,-3.895000000000000000e+02
-1.877812500000000000e+02,-1.953125000000000000e+02,-3.882500000000000000e+02
-1.877812500000000000e+02,-1.945312500000000000e+02,-3.957500000000000000e+02
-1.877812500000000000e+02,-1.949218750000000000e+02,-3.945000000000000000e+02
-1.877812500000000000e+02,-1.945312500000000000e+02,-3.882500000000000000e+02
-1.877812500000000000e+02,-1.937500000000000000e+02,-3.957500000000000000e+02
-1.877812500000000000e+02,-1.941406250000000000e+02,-3.870000000000000000e+02
-1.877812500000000000e+02,-1.929687500000000000e+02,-3.957500000000000000e+02
-1.877812500000000000e+02,-1.921875000000000000e+02,-3.957500000000000000e+02
-1.877812500000000000e+02,-1.917968750000000000e+02,-3.970000000000000000e+02
-1.877812500000000000e+02,-1.917968750000000000e+02,-3.995000000000000000e+02
-1.881718750000000000e+02,-1.890625000000000000e+02,-3.870000000000000000e+02
-1.877812500000000000e+02,-1.894531250000000000e+02,-3.870000000000000000e+02
-1.877812500000000000e+02,-1.890625000000000000e+02,-3.882500000000000000e+02
-1.877812500000000000e+02,-1.882812500000000000e+02,-3.882500000000000000e+02
-1.877812500000000000e+02,-1.878906250000000000e+02,-3.970000000000000000e+02
-1.877812500000000000e+02,-1.878906250000000000e+02,-3.995000000000000000e+02
-1.877812500000000000e+02,-1.875000000000000000e+02,-3.957500000000000000e+02
-1.877812500000000000e+02,-1.878906250000000000e+02,-3.920000000000000000e+02
-1.877812500000000000e+02,-1.875000000000000000e+02,-3.932500000000000000e+02
-1.881718750000000000e+02,-1.875000000000000000e+02,-3.895000000000000000e+02
-1.877812500000000000e+02,-1.878906250000000000e+02,-3.895000000000000000e+02
-1.877812500000000000e+02,-1.871093750000000000e+02,-3.945000000000000000e+02
-1.870000000000000000e+02,-1.968750000000000000e+02,-3.932500000000000000e+02
-1.870000000000000000e+02,-1.972656250000000000e+02,-3.920000000000000000e+02
-1.870000000000000000e+02,-1.968750000000000000e+02,-3.907500000000000000e+02
-1.873906250000000000e+02,-1.960937500000000000e+02,-3.945000000000000000e+02
-1.870000000000000000e+02,-1.960937500000000000e+02,-3.957500000000000000e+02
-1.870000000000000000e+02,-1.964843750000000000e+02,-3.945000000000000000e+02
-1.870000000000000000e+02,-1.960937500000000000e+02,-3.907500000000000000e+02
-1.873906250000000000e+02,-1.953125000000000000e+02,-3.945000000000000000e+02
-1.870000000000000000e+02,-1.953125000000000000e+02,-3.957500000000000000e+02
-1.870000000000000000e+02,-1.957031250000000000e+02,-3.895000000000000000e+02
-1.870000000000000000e+02,-1.953125000000000000e+02,-3.882500000000000000e+02
-1.870000000000000000e+02,-1.945312500000000000e+02,-3.957500000000000000e+02
-1.870000000000000000e+02,-1.945312500000000000e+02,-3.882500000000000000e+02
-1.870000000000000000e+02,-1.937500000000000000e+02,-3.957500000000000000e+02
-1.870000000000000000e+02,-1.941406250000000000e+02,-3.870000000000000000e+02
-1.870000000000000000e+02,-1.929687500000000000e+02,-3.957500000000000000e+02
-1.870000000000000000e+02,-1.921875000000000000e+02,-3.957500000000000000e+02
-1.870000000000000000e+02,-1.914062500000000000e+02,-3.982500000000000000e+02
-1.873906250000000000e+02,-1.914062500000000000e+02,-3.995000000000000000e+02
-1.870000000000000000e+02,-1.917968750000000000e+02,-3.970000000000000000e+02
-1.870000000000000000e+02,-1.910156250000000000e+02,-3.995000000000000000e+02
-1.870000000000000000e+02,-1.894531250000000000e+02,-3.870000000000000000e+02
-1.870000000000000000e+02,-1.890625000000000000e+02,-3.882500000000000000e+02
-1.870000000000000000e+02,-1.882812500000000000e+02,-3.882500000000000000e+02
-1.870000000000000000e+02,-1.878906250000000000e+02,-3.970000000000000000e+02
-1.870000000000000000e+02,-1.878906250000000000e+02,-3.995000000000000000e+02
-1.870000000000000000e+02,-1.875000000000000000e+02,-3.957500000000000000e+02
-1.873906250000000000e+02,-1.875000000000000000e+02,-3.920000000000000000e+02
-1.873906250000000000e+02,-1.875000000000000000e+02,-3.895000000000000000e+02
-1.870000000000000000e+02,-1.875000000000000000e+02,-3.882500000000000000e+02
-1.870000000000000000e+02,-1.871093750000000000e+02,-3.945000000000000000e+02
-1.870000000000000000e+02,-1.871093750000000000e+02,-3.920000000000000000e+02
-1.870000000000000000e+02,-1.871093750000000000e+02,-3.895000000000000000e+02
-1.866093750000000000e+02,-1.968750000000000000e+02,-3.920000000000000000e+02
-1.862187500000000000e+02,-1.960937500000000000e+02,-3.957500000000000000e+02
-1.862187500000000000e+02,-1.964843750000000000e+02,-3.945000000000000000e+02
-1.866093750000000000e+02,-1.960937500000000000e+02,-3.920000000000000000e+02
-1.862187500000000000e+02,-1.960937500000000000e+02,-3.932500000000000000e+02
-1.862187500000000000e+02,-1.953125000000000000e+02,-3.957500000000000000e+02
-1.862187500000000000e+02,-1.957031250000000000e+02,-3.920000000000000000e+02
-1.866093750000000000e+02,-1.953125000000000000e+02,-3.895000000000000000e+02
-1.862187500000000000e+02,-1.953125000000000000e+02,-3.907500000000000000e+02
-1.862187500000000000e+02,-1.945312500000000000e+02,-3.957500000000000000e+02
-1.862187500000000000e+02,-1.949218750000000000e+02,-3.895000000000000000e+02
-1.862187500000000000e+02,-1.949218750000000000e+02,-3.870000000000000000e+02
-1.866093750000000000e+02,-1.945312500000000000e+02,-3.870000000000000000e+02
-1.862187500000000000e+02,-1.937500000000000000e+02,-3.957500000000000000e+02
-1.862187500000000000e+02,-1.929687500000000000e+02,-3.957500000000000000e+02
-1.862187500000000000e+02,-1.921875000000000000e+02,-3.957500000000000000e+02
-1.862187500000000000e+02,-1.914062500000000000e+02,-3.982500000000000000e+02
-1.862187500000000000e+02,-1.917968750000000000e+02,-3.970000000000000000e+02
-1.862187500000000000e+02,-1.910156250000000000e+02,-3.995000000000000000e+02
-1.862187500000000000e+02,-1.894531250000000000e+02,-3.870000000000000000e+02
-1.862187500000000000e+02,-1.890625000000000000e+02,-3.882500000000000000e+02
-1.866093750000000000e+02,-1.882812500000000000e+02,-3.970000000000000000e+02
-1.862187500000000000e+02,-1.886718750000000000e+02,-3.970000000000000000e+02
-1.862187500000000000e+02,-1.882812500000000000e+02,-3.982500000000000000e+02
-1.862187500000000000e+02,-1.882812500000000000e+02,-3.957500000000000000e+02
-1.862187500000000000e+02,-1.882812500000000000e+02,-3.882500000000000000e+02
-1.862187500000000000e+02,-1.878906250000000000e+02,-3.995000000000000000e+02
-1.862187500000000000e+02,-1.875000000000000000e+02,-3.957500000000000000e+02
-1.862187500000000000e+02,-1.875000000000000000e+02,-3.882500000000000000e+02
-1.862187500000000000e+02,-1.871093750000000000e+02,-3.945000000000000000e+02
-1.866093750000000000e+02,-1.867187500000000000e+02,-3.920000000000000000e+02
-1.862187500000000000e+02,-1.867187500000000000e+02,-3.932500000000000000e+02
-1.866093750000000000e+02,-1.867187500000000000e+02,-3.895000000000000000e+02
-1.862187500000000000e+02,-1.867187500000000000e+02,-3.882500000000000000e+02
-1.862187500000000000e+02,-1.863281250000000000e+02,-3.920000000000000000e+02
-1.862187500000000000e+02,-1.863281250000000000e+02,-3.895000000000000000e+02
-1.854375000000000000e+02,-1.960937500000000000e+02,-3.957500000000000000e+02
-1.854375000000000000e+02,-1.964843750000000000e+02,-3.945000000000000000e+02
-1.854375000000000000e+02,-1.960937500000000000e+02,-3.932500000000000000e+02
-1.854375000000000000e+02,-1.953125000000000000e+02,-3.957500000000000000e+02
-1.858281250000000000e+02,-1.953125000000000000e+02,-3.920000000000000000e+02
-1.854375000000000000e+02,-1.953125000000000000e+02,-3.932500000000000000e+02
-1.854375000000000000e+02,-1.945312500000000000e+02,-3.957500000000000000e+02
-1.854375000000000000e+02,-1.949218750000000000e+02,-3.920000000000000000e+02
-1.854375000000000000e+02,-1.949218750000000000e+02,-3.895000000000000000e+02
-1.854375000000000000e+02,-1.949218750000000000e+02,-3.870000000000000000e+02
-1.854375000000000000e+02,-1.937500000000000000e+02,-3.957500000000000000e+02
-1.854375000000000000e+02,-1.929687500000000000e+02,-3.957500000000000000e+02
-1.854375000000000000e+02,-1.921875000000000000e+02,-3.957500000000000000e+02
-1.854375000000000000e+02,-1.914062500000000000e+02,-3.982500000000000000e+02
-1.854375000000000000e+02,-1.917968750000000000e+02,-3.970000000000000000e+02
-1.858281250000000000e+02,-1.906250000000000000e+02,-3.995000000000000000e+02
-1.854375000000000000e+02,-1.906250000000000000e+02,-3.982500000000000000e+02
-1.854375000000000000e+02,-1.902343750000000000e+02,-3.995000000000000000e+02
-1.858281250000000000e+02,-1.890625000000000000e+02,-3.970000000000000000e+02
-1.854375000000000000e+02,-1.894531250000000000e+02,-3.970000000000000000e+02
-1.854375000000000000e+02,-1.890625000000000000e+02,-3.982500000000000000e+02
-1.854375000000000000e+02,-1.890625000000000000e+02,-3.957500000000000000e+02
-1.858281250000000000e+02,-1.890625000000000000e+02,-3.870000000000000000e+02
-1.854375000000000000e+02,-1.882812500000000000e+02,-3.982500000000000000e+02
-1.854375000000000000e+02,-1.882812500000000000e+02,-3.957500000000000000e+02
-1.854375000000000000e+02,-1.886718750000000000e+02,-3.870000000000000000e+02
-1.854375000000000000e+02,-1.882812500000000000e+02,-3.882500000000000000e+02
-1.854375000000000000e+02,-1.878906250000000000e+02,-3.995000000000000000e+02
-1.854375000000000000e+02,-1.875000000000000000e+02,-3.957500000000000000e+02
-1.854375000000000000e+02,-1.875000000000000000e+02,-3.882500000000000000e+02
-1.854375000000000000e+02,-1.871093750000000000e+02,-3.945000000000000000e+02
-1.854375000000000000e+02,-1.867187500000000000e+02,-3.932500000000000000e+02
-1.858281250000000000e+02,-1.867187500000000000e+02,-3.895000000000000000e+02
-1.854375000000000000e+02,-1.871093750000000000e+02,-3.895000000000000000e+02
-1.854375000000000000e+02,-1.867187500000000000e+02,-3.907500000000000000e+02
-1.854375000000000000e+02,-1.863281250000000000e+02,-3.920000000000000000e+02
-1.850468750000000000e+02,-1.960937500000000000e+02,-3.945000000000000000e+02
-1.850468750000000000e+02,-1.953125000000000000e+02,-3.945000000000000000e+02
-1.850468750000000000e+02,-1.953125000000000000e+02,-3.895000000000000000e+02
-1.846562500000000000e+02,-1.953125000000000000e+02,-3.907500000000000000e+02
-1.846562500000000000e+02,-1.957031250000000000e+02,-3.895000000000000000e+02
-1.846562500000000000e+02,-1.953125000000000000e+02,-3.882500000000000000e+02
-1.846562500000000000e+02,-1.945312500000000000e+02,-3.957500000000000000e+02
-1.846562500000000000e+02,-1.949218750000000000e+02,-3.945000000000000000e+02
-1.846562500000000000e+02,-1.949218750000000000e+02,-3.920000000000000000e+02
-1.846562500000000000e+02,-1.949218750000000000e+02,-3.870000000000000000e+02
-1.846562500000000000e+02,-1.937500000000000000e+02,-3.957500000000000000e+02
-1.846562500000000000e+02,-1.929687500000000000e+02,-3.957500000000000000e+02
-1.846562500000000000e+02,-1.921875000000000000e+02,-3.957500000000000000e+02
-1.850468750000000000e+02,-1.921875000000000000e+02,-3.870000000000000000e+02
-1.846562500000000000e+02,-1.925781250000000000e+02,-3.870000000000000000e+02
-1.846562500000000000e+02,-1.921875000000000000e+02,-3.882500000000000000e+02
-1.846562500000000000e+02,-1.914062500000000000e+02,-3.982500000000000000e+02
-1.846562500000000000e+02,-1.917968750000000000e+02,-3.970000000000000000e+02
-1.846562500000000000e+02,-1.917968750000000000e+02,-3.870000000000000000e+02
-1.846562500000000000e+02,-1.906250000000000000e+02,-3.982500000000000000e+02
-1.850468750000000000e+02,-1.902343750000000000e+02,-3.982500000000000000e+02
-1.846562500000000000e+02,-1.902343750000000000e+02,-3.970000000000000000e+02
-1.850468750000000000e+02,-1.898437500000000000e+02,-3.970000000000000000e+02
-1.846562500000000000e+02,-1.898437500000000000e+02,-3.982500000000000000e+02
-1.846562500000000000e+02,-1.902343750000000000e+02,-3.995000000000000000e+02
-1.846562500000000000e+02,-1.898437500000000000e+02,-3.957500000000000000e+02
-1.846562500000000000e+02,-1.890625000000000000e+02,-3.982500000000000000e+02
-1.846562500000000000e+02,-1.890625000000000000e+02,-3.957500000000000000e+02
-1.850468750000000000e+02,-1.890625000000000000e+02,-3.870000000000000000e+02
-1.846562500000000000e+02,-1.894531250000000000e+02,-3.870000000000000000e+02
-1.846562500000000000e+02,-1.890625000000000000e+02,-3.882500000000000000e+02
-1.850468750000000000e+02,-1.882812500000000000e+02,-3.995000000000000000e+02
-1.846562500000000000e+02,-1.886718750000000000e+02,-3.995000000000000000e+02
-1.846562500000000000e+02,-1.882812500000000000e+02,-3.957500000000000000e+02
-1.846562500000000000e+02,-1.882812500000000000e+02,-3.882500000000000000e+02
-1.846562500000000000e+02,-1.878906250000000000e+02,-3.945000000000000000e+02
-1.850468750000000000e+02,-1.875000000000000000e+02,-3.945000000000000000e+02
-1.850468750000000000e+02,-1.875000000000000000e+02,-3.920000000000000000e+02
-1.846562500000000000e+02,-1.878906250000000000e+02,-3.920000000000000000e+02
-1.850468750000000000e+02,-1.875000000000000000e+02,-3.895000000000000000e+02
-1.846562500000000000e+02,-1.878906250000000000e+02,-3.895000000000000000e+02
-1.850468750000000000e+02,-1.867187500000000000e+02,-3.920000000000000000e+02
-1.838750000000000000e+02,-1.953125000000000000e+02,-3.907500000000000000e+02
-1.838750000000000000e+02,-1.957031250000000000e+02,-3.895000000000000000e+02
-1.838750000000000000e+02,-1.953125000000000000e+02,-3.882500000000000000e+02
-1.838750000000000000e+02,-1.945312500000000000e+02,-3.957500000000000000e+02
-1.838750000000000000e+02,-1.949218750000000000e+02,-3.945000000000000000e+02
-1.838750000000000000e+02,-1.949218750000000000e+02,-3.920000000000000000e+02
-1.838750000000000000e+02,-1.949218750000000000e+02,-3.870000000000000000e+02
-1.838750000000000000e+02,-1.937500000000000000e+02,-3.957500000000000000e+02
-1.842656250000000000e+02,-1.937500000000000000e+02,-3.870000000000000000e+02
-1.838750000000000000e+02,-1.941406250000000000e+02,-3.870000000000000000e+02
-1.838750000000000000e+02,-1.937500000000000000e+02,-3.882500000000000000e+02
-1.838750000000000000e+02,-1.929687500000000000e+02,-3.957500000000000000e+02
-1.842656250000000000e+02,-1.929687500000000000e+02,-3.870000000000000000e+02
-1.838750000000000000e+02,-1.929687500000000000e+02,-3.882500000000000000e+02
-1.838750000000000000e+02,-1.921875000000000000e+02,-3.957500000000000000e+02
-1.838750000000000000e+02,-1.921875000000000000e+02,-3.882500000000000000e+02
-1.838750000000000000e+02,-1.914062500000000000e+02,-3.982500000000000000e+02
-1.838750000000000000e+02,-1.917968750000000000e+02,-3.970000000000000000e+02
-1.838750000000000000e+02,-1.917968750000000000e+02,-3.870000000000000000e+02
-1.838750000000000000e+02,-1.906250000000000000e+02,-3.982500000000000000e+02
-1.838750000000000000e+02,-1.902343750000000000e+02,-3.970000000000000000e+02
-1.838750000000000000e+02,-1.898437500000000000e+02,-3.982500000000000000e+02
-1.838750000000000000e+02,-1.902343750000000000e+02,-3.995000000000000000e+02
-1.838750000000000000e+02,-1.898437500000000000e+02,-3.957500000000000000e+02
-1.842656250000000000e+02,-1.898437500000000000e+02,-3.870000000000000000e+02
-1.838750000000000000e+02,-1.902343750000000000e+02,-3.870000000000000000e+02
-1.838750000000000000e+02,-1.898437500000000000e+02,-3.882500000000000000e+02
-1.838750000000000000e+02,-1.890625000000000000e+02,-3.982500000000000000e+02
-1.838750000000000000e+02,-1.890625000000000000e+02,-3.957500000000000000e+02
-1.838750000000000000e+02,-1.890625000000000000e+02,-3.882500000000000000e+02
-1.838750000000000000e+02,-1.886718750000000000e+02,-3.995000000000000000e+02
-1.838750000000000000e+02,-1.882812500000000000e+02,-3.957500000000000000e+02
-1.842656250000000000e+02,-1.882812500000000000e+02,-3.895000000000000000e+02
-1.838750000000000000e+02,-1.886718750000000000e+02,-3.895000000000000000e+02
-1.838750000000000000e+02,-1.882812500000000000e+02,-3.907500000000000000e+02
-1.838750000000000000e+02,-1.878906250000000000e+02,-3.945000000000000000e+02
-1.838750000000000000e+02,-1.878906250000000000e+02,-3.920000000000000000e+02
-1.830937500000000000e+02,-1.953125000000000000e+02,-3.907500000000000000e+02
-1.830937500000000000e+02,-1.957031250000000000e+02,-3.895000000000000000e+02
-1.830937500000000000e+02,-1.953125000000000000e+02,-3.882500000000000000e+02
-1.830937500000000000e+02,-1.945312500000000000e+02,-3.957500000000000000e+02
-1.830937500000000000e+02,-1.949218750000000000e+02,-3.945000000000000000e+02
-1.830937500000000000e+02,-1.949218750000000000e+02,-3.920000000000000000e+02
-1.834843750000000000e+02,-1.945312500000000000e+02,-3.870000000000000000e+02
-1.830937500000000000e+02,-1.945312500000000000e+02,-3.882500000000000000e+02
-1.830937500000000000e+02,-1.937500000000000000e+02,-3.957500000000000000e+02
-1.834843750000000000e+02,-1.937500000000000000e+02,-3.920000000000000000e+02
-1.830937500000000000e+02,-1.941406250000000000e+02,-3.920000000000000000e+02
-1.830937500000000000e+02,-1.937500000000000000e+02,-3.932500000000000000e+02
-1.830937500000000000e+02,-1.937500000000000000e+02,-3.907500000000000000e+02
-1.830937500000000000e+02,-1.937500000000000000e+02,-3.882500000000000000e+02
-1.830937500000000000e+02,-1.929687500000000000e+02,-3.957500000000000000e+02
-1.830937500000000000e+02,-1.933593750000000000e+02,-3.920000000000000000e+02
-1.830937500000000000e+02,-1.929687500000000000e+02,-3.882500000000000000e+02
-1.830937500000000000e+02,-1.921875000000000000e+02,-3.957500000000000000e+02
-1.830937500000000000e+02,-1.921875000000000000e+02,-3.882500000000000000e+02
-1.830937500000000000e+02,-1.914062500000000000e+02,-3.982500000000000000e+02
-1.830937500000000000e+02,-1.917968750000000000e+02,-3.970000000000000000e+02
-1.830937500000000000e+02,-1.917968750000000000e+02,-3.870000000000000000e+02
-1.830937500000000000e+02,-1.906250000000000000e+02,-3.982500000000000000e+02
-1.834843750000000000e+02,-1.906250000000000000e+02,-3.870000000000000000e+02
-1.830937500000000000e+02,-1.910156250000000000e+02,-3.870000000000000000e+02
-1.830937500000000000e+02,-1.906250000000000000e+02,-3.882500000000000000e+02
-1.830937500000000000e+02,-1.902343750000000000e+02,-3.970000000000000000e+02
-1.830937500000000000e+02,-1.898437500000000000e+02,-3.982500000000000000e+02
-1.830937500000000000e+02,-1.902343750000000000e+02,-3.995000000000000000e+02
-1.830937500000000000e+02,-1.898437500000000000e+02,-3.957500000000000000e+02
-1.830937500000000000e+02,-1.898437500000000000e+02,-3.882500000000000000e+02
-1.834843750000000000e+02,-1.890625000000000000e+02,-3.995000000000000000e+02
-1.830937500000000000e+02,-1.894531250000000000e+02,-3.995000000000000000e+02
-1.830937500000000000e+02,-1.890625000000000000e+02,-3.957500000000000000e+02
-1.830937500000000000e+02,-1.890625000000000000e+02,-3.882500000000000000e+02
-1.830937500000000000e+02,-1.882812500000000000e+02,-3.957500000000000000e+02
-1.830937500000000000e+02,-1.886718750000000000e+02,-3.895000000000000000e+02
-1.830937500000000000e+02,-1.882812500000000000e+02,-3.907500000000000000e+02
-1.834843750000000000e+02,-1.875000000000000000e+02,-3.945000000000000000e+02
-1.830937500000000000e+02,-1.875000000000000000e+02,-3.957500000000000000e+02
-1.830937500000000000e+02,-1.875000000000000000e+02,-3.932500000000000000e+02
-1.830937500000000000e+02,-1.878906250000000000e+02,-3.920000000000000000e+02
-1.830937500000000000e+02,-1.871093750000000000e+02,-3.945000000000000000e+02
-1.827031250000000000e+02,-1.953125000000000000e+02,-3.920000000000000000e+02
-1.823125000000000000e+02,-1.953125000000000000e+02,-3.932500000000000000e+02
-1.823125000000000000e+02,-1.957031250000000000e+02,-3.920000000000000000e+02
-1.823125000000000000e+02,-1.953125000000000000e+02,-3.907500000000000000e+02
-1.827031250000000000e+02,-1.953125000000000000e+02,-3.895000000000000000e+02
-1.823125000000000000e+02,-1.945312500000000000e+02,-3.957500000000000000e+02
-1.823125000000000000e+02,-1.949218750000000000e+02,-3.945000000000000000e+02
-1.823125000000000000e+02,-1.949218750000000000e+02,-3.920000000000000000e+02
-1.823125000000000000e+02,-1.945312500000000000e+02,-3.932500000000000000e+02
-1.827031250000000000e+02,-1.945312500000000000e+02,-3.920000000000000000e+02
-1.823125000000000000e+02,-1.949218750000000000e+02,-3.895000000000000000e+02
-1.823125000000000000e+02,-1.945312500000000000e+02,-3.907500000000000000e+02
-1.823125000000000000e+02,-1.945312500000000000e+02,-3.882500000000000000e+02
-1.823125000000000000e+02,-1.937500000000000000e+02,-3.957500000000000000e+02
-1.823125000000000000e+02,-1.937500000000000000e+02,-3.932500000000000000e+02
-1.823125000000000000e+02,-1.937500000000000000e+02,-3.907500000000000000e+02
-1.823125000000000000e+02,-1.937500000000000000e+02,-3.882500000000000000e+02
-1.823125000000000000e+02,-1.929687500000000000e+02,-3.957500000000000000e+02
-1.823125000000000000e+02,-1.933593750000000000e+02,-3.920000000000000000e+02
-1.823125000000000000e+02,-1.929687500000000000e+02,-3.882500000000000000e+02
-1.823125000000000000e+02,-1.921875000000000000e+02,-3.957500000000000000e+02
-1.823125000000000000e+02,-1.921875000000000000e+02,-3.882500000000000000e+02
-1.823125000000000000e+02,-1.914062500000000000e+02,-3.982500000000000000e+02
-1.823125000000000000e+02,-1.917968750000000000e+02,-3.970000000000000000e+02
-1.827031250000000000e+02,-1.914062500000000000e+02,-3.870000000000000000e+02
-1.823125000000000000e+02,-1.914062500000000000e+02,-3.882500000000000000e+02
-1.823125000000000000e+02,-1.906250000000000000e+02,-3.982500000000000000e+02
-1.823125000000000000e+02,-1.906250000000000000e+02,-3.882500000000000000e+02
-1.823125000000000000e+02,-1.902343750000000000e+02,-3.970000000000000000e+02
-1.827031250000000000e+02,-1.898437500000000000e+02,-3.995000000000000000e+02
-1.823125000000000000e+02,-1.898437500000000000e+02,-3.957500000000000000e+02
-1.823125000000000000e+02,-1.898437500000000000e+02,-3.882500000000000000e+02
-1.823125000000000000e+02,-1.890625000000000000e+02,-3.957500000000000000e+02
-1.827031250000000000e+02,-1.890625000000000000e+02,-3.920000000000000000e+02
-1.823125000000000000e+02,-1.894531250000000000e+02,-3.920000000000000000e+02
-1.823125000000000000e+02,-1.890625000000000000e+02,-3.932500000000000000e+02
-1.823125000000000000e+02,-1.890625000000000000e+02,-3.907500000000000000e+02
-1.823125000000000000e+02,-1.890625000000000000e+02,-3.882500000000000000e+02
-1.823125000000000000e+02,-1.882812500000000000e+02,-3.957500000000000000e+02
-1.827031250000000000e+02,-1.882812500000000000e+02,-3.920000000000000000e+02
-1.823125000000000000e+02,-1.882812500000000000e+02,-3.932500000000000000e+02
-1.823125000000000000e+02,-1.886718750000000000e+02,-3.895000000000000000e+02
-1.823125000000000000e+02,-1.878906250000000000e+02,-3.945000000000000000e+02
-1.827031250000000000e+02,-1.875000000000000000e+02,-3.945000000000000000e+02
-1.819218750000000000e+02,-1.953125000000000000e+02,-3.920000000000000000e+02
-1.819218750000000000e+02,-1.945312500000000000e+02,-3.945000000000000000e+02
-1.819218750000000000e+02,-1.945312500000000000e+02,-3.895000000000000000e+02
-1.815312500000000000e+02,-1.937500000000000000e+02,-3.957500000000000000e+02
-1.815312500000000000e+02,-1.941406250000000000e+02,-3.945000000000000000e+02
-1.815312500000000000e+02,-1.937500000000000000e+02,-3.932500000000000000e+02
-1.819218750000000000e+02,-1.937500000000000000e+02,-3.895000000000000000e+02
-1.815312500000000000e+02,-1.929687500000000000e+02,-3.957500000000000000e+02
-1.815312500000000000e+02,-1.933593750000000000e+02,-3.920000000000000000e+02
-1.815312500000000000e+02,-1.933593750000000000e+02,-3.895000000000000000e+02
-1.815312500000000000e+02,-1.929687500000000000e+02,-3.882500000000000000e+02
-1.815312500000000000e+02,-1.921875000000000000e+02,-3.957500000000000000e+02
-1.815312500000000000e+02,-1.921875000000000000e+02,-3.882500000000000000e+02
-1.819218750000000000e+02,-1.914062500000000000e+02,-3.970000000000000000e+02
-1.815312500000000000e+02,-1.914062500000000000e+02,-3.957500000000000000e+02
-1.819218750000000000e+02,-1.914062500000000000e+02,-3.920000000000000000e+02
-1.815312500000000000e+02,-1.917968750000000000e+02,-3.920000000000000000e+02
-1.815312500000000000e+02,-1.914062500000000000e+02,-3.932500000000000000e+02
-1.815312500000000000e+02,-1.914062500000000000e+02,-3.907500000000000000e+02
-1.815312500000000000e+02,-1.914062500000000000e+02,-3.882500000000000000e+02
-1.819218750000000000e+02,-1.906250000000000000e+02,-3.970000000000000000e+02
-1.815312500000000000e+02,-1.906250000000000000e+02,-3.957500000000000000e+02
-1.819218750000000000e+02,-1.906250000000000000e+02,-3.920000000000000000e+02
-1.815312500000000000e+02,-1.906250000000000000e+02,-3.932500000000000000e+02
-1.815312500000000000e+02,-1.906250000000000000e+02,-3.907500000000000000e+02
-1.815312500000000000e+02,-1.906250000000000000e+02,-3.882500000000000000e+02
-1.815312500000000000e+02,-1.898437500000000000e+02,-3.957500000000000000e+02
-1.819218750000000000e+02,-1.898437500000000000e+02,-3.920000000000000000e+02
-1.815312500000000000e+02,-1.898437500000000000e+02,-3.932500000000000000e+02
-1.815312500000000000e+02,-1.898437500000000000e+02,-3.907500000000000000e+02
-1.815312500000000000e+02,-1.898437500000000000e+02,-3.882500000000000000e+02
-1.815312500000000000e+02,-1.890625000000000000e+02,-3.957500000000000000e+02
-1.815312500000000000e+02,-1.890625000000000000e+02,-3.932500000000000000e+02
-1.815312500000000000e+02,-1.890625000000000000e+02,-3.907500000000000000e+02
-1.815312500000000000e+02,-1.890625000000000000e+02,-3.882500000000000000e+02
-1.815312500000000000e+02,-1.882812500000000000e+02,-3.957500000000000000e+02
-1.815312500000000000e+02,-1.882812500000000000e+02,-3.932500000000000000e+02
-1.815312500000000000e+02,-1.886718750000000000e+02,-3.895000000000000000e+02
-1.815312500000000000e+02,-1.878906250000000000e+02,-3.945000000000000000e+02
-1.811406250000000000e+02,-1.937500000000000000e+02,-3.945000000000000000e+02
-1.807500000000000000e+02,-1.941406250000000000e+02,-3.920000000000000000e+02
-1.807500000000000000e+02,-1.937500000000000000e+02,-3.932500000000000000e+02
-1.811406250000000000e+02,-1.937500000000000000e+02,-3.920000000000000000e+02
-1.807500000000000000e+02,-1.937500000000000000e+02,-3.907500000000000000e+02
-1.807500000000000000e+02,-1.929687500000000000e+02,-3.957500000000000000e+02
-1.807500000000000000e+02,-1.933593750000000000e+02,-3.945000000000000000e+02
-1.807500000000000000e+02,-1.933593750000000000e+02,-3.895000000000000000e+02
-1.807500000000000000e+02,-1.929687500000000000e+02,-3.882500000000000000e+02
-1.807500000000000000e+02,-1.921875000000000000e+02,-3.957500000000000000e+02
-1.811406250000000000e+02,-1.921875000000000000e+02,-3.920000000000000000e+02
-1.807500000000000000e+02,-1.925781250000000000e+02,-3.920000000000000000e+02
-1.807500000000000000e+02,-1.921875000000000000e+02,-3.932500000000000000e+02
-1.807500000000000000e+02,-1.921875000000000000e+02,-3.907500000000000000e+02
-1.807500000000000000e+02,-1.921875000000000000e+02,-3.882500000000000000e+02
-1.807500000000000000e+02,-1.917968750000000000e+02,-3.945000000000000000e+02
-1.811406250000000000e+02,-1.914062500000000000e+02,-3.945000000000000000e+02
-1.807500000000000000e+02,-1.914062500000000000e+02,-3.907500000000000000e+02
-1.807500000000000000e+02,-1.914062500000000000e+02,-3.882500000000000000e+02
-1.811406250000000000e+02,-1.906250000000000000e+02,-3.945000000000000000e+02
-1.807500000000000000e+02,-1.906250000000000000e+02,-3.907500000000000000e+02
-1.807500000000000000e+02,-1.906250000000000000e+02,-3.882500000000000000e+02
-1.807500000000000000e+02,-1.898437500000000000e+02,-3.957500000000000000e+02
-1.807500000000000000e+02,-1.902343750000000000e+02,-3.945000000000000000e+02
-1.807500000000000000e+02,-1.898437500000000000e+02,-3.932500000000000000e+02
-1.807500000000000000e+02,-1.898437500000000000e+02,-3.907500000000000000e+02
-1.807500000000000000e+02,-1.898437500000000000e+02,-3.882500000000000000e+02
-1.807500000000000000e+02,-1.894531250000000000e+02,-3.945000000000000000e+02
-1.811406250000000000e+02,-1.890625000000000000e+02,-3.945000000000000000e+02
-1.807500000000000000e+02,-1.890625000000000000e+02,-3.907500000000000000e+02
-1.807500000000000000e+02,-1.890625000000000000e+02,-3.882500000000000000e+02
-1.811406250000000000e+02,-1.882812500000000000e+02,-3.945000000000000000e+02
-1.807500000000000000e+02,-1.886718750000000000e+02,-3.895000000000000000e+02
-1.799687500000000000e+02,-1.937500000000000000e+02,-3.932500000000000000e+02
-1.799687500000000000e+02,-1.941406250000000000e+02,-3.920000000000000000e+02
-1.799687500000000000e+02,-1.937500000000000000e+02,-3.907500000000000000e+02
-1.803593750000000000e+02,-1.929687500000000000e+02,-3.945000000000000000e+02
-1.799687500000000000e+02,-1.933593750000000000e+02,-3.920000000000000000e+02
-1.803593750000000000e+02,-1.929687500000000000e+02,-3.920000000000000000e+02
-1.803593750000000000e+02,-1.933593750000000000e+02,-3.907500000000000000e+02
-1.799687500000000000e+02,-1.933593750000000000e+02,-3.895000000000000000e+02
-1.799687500000000000e+02,-1.929687500000000000e+02,-3.907500000000000000e+02
-1.799687500000000000e+02,-1.929687500000000000e+02,-3.882500000000000000e+02
-1.799687500000000000e+02,-1.921875000000000000e+02,-3.957500000000000000e+02
-1.799687500000000000e+02,-1.925781250000000000e+02,-3.945000000000000000e+02
-1.799687500000000000e+02,-1.921875000000000000e+02,-3.932500000000000000e+02
-1.803593750000000000e+02,-1.921875000000000000e+02,-3.895000000000000000e+02
-1.799687500000000000e+02,-1.925781250000000000e+02,-3.895000000000000000e+02
-1.799687500000000000e+02,-1.917968750000000000e+02,-3.945000000000000000e+02
-1.803593750000000000e+02,-1.914062500000000000e+02,-3.895000000000000000e+02
-1.803593750000000000e+02,-1.906250000000000000e+02,-3.895000000000000000e+02
-1.803593750000000000e+02,-1.898437500000000000e+02,-3.945000000000000000e+02
-1.803593750000000000e+02,-1.898437500000000000e+02,-3.895000000000000000e+02
-1.799687500000000000e+02,-1.890625000000000000e+02,-3.907500000000000000e+02
-1.799687500000000000e+02,-1.894531250000000000e+02,-3.895000000000000000e+02
-1.799687500000000000e+02,-1.890625000000000000e+02,-3.882500000000000000e+02
-1.799687500000000000e+02,-1.886718750000000000e+02,-3.895000000000000000e+02
-1.795781250000000000e+02,-1.945312500000000000e+02,-3.920000000000000000e+02
-1.791875000000000000e+02,-1.945312500000000000e+02,-3.932500000000000000e+02
-1.791875000000000000e+02,-1.949218750000000000e+02,-3.920000000000000000e+02
-1.791875000000000000e+02,-1.945312500000000000e+02,-3.907500000000000000e+02
-1.791875000000000000e+02,-1.937500000000000000e+02,-3.932500000000000000e+02
-1.791875000000000000e+02,-1.937500000000000000e+02,-3.907500000000000000e+02
-1.791875000000000000e+02,-1.933593750000000000e+02,-3.920000000000000000e+02
-1.795781250000000000e+02,-1.929687500000000000e+02,-3.895000000000000000e+02
-1.795781250000000000e+02,-1.921875000000000000e+02,-3.945000000000000000e+02
-1.795781250000000000e+02,-1.890625000000000000e+02,-3.895000000000000000e+02
-1.787968750000000000e+02,-1.945312500000000000e+02,-3.920000000000000000e+02
-1.787968750000000000e+02,-1.937500000000000000e+02,-3.920000000000000000e+02
