-1.331706949999999949e+02,-1.374433579999999893e+02,-3.581250000000000000e+02
-1.408611259999999845e+02,-1.418378899999999874e+02,-3.600000000000000000e+02
-1.481853459999999814e+02,-1.198652299999999968e+02,-3.700000000000000000e+02
-1.390300709999999924e+02,-1.286542939999999930e+02,-3.593750000000000000e+02
-1.265788969999999978e+02,-1.378095690000000104e+02,-3.687500000000000000e+02
-1.445232359999999971e+02,-1.403730459999999880e+02,-3.637500000000000000e+02
-1.522136669999999867e+02,-1.374433579999999893e+02,-3.768750000000000000e+02
-1.324382729999999810e+02,-1.411054680000000019e+02,-3.656250000000000000e+02
-1.459880799999999965e+02,-1.279218720000000076e+02,-3.625000000000000000e+02
-1.456218690000000038e+02,-1.337812480000000050e+02,-3.781250000000000000e+02
-1.382976490000000069e+02,-1.279218720000000076e+02,-3.656250000000000000e+02
-1.346355389999999943e+02,-1.308515600000000063e+02,-3.781250000000000000e+02
-1.426921810000000050e+02,-1.187665970000000044e+02,-3.750000000000000000e+02
-1.485515570000000025e+02,-1.264570280000000082e+02,-3.793750000000000000e+02
-1.463542909999999893e+02,-1.389082019999999886e+02,-3.656250000000000000e+02
-1.514812450000000013e+02,-1.220624959999999959e+02,-3.793750000000000000e+02
-1.309734290000000101e+02,-1.337812480000000050e+02,-3.693750000000000000e+02
-1.353679609999999798e+02,-1.205976519999999965e+02,-3.793750000000000000e+02
-1.456218690000000038e+02,-1.213300739999999962e+02,-3.668750000000000000e+02
-1.265788969999999978e+02,-1.411054680000000019e+02,-3.656250000000000000e+02
-1.456218690000000038e+02,-1.323164040000000057e+02,-3.781250000000000000e+02
-1.507488229999999874e+02,-1.297529269999999997e+02,-3.787500000000000000e+02
-1.412273370000000057e+02,-1.407392570000000092e+02,-3.687500000000000000e+02
-1.566081989999999848e+02,-1.326826149999999984e+02,-3.687500000000000000e+02
-1.478191349999999886e+02,-1.297529269999999997e+02,-3.650000000000000000e+02
-1.423259699999999839e+02,-1.396406240000000025e+02,-3.600000000000000000e+02
-1.375652269999999930e+02,-1.268232390000000009e+02,-3.737500000000000000e+02
-1.456218690000000038e+02,-1.374433579999999893e+02,-3.631250000000000000e+02
-1.317058509999999956e+02,-1.359785139999999899e+02,-3.718750000000000000e+02
-1.353679609999999798e+02,-1.374433579999999893e+02,-3.593750000000000000e+02
-1.408611259999999845e+02,-1.308515600000000063e+02,-3.562500000000000000e+02
-1.481853459999999814e+02,-1.381757800000000032e+02,-3.650000000000000000e+02
-1.426921810000000050e+02,-1.224287070000000028e+02,-3.662500000000000000e+02
-1.397624930000000063e+02,-1.407392570000000092e+02,-3.637500000000000000e+02
-1.404949149999999918e+02,-1.422041010000000085e+02,-3.637500000000000000e+02
-1.306072179999999889e+02,-1.345136699999999905e+02,-3.675000000000000000e+02
-1.536785109999999861e+02,-1.374433579999999893e+02,-3.743750000000000000e+02
-1.382976490000000069e+02,-1.279218720000000076e+02,-3.593750000000000000e+02
-1.566081989999999848e+02,-1.290205050000000142e+02,-3.662500000000000000e+02
-1.441570250000000044e+02,-1.400068349999999953e+02,-3.725000000000000000e+02
-1.500164010000000019e+02,-1.202314410000000038e+02,-3.800000000000000000e+02
-1.386638599999999997e+02,-1.418378899999999874e+02,-3.600000000000000000e+02
-1.339031170000000088e+02,-1.268232390000000009e+02,-3.775000000000000000e+02
-1.339031170000000088e+02,-1.271894499999999937e+02,-3.743750000000000000e+02
-1.544109330000000000e+02,-1.264570280000000082e+02,-3.656250000000000000e+02
-1.364665939999999864e+02,-1.425703120000000013e+02,-3.675000000000000000e+02
-1.353679609999999798e+02,-1.418378899999999874e+02,-3.643750000000000000e+02
-1.364665939999999864e+02,-1.367109360000000038e+02,-3.662500000000000000e+02
-1.507488229999999874e+02,-1.392744130000000098e+02,-3.712500000000000000e+02
-1.485515570000000025e+02,-1.194990190000000041e+02,-3.787500000000000000e+02
-1.390300709999999924e+02,-1.403730459999999880e+02,-3.693750000000000000e+02
-1.382976490000000069e+02,-1.436689450000000079e+02,-3.650000000000000000e+02
-1.610027309999999829e+02,-1.198652299999999968e+02,-3.681250000000000000e+02
-1.339031170000000088e+02,-1.323164040000000057e+02,-3.606250000000000000e+02
-1.456218690000000038e+02,-1.282880830000000003e+02,-3.612500000000000000e+02
-1.353679609999999798e+02,-1.227949179999999956e+02,-3.768750000000000000e+02
-1.397624930000000063e+02,-1.257246059999999943e+02,-3.693750000000000000e+02
-1.485515570000000025e+02,-1.297529269999999997e+02,-3.637500000000000000e+02
-1.361003829999999937e+02,-1.308515600000000063e+02,-3.606250000000000000e+02
-1.375652269999999930e+02,-1.403730459999999880e+02,-3.593750000000000000e+02
-1.445232359999999971e+02,-1.392744130000000098e+02,-3.656250000000000000e+02
-1.522136669999999867e+02,-1.184003859999999975e+02,-3.768750000000000000e+02
-1.551433549999999855e+02,-1.326826149999999984e+02,-3.662500000000000000e+02
-1.404949149999999918e+02,-1.396406240000000025e+02,-3.668750000000000000e+02
-1.507488229999999874e+02,-1.334150370000000123e+02,-3.625000000000000000e+02
-1.331706949999999949e+02,-1.425703120000000013e+02,-3.693750000000000000e+02
-1.382976490000000069e+02,-1.422041010000000085e+02,-3.675000000000000000e+02
-1.536785109999999861e+02,-1.271894499999999937e+02,-3.756250000000000000e+02
-1.350017499999999870e+02,-1.315839819999999918e+02,-3.775000000000000000e+02
-1.481853459999999814e+02,-1.381757800000000032e+02,-3.637500000000000000e+02
-1.379314379999999858e+02,-1.323164040000000057e+02,-3.600000000000000000e+02
-1.368328050000000076e+02,-1.202314410000000038e+02,-3.800000000000000000e+02
-1.536785109999999861e+02,-1.213300739999999962e+02,-3.693750000000000000e+02
-1.393962819999999851e+02,-1.323164040000000057e+02,-3.762500000000000000e+02
-1.280437410000000114e+02,-1.370771469999999965e+02,-3.675000000000000000e+02
-1.382976490000000069e+02,-1.202314410000000038e+02,-3.787500000000000000e+02
-1.415935479999999984e+02,-1.381757800000000032e+02,-3.725000000000000000e+02
-1.503826119999999946e+02,-1.205976519999999965e+02,-3.800000000000000000e+02
-1.331706949999999949e+02,-1.308515600000000063e+02,-3.743750000000000000e+02
-1.441570250000000044e+02,-1.312177709999999990e+02,-3.575000000000000000e+02
-1.309734290000000101e+02,-1.348798810000000117e+02,-3.625000000000000000e+02
-1.393962819999999851e+02,-1.264570280000000082e+02,-3.625000000000000000e+02
-1.368328050000000076e+02,-1.297529269999999997e+02,-3.675000000000000000e+02
-1.529460890000000006e+02,-1.227949179999999956e+02,-3.681250000000000000e+02
-1.525798780000000079e+02,-1.389082019999999886e+02,-3.737500000000000000e+02
-1.339031170000000088e+02,-1.374433579999999893e+02,-3.581250000000000000e+02
-1.404949149999999918e+02,-1.304853489999999852e+02,-3.575000000000000000e+02
-1.368328050000000076e+02,-1.279218720000000076e+02,-3.731250000000000000e+02
-1.328044840000000022e+02,-1.293867160000000069e+02,-3.750000000000000000e+02
-1.361003829999999937e+02,-1.308515600000000063e+02,-3.781250000000000000e+02
-1.485515570000000025e+02,-1.352460920000000044e+02,-3.793750000000000000e+02
-1.430583919999999978e+02,-1.176679639999999978e+02,-3.725000000000000000e+02
-1.430583919999999978e+02,-1.147382759999999990e+02,-3.700000000000000000e+02
-1.452556579999999826e+02,-1.286542939999999930e+02,-3.562500000000000000e+02
-1.408611259999999845e+02,-1.176679639999999978e+02,-3.737500000000000000e+02
-1.419597589999999911e+02,-1.257246059999999943e+02,-3.581250000000000000e+02
-1.353679609999999798e+02,-1.308515600000000063e+02,-3.606250000000000000e+02
-1.500164010000000019e+02,-1.216962850000000032e+02,-3.725000000000000000e+02
-1.353679609999999798e+02,-1.297529269999999997e+02,-3.600000000000000000e+02
-1.496501900000000091e+02,-1.337812480000000050e+02,-3.662500000000000000e+02
-1.602703089999999975e+02,-1.205976519999999965e+02,-3.681250000000000000e+02
-1.426921810000000050e+02,-1.194990190000000041e+02,-3.587500000000000000e+02
-1.346355389999999943e+02,-1.315839819999999918e+02,-3.668750000000000000e+02
-1.419597589999999911e+02,-1.235273399999999953e+02,-3.581250000000000000e+02
-1.448894469999999899e+02,-1.345136699999999905e+02,-3.668750000000000000e+02
-1.397624930000000063e+02,-1.319501930000000129e+02,-3.650000000000000000e+02
-1.588054649999999981e+02,-1.191328079999999972e+02,-3.706250000000000000e+02
-1.529460890000000006e+02,-1.282880830000000003e+02,-3.625000000000000000e+02
-1.507488229999999874e+02,-1.337812480000000050e+02,-3.618750000000000000e+02
-1.503826119999999946e+02,-1.205976519999999965e+02,-3.775000000000000000e+02
-1.302410069999999962e+02,-1.425703120000000013e+02,-3.681250000000000000e+02
-1.470867130000000031e+02,-1.385419909999999959e+02,-3.675000000000000000e+02
-1.404949149999999918e+02,-1.359785139999999899e+02,-3.731250000000000000e+02
-1.404949149999999918e+02,-1.323164040000000057e+02,-3.768750000000000000e+02
-1.507488229999999874e+02,-1.293867160000000069e+02,-3.768750000000000000e+02
-1.551433549999999855e+02,-1.330488259999999912e+02,-3.731250000000000000e+02
-1.328044840000000022e+02,-1.330488259999999912e+02,-3.725000000000000000e+02
-1.357341720000000009e+02,-1.352460920000000044e+02,-3.725000000000000000e+02
-1.364665939999999864e+02,-1.440351560000000006e+02,-3.650000000000000000e+02
-1.500164010000000019e+02,-1.392744130000000098e+02,-3.725000000000000000e+02
-1.448894469999999899e+02,-1.392744130000000098e+02,-3.662500000000000000e+02
-1.339031170000000088e+02,-1.396406240000000025e+02,-3.606250000000000000e+02
-1.397624930000000063e+02,-1.253583950000000016e+02,-3.700000000000000000e+02
-1.463542909999999893e+02,-1.381757800000000032e+02,-3.656250000000000000e+02
-1.555095660000000066e+02,-1.345136699999999905e+02,-3.725000000000000000e+02
-1.434246029999999905e+02,-1.389082019999999886e+02,-3.631250000000000000e+02
-1.448894469999999899e+02,-1.400068349999999953e+02,-3.725000000000000000e+02
-1.306072179999999889e+02,-1.425703120000000013e+02,-3.650000000000000000e+02
-1.280437410000000114e+02,-1.411054680000000019e+02,-3.681250000000000000e+02
-1.577068319999999915e+02,-1.286542939999999930e+02,-3.712500000000000000e+02
-1.551433549999999855e+02,-1.227949179999999956e+02,-3.681250000000000000e+02
-1.551433549999999855e+02,-1.345136699999999905e+02,-3.731250000000000000e+02
-1.390300709999999924e+02,-1.436689450000000079e+02,-3.650000000000000000e+02
-1.412273370000000057e+02,-1.319501930000000129e+02,-3.662500000000000000e+02
-1.456218690000000038e+02,-1.286542939999999930e+02,-3.606250000000000000e+02
-1.617351529999999968e+02,-1.268232390000000009e+02,-3.687500000000000000e+02
-1.492839789999999880e+02,-1.213300739999999962e+02,-3.681250000000000000e+02
-1.412273370000000057e+02,-1.176679639999999978e+02,-3.756250000000000000e+02
-1.408611259999999845e+02,-1.293867160000000069e+02,-3.612500000000000000e+02
-1.434246029999999905e+02,-1.403730459999999880e+02,-3.631250000000000000e+02
-1.467205020000000104e+02,-1.191328079999999972e+02,-3.750000000000000000e+02
-1.364665939999999864e+02,-1.345136699999999905e+02,-3.637500000000000000e+02
-1.536785109999999861e+02,-1.385419909999999959e+02,-3.725000000000000000e+02
-1.522136669999999867e+02,-1.216962850000000032e+02,-3.700000000000000000e+02
-1.306072179999999889e+02,-1.433027339999999867e+02,-3.675000000000000000e+02
-1.463542909999999893e+02,-1.352460920000000044e+02,-3.668750000000000000e+02
-1.397624930000000063e+02,-1.392744130000000098e+02,-3.662500000000000000e+02
-1.522136669999999867e+02,-1.191328079999999972e+02,-3.756250000000000000e+02
-1.481853459999999814e+02,-1.293867160000000069e+02,-3.625000000000000000e+02
-1.544109330000000000e+02,-1.257246059999999943e+02,-3.756250000000000000e+02
-1.269451080000000047e+02,-1.359785139999999899e+02,-3.700000000000000000e+02
-1.441570250000000044e+02,-1.337812480000000050e+02,-3.781250000000000000e+02
-1.463542909999999893e+02,-1.374433579999999893e+02,-3.781250000000000000e+02
-1.478191349999999886e+02,-1.319501930000000129e+02,-3.587500000000000000e+02
-1.309734290000000101e+02,-1.447675779999999861e+02,-3.656250000000000000e+02
-1.368328050000000076e+02,-1.312177709999999990e+02,-3.700000000000000000e+02
-1.350017499999999870e+02,-1.374433579999999893e+02,-3.612500000000000000e+02
-1.401287039999999990e+02,-1.213300739999999962e+02,-3.787500000000000000e+02
-1.302410069999999962e+02,-1.392744130000000098e+02,-3.700000000000000000e+02
-1.375652269999999930e+02,-1.400068349999999953e+02,-3.700000000000000000e+02
-1.364665939999999864e+02,-1.403730459999999880e+02,-3.625000000000000000e+02
-1.518474559999999940e+02,-1.389082019999999886e+02,-3.737500000000000000e+02
-1.335369059999999877e+02,-1.235273399999999953e+02,-3.800000000000000000e+02
-1.412273370000000057e+02,-1.231611290000000025e+02,-3.650000000000000000e+02
-1.492839789999999880e+02,-1.370771469999999965e+02,-3.650000000000000000e+02
-1.273113189999999975e+02,-1.359785139999999899e+02,-3.693750000000000000e+02
-1.551433549999999855e+02,-1.249921839999999946e+02,-3.731250000000000000e+02
-1.426921810000000050e+02,-1.143720649999999921e+02,-3.700000000000000000e+02
-1.500164010000000019e+02,-1.235273399999999953e+02,-3.781250000000000000e+02
-1.346355389999999943e+02,-1.400068349999999953e+02,-3.637500000000000000e+02
-1.382976490000000069e+02,-1.359785139999999899e+02,-3.668750000000000000e+02
-1.375652269999999930e+02,-1.436689450000000079e+02,-3.650000000000000000e+02
-1.397624930000000063e+02,-1.356123029999999972e+02,-3.737500000000000000e+02
-1.412273370000000057e+02,-1.213300739999999962e+02,-3.793750000000000000e+02
-1.441570250000000044e+02,-1.400068349999999953e+02,-3.700000000000000000e+02
-1.265788969999999978e+02,-1.396406240000000025e+02,-3.681250000000000000e+02
-1.511150340000000085e+02,-1.330488259999999912e+02,-3.650000000000000000e+02
-1.430583919999999978e+02,-1.191328079999999972e+02,-3.750000000000000000e+02
-1.408611259999999845e+02,-1.205976519999999965e+02,-3.587500000000000000e+02
-1.547771439999999927e+02,-1.323164040000000057e+02,-3.737500000000000000e+02
-1.408611259999999845e+02,-1.293867160000000069e+02,-3.575000000000000000e+02
-1.500164010000000019e+02,-1.297529269999999997e+02,-3.775000000000000000e+02
-1.467205020000000104e+02,-1.293867160000000069e+02,-3.800000000000000000e+02
-1.375652269999999930e+02,-1.352460920000000044e+02,-3.731250000000000000e+02
-1.412273370000000057e+02,-1.198652299999999968e+02,-3.731250000000000000e+02
-1.368328050000000076e+02,-1.249921839999999946e+02,-3.793750000000000000e+02
-1.361003829999999937e+02,-1.275556610000000006e+02,-3.600000000000000000e+02
-1.309734290000000101e+02,-1.345136699999999905e+02,-3.668750000000000000e+02
-1.280437410000000114e+02,-1.392744130000000098e+02,-3.687500000000000000e+02
-1.353679609999999798e+02,-1.345136699999999905e+02,-3.731250000000000000e+02
-1.412273370000000057e+02,-1.381757800000000032e+02,-3.681250000000000000e+02
-1.339031170000000088e+02,-1.370771469999999965e+02,-3.637500000000000000e+02
-1.404949149999999918e+02,-1.198652299999999968e+02,-3.743750000000000000e+02
-1.507488229999999874e+02,-1.220624959999999959e+02,-3.693750000000000000e+02
-1.434246029999999905e+02,-1.202314410000000038e+02,-3.775000000000000000e+02
-1.430583919999999978e+02,-1.257246059999999943e+02,-3.562500000000000000e+02
-1.364665939999999864e+02,-1.293867160000000069e+02,-3.625000000000000000e+02
-1.500164010000000019e+02,-1.290205050000000142e+02,-3.775000000000000000e+02
-1.331706949999999949e+02,-1.352460920000000044e+02,-3.593750000000000000e+02
-1.544109330000000000e+02,-1.238935510000000022e+02,-3.737500000000000000e+02
-1.317058509999999956e+02,-1.334150370000000123e+02,-3.637500000000000000e+02
-1.470867130000000031e+02,-1.385419909999999959e+02,-3.762500000000000000e+02
-1.489177679999999953e+02,-1.337812480000000050e+02,-3.587500000000000000e+02
-1.478191349999999886e+02,-1.246259730000000019e+02,-3.612500000000000000e+02
-1.404949149999999918e+02,-1.169355419999999981e+02,-3.768750000000000000e+02
-1.478191349999999886e+02,-1.381757800000000032e+02,-3.606250000000000000e+02
-1.302410069999999962e+02,-1.348798810000000117e+02,-3.687500000000000000e+02
-1.555095660000000066e+02,-1.352460920000000044e+02,-3.725000000000000000e+02
-1.408611259999999845e+02,-1.308515600000000063e+02,-3.587500000000000000e+02
-1.467205020000000104e+02,-1.235273399999999953e+02,-3.800000000000000000e+02
-1.375652269999999930e+02,-1.304853489999999852e+02,-3.700000000000000000e+02
-1.328044840000000022e+02,-1.235273399999999953e+02,-3.762500000000000000e+02
-1.412273370000000057e+02,-1.224287070000000028e+02,-3.637500000000000000e+02
-1.408611259999999845e+02,-1.235273399999999953e+02,-3.587500000000000000e+02
-1.295085849999999823e+02,-1.345136699999999905e+02,-3.693750000000000000e+02
-1.441570250000000044e+02,-1.297529269999999997e+02,-3.650000000000000000e+02
-1.511150340000000085e+02,-1.381757800000000032e+02,-3.737500000000000000e+02
-1.540447220000000073e+02,-1.286542939999999930e+02,-3.625000000000000000e+02
-1.492839789999999880e+02,-1.363447250000000111e+02,-3.625000000000000000e+02
-1.364665939999999864e+02,-1.279218720000000076e+02,-3.737500000000000000e+02
-1.434246029999999905e+02,-1.220624959999999959e+02,-3.581250000000000000e+02
-1.573406209999999987e+02,-1.205976519999999965e+02,-3.706250000000000000e+02
-1.500164010000000019e+02,-1.308515600000000063e+02,-3.793750000000000000e+02
-1.448894469999999899e+02,-1.378095690000000104e+02,-3.625000000000000000e+02
-1.273113189999999975e+02,-1.359785139999999899e+02,-3.706250000000000000e+02
-1.467205020000000104e+02,-1.359785139999999899e+02,-3.612500000000000000e+02
-1.371990160000000003e+02,-1.227949179999999956e+02,-3.775000000000000000e+02
-1.540447220000000073e+02,-1.367109360000000038e+02,-3.762500000000000000e+02
-1.357341720000000009e+02,-1.367109360000000038e+02,-3.650000000000000000e+02
-1.452556579999999826e+02,-1.381757800000000032e+02,-3.662500000000000000e+02
-1.335369059999999877e+02,-1.323164040000000057e+02,-3.612500000000000000e+02
-1.536785109999999861e+02,-1.293867160000000069e+02,-3.618750000000000000e+02
-1.302410069999999962e+02,-1.326826149999999984e+02,-3.700000000000000000e+02
-1.408611259999999845e+02,-1.198652299999999968e+02,-3.737500000000000000e+02
-1.492839789999999880e+02,-1.337812480000000050e+02,-3.631250000000000000e+02
-1.580730429999999842e+02,-1.286542939999999930e+02,-3.706250000000000000e+02
-1.522136669999999867e+02,-1.396406240000000025e+02,-3.718750000000000000e+02
-1.540447220000000073e+02,-1.205976519999999965e+02,-3.725000000000000000e+02
-1.430583919999999978e+02,-1.184003859999999975e+02,-3.737500000000000000e+02
-1.368328050000000076e+02,-1.249921839999999946e+02,-3.743750000000000000e+02
-1.379314379999999858e+02,-1.271894499999999937e+02,-3.600000000000000000e+02
-1.324382729999999810e+02,-1.326826149999999984e+02,-3.675000000000000000e+02
-1.456218690000000038e+02,-1.389082019999999886e+02,-3.743750000000000000e+02
-1.434246029999999905e+02,-1.403730459999999880e+02,-3.618750000000000000e+02
-1.309734290000000101e+02,-1.345136699999999905e+02,-3.718750000000000000e+02
-1.368328050000000076e+02,-1.356123029999999972e+02,-3.725000000000000000e+02
-1.412273370000000057e+02,-1.385419909999999959e+02,-3.675000000000000000e+02
-1.346355389999999943e+02,-1.396406240000000025e+02,-3.706250000000000000e+02
-1.529460890000000006e+02,-1.334150370000000123e+02,-3.762500000000000000e+02
-1.474529239999999959e+02,-1.213300739999999962e+02,-3.625000000000000000e+02
-1.463542909999999893e+02,-1.370771469999999965e+02,-3.600000000000000000e+02
-1.353679609999999798e+02,-1.253583950000000016e+02,-3.787500000000000000e+02
-1.339031170000000088e+02,-1.381757800000000032e+02,-3.656250000000000000e+02
-1.375652269999999930e+02,-1.418378899999999874e+02,-3.681250000000000000e+02
-1.533122999999999934e+02,-1.184003859999999975e+02,-3.775000000000000000e+02
-1.353679609999999798e+02,-1.257246059999999943e+02,-3.781250000000000000e+02
-1.558757769999999994e+02,-1.282880830000000003e+02,-3.662500000000000000e+02
-1.346355389999999943e+02,-1.319501930000000129e+02,-3.675000000000000000e+02
-1.492839789999999880e+02,-1.315839819999999918e+02,-3.793750000000000000e+02
-1.470867130000000031e+02,-1.352460920000000044e+02,-3.793750000000000000e+02
-1.426921810000000050e+02,-1.173017529999999908e+02,-3.725000000000000000e+02
-1.404949149999999918e+02,-1.356123029999999972e+02,-3.737500000000000000e+02
-1.361003829999999937e+02,-1.425703120000000013e+02,-3.643750000000000000e+02
-1.397624930000000063e+02,-1.312177709999999990e+02,-3.637500000000000000e+02
-1.280437410000000114e+02,-1.389082019999999886e+02,-3.693750000000000000e+02
-1.368328050000000076e+02,-1.231611290000000025e+02,-3.750000000000000000e+02
-1.492839789999999880e+02,-1.216962850000000032e+02,-3.712500000000000000e+02
-1.382976490000000069e+02,-1.400068349999999953e+02,-3.600000000000000000e+02
-1.580730429999999842e+02,-1.191328079999999972e+02,-3.706250000000000000e+02
-1.317058509999999956e+02,-1.367109360000000038e+02,-3.706250000000000000e+02
-1.426921810000000050e+02,-1.407392570000000092e+02,-3.625000000000000000e+02
-1.430583919999999978e+02,-1.169355419999999981e+02,-3.700000000000000000e+02
-1.529460890000000006e+02,-1.271894499999999937e+02,-3.631250000000000000e+02
-1.536785109999999861e+02,-1.227949179999999956e+02,-3.781250000000000000e+02
-1.470867130000000031e+02,-1.194990190000000041e+02,-3.675000000000000000e+02
-1.470867130000000031e+02,-1.191328079999999972e+02,-3.706250000000000000e+02
-1.452556579999999826e+02,-1.308515600000000063e+02,-3.787500000000000000e+02
-1.353679609999999798e+02,-1.348798810000000117e+02,-3.625000000000000000e+02
-1.328044840000000022e+02,-1.418378899999999874e+02,-3.650000000000000000e+02
-1.434246029999999905e+02,-1.396406240000000025e+02,-3.656250000000000000e+02
-1.320720619999999883e+02,-1.367109360000000038e+02,-3.587500000000000000e+02
-1.390300709999999924e+02,-1.345136699999999905e+02,-3.668750000000000000e+02
-1.404949149999999918e+02,-1.165693310000000054e+02,-3.762500000000000000e+02
-1.415935479999999984e+02,-1.293867160000000069e+02,-3.637500000000000000e+02
-1.265788969999999978e+02,-1.403730459999999880e+02,-3.656250000000000000e+02
-1.503826119999999946e+02,-1.220624959999999959e+02,-3.687500000000000000e+02
-1.339031170000000088e+02,-1.242597619999999949e+02,-3.756250000000000000e+02
-1.419597589999999911e+02,-1.407392570000000092e+02,-3.662500000000000000e+02
-1.324382729999999810e+02,-1.246259730000000019e+02,-3.750000000000000000e+02
-1.522136669999999867e+02,-1.209638630000000035e+02,-3.737500000000000000e+02
-1.470867130000000031e+02,-1.315839819999999918e+02,-3.793750000000000000e+02
-1.361003829999999937e+02,-1.440351560000000006e+02,-3.643750000000000000e+02
-1.350017499999999870e+02,-1.352460920000000044e+02,-3.612500000000000000e+02
-1.412273370000000057e+02,-1.264570280000000082e+02,-3.793750000000000000e+02
-1.382976490000000069e+02,-1.425703120000000013e+02,-3.656250000000000000e+02
-1.339031170000000088e+02,-1.286542939999999930e+02,-3.731250000000000000e+02
-1.470867130000000031e+02,-1.191328079999999972e+02,-3.643750000000000000e+02
-1.448894469999999899e+02,-1.187665970000000044e+02,-3.762500000000000000e+02
-1.382976490000000069e+02,-1.418378899999999874e+02,-3.681250000000000000e+02
-1.339031170000000088e+02,-1.238935510000000022e+02,-3.800000000000000000e+02
-1.507488229999999874e+02,-1.301191379999999924e+02,-3.793750000000000000e+02
-1.452556579999999826e+02,-1.213300739999999962e+02,-3.600000000000000000e+02
-1.529460890000000006e+02,-1.301191379999999924e+02,-3.768750000000000000e+02
-1.287761629999999968e+02,-1.436689450000000079e+02,-3.662500000000000000e+02
-1.404949149999999918e+02,-1.389082019999999886e+02,-3.706250000000000000e+02
-1.467205020000000104e+02,-1.374433579999999893e+02,-3.662500000000000000e+02
-1.404949149999999918e+02,-1.253583950000000016e+02,-3.650000000000000000e+02
-1.368328050000000076e+02,-1.308515600000000063e+02,-3.606250000000000000e+02
-1.595378869999999836e+02,-1.184003859999999975e+02,-3.681250000000000000e+02
-1.580730429999999842e+02,-1.290205050000000142e+02,-3.687500000000000000e+02
-1.368328050000000076e+02,-1.308515600000000063e+02,-3.706250000000000000e+02
-1.485515570000000025e+02,-1.359785139999999899e+02,-3.668750000000000000e+02
-1.412273370000000057e+02,-1.345136699999999905e+02,-3.568750000000000000e+02
-1.335369059999999877e+02,-1.235273399999999953e+02,-3.775000000000000000e+02
-1.588054649999999981e+02,-1.198652299999999968e+02,-3.681250000000000000e+02
-1.371990160000000003e+02,-1.381757800000000032e+02,-3.662500000000000000e+02
-1.558757769999999994e+02,-1.330488259999999912e+02,-3.706250000000000000e+02
-1.309734290000000101e+02,-1.337812480000000050e+02,-3.718750000000000000e+02
-1.547771439999999927e+02,-1.359785139999999899e+02,-3.700000000000000000e+02
-1.489177679999999953e+02,-1.235273399999999953e+02,-3.637500000000000000e+02
-1.397624930000000063e+02,-1.389082019999999886e+02,-3.706250000000000000e+02
-1.459880799999999965e+02,-1.191328079999999972e+02,-3.687500000000000000e+02
-1.397624930000000063e+02,-1.330488259999999912e+02,-3.581250000000000000e+02
-1.331706949999999949e+02,-1.312177709999999990e+02,-3.650000000000000000e+02
-1.382976490000000069e+02,-1.385419909999999959e+02,-3.662500000000000000e+02
-1.503826119999999946e+02,-1.367109360000000038e+02,-3.650000000000000000e+02
-1.456218690000000038e+02,-1.279218720000000076e+02,-3.643750000000000000e+02
-1.456218690000000038e+02,-1.202314410000000038e+02,-3.612500000000000000e+02
-1.331706949999999949e+02,-1.359785139999999899e+02,-3.718750000000000000e+02
-1.397624930000000063e+02,-1.374433579999999893e+02,-3.718750000000000000e+02
-1.441570250000000044e+02,-1.249921839999999946e+02,-3.593750000000000000e+02
-1.324382729999999810e+02,-1.403730459999999880e+02,-3.656250000000000000e+02
-1.401287039999999990e+02,-1.308515600000000063e+02,-3.575000000000000000e+02
-1.426921810000000050e+02,-1.191328079999999972e+02,-3.756250000000000000e+02
-1.507488229999999874e+02,-1.370771469999999965e+02,-3.675000000000000000e+02
-1.430583919999999978e+02,-1.345136699999999905e+02,-3.562500000000000000e+02
-1.569744100000000060e+02,-1.308515600000000063e+02,-3.625000000000000000e+02
-1.448894469999999899e+02,-1.385419909999999959e+02,-3.600000000000000000e+02
-1.353679609999999798e+02,-1.286542939999999930e+02,-3.768750000000000000e+02
-1.361003829999999937e+02,-1.374433579999999893e+02,-3.656250000000000000e+02
-1.361003829999999937e+02,-1.301191379999999924e+02,-3.606250000000000000e+02
-1.346355389999999943e+02,-1.249921839999999946e+02,-3.781250000000000000e+02
-1.382976490000000069e+02,-1.341474589999999978e+02,-3.662500000000000000e+02
-1.404949149999999918e+02,-1.385419909999999959e+02,-3.675000000000000000e+02
-1.382976490000000069e+02,-1.293867160000000069e+02,-3.681250000000000000e+02
-1.353679609999999798e+02,-1.403730459999999880e+02,-3.706250000000000000e+02
-1.419597589999999911e+02,-1.227949179999999956e+02,-3.656250000000000000e+02
-1.353679609999999798e+02,-1.378095690000000104e+02,-3.612500000000000000e+02
-1.507488229999999874e+02,-1.359785139999999899e+02,-3.793750000000000000e+02
-1.339031170000000088e+02,-1.315839819999999918e+02,-3.668750000000000000e+02
-1.485515570000000025e+02,-1.363447250000000111e+02,-3.787500000000000000e+02
-1.328044840000000022e+02,-1.323164040000000057e+02,-3.662500000000000000e+02
-1.507488229999999874e+02,-1.385419909999999959e+02,-3.725000000000000000e+02
-1.485515570000000025e+02,-1.337812480000000050e+02,-3.668750000000000000e+02
-1.463542909999999893e+02,-1.381757800000000032e+02,-3.643750000000000000e+02
-1.456218690000000038e+02,-1.400068349999999953e+02,-3.612500000000000000e+02
-1.536785109999999861e+02,-1.268232390000000009e+02,-3.637500000000000000e+02
-1.536785109999999861e+02,-1.282880830000000003e+02,-3.625000000000000000e+02
-1.419597589999999911e+02,-1.301191379999999924e+02,-3.781250000000000000e+02
-1.511150340000000085e+02,-1.301191379999999924e+02,-3.612500000000000000e+02
-1.536785109999999861e+02,-1.202314410000000038e+02,-3.775000000000000000e+02
-1.390300709999999924e+02,-1.264570280000000082e+02,-3.656250000000000000e+02
-1.481853459999999814e+02,-1.213300739999999962e+02,-3.662500000000000000e+02
-1.511150340000000085e+02,-1.198652299999999968e+02,-3.775000000000000000e+02
-1.419597589999999911e+02,-1.330488259999999912e+02,-3.568750000000000000e+02
-1.426921810000000050e+02,-1.271894499999999937e+02,-3.568750000000000000e+02
-1.441570250000000044e+02,-1.169355419999999981e+02,-3.706250000000000000e+02
-1.441570250000000044e+02,-1.191328079999999972e+02,-3.706250000000000000e+02
-1.500164010000000019e+02,-1.205976519999999965e+02,-3.756250000000000000e+02
-1.536785109999999861e+02,-1.378095690000000104e+02,-3.737500000000000000e+02
-1.287761629999999968e+02,-1.389082019999999886e+02,-3.693750000000000000e+02
-1.463542909999999893e+02,-1.286542939999999930e+02,-3.581250000000000000e+02
-1.507488229999999874e+02,-1.235273399999999953e+02,-3.781250000000000000e+02
-1.492839789999999880e+02,-1.392744130000000098e+02,-3.725000000000000000e+02
-1.346355389999999943e+02,-1.359785139999999899e+02,-3.581250000000000000e+02
-1.445232359999999971e+02,-1.184003859999999975e+02,-3.712500000000000000e+02
-1.375652269999999930e+02,-1.282880830000000003e+02,-3.787500000000000000e+02
-1.357341720000000009e+02,-1.337812480000000050e+02,-3.587500000000000000e+02
-1.492839789999999880e+02,-1.238935510000000022e+02,-3.787500000000000000e+02
-1.467205020000000104e+02,-1.198652299999999968e+02,-3.675000000000000000e+02
-1.412273370000000057e+02,-1.400068349999999953e+02,-3.637500000000000000e+02
-1.412273370000000057e+02,-1.209638630000000035e+02,-3.612500000000000000e+02
-1.353679609999999798e+02,-1.279218720000000076e+02,-3.768750000000000000e+02
-1.346355389999999943e+02,-1.224287070000000028e+02,-3.800000000000000000e+02
-1.324382729999999810e+02,-1.396406240000000025e+02,-3.656250000000000000e+02
-1.317058509999999956e+02,-1.323164040000000057e+02,-3.706250000000000000e+02
-1.426921810000000050e+02,-1.147382759999999990e+02,-3.706250000000000000e+02
-1.423259699999999839e+02,-1.213300739999999962e+02,-3.787500000000000000e+02
-1.317058509999999956e+02,-1.403730459999999880e+02,-3.706250000000000000e+02
-1.339031170000000088e+02,-1.293867160000000069e+02,-3.756250000000000000e+02
-1.280437410000000114e+02,-1.345136699999999905e+02,-3.693750000000000000e+02
-1.324382729999999810e+02,-1.381757800000000032e+02,-3.706250000000000000e+02
-1.353679609999999798e+02,-1.319501930000000129e+02,-3.700000000000000000e+02
-1.382976490000000069e+02,-1.257246059999999943e+02,-3.743750000000000000e+02
-1.353679609999999798e+02,-1.257246059999999943e+02,-3.743750000000000000e+02
-1.456218690000000038e+02,-1.286542939999999930e+02,-3.793750000000000000e+02
-1.500164010000000019e+02,-1.257246059999999943e+02,-3.781250000000000000e+02
-1.602703089999999975e+02,-1.282880830000000003e+02,-3.687500000000000000e+02
-1.324382729999999810e+02,-1.396406240000000025e+02,-3.706250000000000000e+02
-1.390300709999999924e+02,-1.312177709999999990e+02,-3.625000000000000000e+02
-1.401287039999999990e+02,-1.198652299999999968e+02,-3.750000000000000000e+02
-1.412273370000000057e+02,-1.235273399999999953e+02,-3.656250000000000000e+02
-1.544109330000000000e+02,-1.293867160000000069e+02,-3.743750000000000000e+02
-1.361003829999999937e+02,-1.345136699999999905e+02,-3.593750000000000000e+02
-1.335369059999999877e+02,-1.323164040000000057e+02,-3.675000000000000000e+02
-1.357341720000000009e+02,-1.315839819999999918e+02,-3.700000000000000000e+02
-1.551433549999999855e+02,-1.356123029999999972e+02,-3.687500000000000000e+02
-1.426921810000000050e+02,-1.220624959999999959e+02,-3.706250000000000000e+02
-1.309734290000000101e+02,-1.359785139999999899e+02,-3.631250000000000000e+02
-1.456218690000000038e+02,-1.205976519999999965e+02,-3.693750000000000000e+02
-1.404949149999999918e+02,-1.315839819999999918e+02,-3.781250000000000000e+02
-1.390300709999999924e+02,-1.396406240000000025e+02,-3.656250000000000000e+02
-1.375652269999999930e+02,-1.374433579999999893e+02,-3.668750000000000000e+02
-1.562419879999999921e+02,-1.330488259999999912e+02,-3.687500000000000000e+02
-1.401287039999999990e+02,-1.301191379999999924e+02,-3.625000000000000000e+02
-1.361003829999999937e+02,-1.392744130000000098e+02,-3.600000000000000000e+02
-1.503826119999999946e+02,-1.308515600000000063e+02,-3.625000000000000000e+02
-1.291423739999999896e+02,-1.440351560000000006e+02,-3.650000000000000000e+02
-1.397624930000000063e+02,-1.286542939999999930e+02,-3.593750000000000000e+02
-1.375652269999999930e+02,-1.279218720000000076e+02,-3.618750000000000000e+02
-1.404949149999999918e+02,-1.231611290000000025e+02,-3.750000000000000000e+02
-1.412273370000000057e+02,-1.275556610000000006e+02,-3.787500000000000000e+02
-1.339031170000000088e+02,-1.425703120000000013e+02,-3.693750000000000000e+02
-1.492839789999999880e+02,-1.249921839999999946e+02,-3.631250000000000000e+02
-1.588054649999999981e+02,-1.282880830000000003e+02,-3.700000000000000000e+02
-1.368328050000000076e+02,-1.308515600000000063e+02,-3.781250000000000000e+02
-1.404949149999999918e+02,-1.249921839999999946e+02,-3.656250000000000000e+02
-1.353679609999999798e+02,-1.363447250000000111e+02,-3.625000000000000000e+02
-1.478191349999999886e+02,-1.194990190000000041e+02,-3.662500000000000000e+02
-1.463542909999999893e+02,-1.367109360000000038e+02,-3.606250000000000000e+02
-1.544109330000000000e+02,-1.209638630000000035e+02,-3.700000000000000000e+02
-1.566081989999999848e+02,-1.293867160000000069e+02,-3.656250000000000000e+02
-1.441570250000000044e+02,-1.198652299999999968e+02,-3.706250000000000000e+02
-1.368328050000000076e+02,-1.319501930000000129e+02,-3.600000000000000000e+02
-1.434246029999999905e+02,-1.385419909999999959e+02,-3.625000000000000000e+02
-1.317058509999999956e+02,-1.381757800000000032e+02,-3.656250000000000000e+02
-1.331706949999999949e+02,-1.293867160000000069e+02,-3.756250000000000000e+02
-1.544109330000000000e+02,-1.363447250000000111e+02,-3.725000000000000000e+02
-1.397624930000000063e+02,-1.389082019999999886e+02,-3.668750000000000000e+02
-1.415935479999999984e+02,-1.205976519999999965e+02,-3.612500000000000000e+02
-1.514812450000000013e+02,-1.220624959999999959e+02,-3.693750000000000000e+02
-1.492839789999999880e+02,-1.396406240000000025e+02,-3.706250000000000000e+02
-1.393962819999999851e+02,-1.271894499999999937e+02,-3.800000000000000000e+02
-1.500164010000000019e+02,-1.209638630000000035e+02,-3.750000000000000000e+02
-1.573406209999999987e+02,-1.282880830000000003e+02,-3.712500000000000000e+02
-1.415935479999999984e+02,-1.279218720000000076e+02,-3.575000000000000000e+02
-1.558757769999999994e+02,-1.242597619999999949e+02,-3.693750000000000000e+02
-1.404949149999999918e+02,-1.312177709999999990e+02,-3.587500000000000000e+02
-1.485515570000000025e+02,-1.246259730000000019e+02,-3.625000000000000000e+02
-1.562419879999999921e+02,-1.323164040000000057e+02,-3.712500000000000000e+02
-1.441570250000000044e+02,-1.403730459999999880e+02,-3.706250000000000000e+02
-1.496501900000000091e+02,-1.279218720000000076e+02,-3.787500000000000000e+02
-1.492839789999999880e+02,-1.297529269999999997e+02,-3.637500000000000000e+02
-1.507488229999999874e+02,-1.216962850000000032e+02,-3.712500000000000000e+02
-1.324382729999999810e+02,-1.238935510000000022e+02,-3.762500000000000000e+02
-1.434246029999999905e+02,-1.396406240000000025e+02,-3.718750000000000000e+02
-1.448894469999999899e+02,-1.385419909999999959e+02,-3.662500000000000000e+02
-1.448894469999999899e+02,-1.216962850000000032e+02,-3.662500000000000000e+02
-1.386638599999999997e+02,-1.279218720000000076e+02,-3.662500000000000000e+02
-1.331706949999999949e+02,-1.235273399999999953e+02,-3.756250000000000000e+02
-1.434246029999999905e+02,-1.169355419999999981e+02,-3.706250000000000000e+02
-1.368328050000000076e+02,-1.334150370000000123e+02,-3.587500000000000000e+02
-1.511150340000000085e+02,-1.341474589999999978e+02,-3.643750000000000000e+02
-1.375652269999999930e+02,-1.323164040000000057e+02,-3.743750000000000000e+02
-1.412273370000000057e+02,-1.253583950000000016e+02,-3.687500000000000000e+02
-1.382976490000000069e+02,-1.323164040000000057e+02,-3.593750000000000000e+02
-1.390300709999999924e+02,-1.315839819999999918e+02,-3.768750000000000000e+02
-1.503826119999999946e+02,-1.293867160000000069e+02,-3.787500000000000000e+02
-1.287761629999999968e+02,-1.433027339999999867e+02,-3.656250000000000000e+02
-1.507488229999999874e+02,-1.209638630000000035e+02,-3.787500000000000000e+02
-1.346355389999999943e+02,-1.304853489999999852e+02,-3.775000000000000000e+02
-1.280437410000000114e+02,-1.359785139999999899e+02,-3.706250000000000000e+02
-1.419597589999999911e+02,-1.151044870000000060e+02,-3.700000000000000000e+02
-1.478191349999999886e+02,-1.202314410000000038e+02,-3.712500000000000000e+02
-1.544109330000000000e+02,-1.374433579999999893e+02,-3.706250000000000000e+02
-1.448894469999999899e+02,-1.363447250000000111e+02,-3.775000000000000000e+02
-1.404949149999999918e+02,-1.308515600000000063e+02,-3.643750000000000000e+02
-1.496501900000000091e+02,-1.235273399999999953e+02,-3.787500000000000000e+02
-1.485515570000000025e+02,-1.363447250000000111e+02,-3.662500000000000000e+02
-1.408611259999999845e+02,-1.403730459999999880e+02,-3.637500000000000000e+02
-1.284099520000000041e+02,-1.433027339999999867e+02,-3.662500000000000000e+02
-1.558757769999999994e+02,-1.271894499999999937e+02,-3.668750000000000000e+02
-1.555095660000000066e+02,-1.330488259999999912e+02,-3.725000000000000000e+02
-1.357341720000000009e+02,-1.301191379999999924e+02,-3.662500000000000000e+02
-1.401287039999999990e+02,-1.315839819999999918e+02,-3.775000000000000000e+02
-1.434246029999999905e+02,-1.271894499999999937e+02,-3.793750000000000000e+02
-1.339031170000000088e+02,-1.330488259999999912e+02,-3.731250000000000000e+02
-1.536785109999999861e+02,-1.264570280000000082e+02,-3.643750000000000000e+02
-1.551433549999999855e+02,-1.293867160000000069e+02,-3.743750000000000000e+02
-1.269451080000000047e+02,-1.352460920000000044e+02,-3.700000000000000000e+02
-1.324382729999999810e+02,-1.227949179999999956e+02,-3.768750000000000000e+02
-1.448894469999999899e+02,-1.381757800000000032e+02,-3.743750000000000000e+02
-1.536785109999999861e+02,-1.249921839999999946e+02,-3.756250000000000000e+02
-1.588054649999999981e+02,-1.293867160000000069e+02,-3.681250000000000000e+02
-1.419597589999999911e+02,-1.396406240000000025e+02,-3.606250000000000000e+02
-1.346355389999999943e+02,-1.312177709999999990e+02,-3.750000000000000000e+02
-1.434246029999999905e+02,-1.330488259999999912e+02,-3.668750000000000000e+02
-1.514812450000000013e+02,-1.260908170000000013e+02,-3.637500000000000000e+02
-1.536785109999999861e+02,-1.367109360000000038e+02,-3.768750000000000000e+02
-1.357341720000000009e+02,-1.389082019999999886e+02,-3.625000000000000000e+02
-1.404949149999999918e+02,-1.213300739999999962e+02,-3.793750000000000000e+02
-1.562419879999999921e+02,-1.249921839999999946e+02,-3.750000000000000000e+02
-1.280437410000000114e+02,-1.418378899999999874e+02,-3.668750000000000000e+02
-1.617351529999999968e+02,-1.286542939999999930e+02,-3.681250000000000000e+02
-1.408611259999999845e+02,-1.213300739999999962e+02,-3.750000000000000000e+02
-1.419597589999999911e+02,-1.191328079999999972e+02,-3.718750000000000000e+02
-1.529460890000000006e+02,-1.297529269999999997e+02,-3.762500000000000000e+02
-1.481853459999999814e+02,-1.286542939999999930e+02,-3.600000000000000000e+02
-1.441570250000000044e+02,-1.293867160000000069e+02,-3.593750000000000000e+02
-1.397624930000000063e+02,-1.422041010000000085e+02,-3.637500000000000000e+02
-1.518474559999999940e+02,-1.337812480000000050e+02,-3.775000000000000000e+02
-1.287761629999999968e+02,-1.425703120000000013e+02,-3.668750000000000000e+02
-1.390300709999999924e+02,-1.235273399999999953e+02,-3.756250000000000000e+02
-1.353679609999999798e+02,-1.367109360000000038e+02,-3.581250000000000000e+02
-1.434246029999999905e+02,-1.202314410000000038e+02,-3.762500000000000000e+02
-1.566081989999999848e+02,-1.297529269999999997e+02,-3.625000000000000000e+02
-1.518474559999999940e+02,-1.352460920000000044e+02,-3.787500000000000000e+02
-1.478191349999999886e+02,-1.367109360000000038e+02,-3.593750000000000000e+02
-1.408611259999999845e+02,-1.345136699999999905e+02,-3.750000000000000000e+02
-1.419597589999999911e+02,-1.396406240000000025e+02,-3.668750000000000000e+02
-1.393962819999999851e+02,-1.264570280000000082e+02,-3.650000000000000000e+02
-1.361003829999999937e+02,-1.315839819999999918e+02,-3.756250000000000000e+02
-1.368328050000000076e+02,-1.301191379999999924e+02,-3.781250000000000000e+02
-1.386638599999999997e+02,-1.330488259999999912e+02,-3.750000000000000000e+02
-1.441570250000000044e+02,-1.392744130000000098e+02,-3.650000000000000000e+02
-1.434246029999999905e+02,-1.279218720000000076e+02,-3.643750000000000000e+02
-1.591716759999999908e+02,-1.184003859999999975e+02,-3.687500000000000000e+02
-1.390300709999999924e+02,-1.275556610000000006e+02,-3.800000000000000000e+02
-1.390300709999999924e+02,-1.315839819999999918e+02,-3.581250000000000000e+02
-1.309734290000000101e+02,-1.374433579999999893e+02,-3.706250000000000000e+02
-1.456218690000000038e+02,-1.191328079999999972e+02,-3.718750000000000000e+02
-1.456218690000000038e+02,-1.396406240000000025e+02,-3.606250000000000000e+02
-1.525798780000000079e+02,-1.359785139999999899e+02,-3.662500000000000000e+02
-1.500164010000000019e+02,-1.224287070000000028e+02,-3.675000000000000000e+02
-1.404949149999999918e+02,-1.341474589999999978e+02,-3.750000000000000000e+02
-1.280437410000000114e+02,-1.429365229999999940e+02,-3.662500000000000000e+02
-1.500164010000000019e+02,-1.231611290000000025e+02,-3.662500000000000000e+02
-1.441570250000000044e+02,-1.246259730000000019e+02,-3.587500000000000000e+02
-1.368328050000000076e+02,-1.396406240000000025e+02,-3.706250000000000000e+02
-1.492839789999999880e+02,-1.378095690000000104e+02,-3.675000000000000000e+02
-1.514812450000000013e+02,-1.249921839999999946e+02,-3.781250000000000000e+02
-1.463542909999999893e+02,-1.249921839999999946e+02,-3.593750000000000000e+02
-1.456218690000000038e+02,-1.315839819999999918e+02,-3.668750000000000000e+02
-1.350017499999999870e+02,-1.367109360000000038e+02,-3.612500000000000000e+02
-1.375652269999999930e+02,-1.235273399999999953e+02,-3.743750000000000000e+02
-1.514812450000000013e+02,-1.242597619999999949e+02,-3.643750000000000000e+02
-1.419597589999999911e+02,-1.173017529999999908e+02,-3.725000000000000000e+02
-1.404949149999999918e+02,-1.403730459999999880e+02,-3.631250000000000000e+02
-1.503826119999999946e+02,-1.286542939999999930e+02,-3.787500000000000000e+02
-1.262126859999999908e+02,-1.411054680000000019e+02,-3.662500000000000000e+02
-1.551433549999999855e+02,-1.253583950000000016e+02,-3.725000000000000000e+02
-1.353679609999999798e+02,-1.389082019999999886e+02,-3.706250000000000000e+02
-1.346355389999999943e+02,-1.348798810000000117e+02,-3.725000000000000000e+02
-1.500164010000000019e+02,-1.220624959999999959e+02,-3.681250000000000000e+02
-1.390300709999999924e+02,-1.268232390000000009e+02,-3.725000000000000000e+02
-1.492839789999999880e+02,-1.293867160000000069e+02,-3.793750000000000000e+02
-1.364665939999999864e+02,-1.323164040000000057e+02,-3.600000000000000000e+02
-1.353679609999999798e+02,-1.389082019999999886e+02,-3.593750000000000000e+02
-1.558757769999999994e+02,-1.319501930000000129e+02,-3.662500000000000000e+02
-1.441570250000000044e+02,-1.216962850000000032e+02,-3.650000000000000000e+02
-1.397624930000000063e+02,-1.176679639999999978e+02,-3.768750000000000000e+02
-1.415935479999999984e+02,-1.389082019999999886e+02,-3.712500000000000000e+02
-1.353679609999999798e+02,-1.315839819999999918e+02,-3.718750000000000000e+02
-1.368328050000000076e+02,-1.403730459999999880e+02,-3.593750000000000000e+02
-1.503826119999999946e+02,-1.301191379999999924e+02,-3.775000000000000000e+02
-1.434246029999999905e+02,-1.308515600000000063e+02,-3.656250000000000000e+02
-1.404949149999999918e+02,-1.176679639999999978e+02,-3.768750000000000000e+02
-1.573406209999999987e+02,-1.319501930000000129e+02,-3.687500000000000000e+02
-1.324382729999999810e+02,-1.385419909999999959e+02,-3.612500000000000000e+02
-1.492839789999999880e+02,-1.374433579999999893e+02,-3.668750000000000000e+02
-1.489177679999999953e+02,-1.205976519999999965e+02,-3.700000000000000000e+02
-1.463542909999999893e+02,-1.389082019999999886e+02,-3.618750000000000000e+02
-1.390300709999999924e+02,-1.392744130000000098e+02,-3.662500000000000000e+02
-1.331706949999999949e+02,-1.359785139999999899e+02,-3.581250000000000000e+02
-1.404949149999999918e+02,-1.425703120000000013e+02,-3.643750000000000000e+02
-1.309734290000000101e+02,-1.422041010000000085e+02,-3.687500000000000000e+02
-1.448894469999999899e+02,-1.184003859999999975e+02,-3.793750000000000000e+02
-1.522136669999999867e+02,-1.224287070000000028e+02,-3.687500000000000000e+02
-1.445232359999999971e+02,-1.381757800000000032e+02,-3.612500000000000000e+02
-1.404949149999999918e+02,-1.374433579999999893e+02,-3.718750000000000000e+02
-1.419597589999999911e+02,-1.286542939999999930e+02,-3.781250000000000000e+02
-1.573406209999999987e+02,-1.227949179999999956e+02,-3.681250000000000000e+02
-1.500164010000000019e+02,-1.345136699999999905e+02,-3.793750000000000000e+02
-1.492839789999999880e+02,-1.359785139999999899e+02,-3.643750000000000000e+02
-1.474529239999999959e+02,-1.301191379999999924e+02,-3.587500000000000000e+02
-1.467205020000000104e+02,-1.315839819999999918e+02,-3.575000000000000000e+02
-1.492839789999999880e+02,-1.341474589999999978e+02,-3.637500000000000000e+02
-1.346355389999999943e+02,-1.418378899999999874e+02,-3.643750000000000000e+02
-1.522136669999999867e+02,-1.341474589999999978e+02,-3.762500000000000000e+02
-1.361003829999999937e+02,-1.356123029999999972e+02,-3.587500000000000000e+02
-1.408611259999999845e+02,-1.257246059999999943e+02,-3.587500000000000000e+02
-1.562419879999999921e+02,-1.198652299999999968e+02,-3.700000000000000000e+02
-1.368328050000000076e+02,-1.334150370000000123e+02,-3.600000000000000000e+02
-1.595378869999999836e+02,-1.301191379999999924e+02,-3.681250000000000000e+02
-1.536785109999999861e+02,-1.235273399999999953e+02,-3.706250000000000000e+02
-1.415935479999999984e+02,-1.180341750000000047e+02,-3.731250000000000000e+02
-1.382976490000000069e+02,-1.367109360000000038e+02,-3.668750000000000000e+02
-1.419597589999999911e+02,-1.414716789999999946e+02,-3.600000000000000000e+02
-1.390300709999999924e+02,-1.348798810000000117e+02,-3.737500000000000000e+02
-1.529460890000000006e+02,-1.257246059999999943e+02,-3.756250000000000000e+02
-1.434246029999999905e+02,-1.389082019999999886e+02,-3.743750000000000000e+02
-1.470867130000000031e+02,-1.367109360000000038e+02,-3.668750000000000000e+02
-1.448894469999999899e+02,-1.275556610000000006e+02,-3.637500000000000000e+02
-1.412273370000000057e+02,-1.173017529999999908e+02,-3.750000000000000000e+02
-1.522136669999999867e+02,-1.374433579999999893e+02,-3.681250000000000000e+02
-1.448894469999999899e+02,-1.367109360000000038e+02,-3.668750000000000000e+02
-1.456218690000000038e+02,-1.180341750000000047e+02,-3.787500000000000000e+02
-1.489177679999999953e+02,-1.249921839999999946e+02,-3.787500000000000000e+02
-1.382976490000000069e+02,-1.231611290000000025e+02,-3.750000000000000000e+02
-1.540447220000000073e+02,-1.205976519999999965e+02,-3.775000000000000000e+02
-1.617351529999999968e+02,-1.293867160000000069e+02,-3.693750000000000000e+02
-1.273113189999999975e+02,-1.418378899999999874e+02,-3.656250000000000000e+02
-1.492839789999999880e+02,-1.363447250000000111e+02,-3.787500000000000000e+02
-1.445232359999999971e+02,-1.367109360000000038e+02,-3.675000000000000000e+02
-1.390300709999999924e+02,-1.337812480000000050e+02,-3.581250000000000000e+02
-1.474529239999999959e+02,-1.286542939999999930e+02,-3.800000000000000000e+02
-1.397624930000000063e+02,-1.282880830000000003e+02,-3.712500000000000000e+02
-1.595378869999999836e+02,-1.220624959999999959e+02,-3.681250000000000000e+02
-1.419597589999999911e+02,-1.374433579999999893e+02,-3.681250000000000000e+02
-1.390300709999999924e+02,-1.341474589999999978e+02,-3.575000000000000000e+02
-1.448894469999999899e+02,-1.374433579999999893e+02,-3.668750000000000000e+02
-1.463542909999999893e+02,-1.286542939999999930e+02,-3.618750000000000000e+02
-1.353679609999999798e+02,-1.414716789999999946e+02,-3.700000000000000000e+02
-1.496501900000000091e+02,-1.198652299999999968e+02,-3.787500000000000000e+02
-1.423259699999999839e+02,-1.271894499999999937e+02,-3.575000000000000000e+02
-1.331706949999999949e+02,-1.290205050000000142e+02,-3.725000000000000000e+02
-1.426921810000000050e+02,-1.253583950000000016e+02,-3.800000000000000000e+02
-1.547771439999999927e+02,-1.249921839999999946e+02,-3.662500000000000000e+02
-1.342693280000000016e+02,-1.403730459999999880e+02,-3.612500000000000000e+02
-1.529460890000000006e+02,-1.389082019999999886e+02,-3.731250000000000000e+02
-1.397624930000000063e+02,-1.257246059999999943e+02,-3.706250000000000000e+02
-1.558757769999999994e+02,-1.249921839999999946e+02,-3.756250000000000000e+02
-1.503826119999999946e+02,-1.345136699999999905e+02,-3.625000000000000000e+02
-1.412273370000000057e+02,-1.209638630000000035e+02,-3.625000000000000000e+02
-1.331706949999999949e+02,-1.264570280000000082e+02,-3.781250000000000000e+02
-1.536785109999999861e+02,-1.326826149999999984e+02,-3.750000000000000000e+02
-1.368328050000000076e+02,-1.297529269999999997e+02,-3.637500000000000000e+02
-1.353679609999999798e+02,-1.264570280000000082e+02,-3.743750000000000000e+02
-1.489177679999999953e+02,-1.315839819999999918e+02,-3.600000000000000000e+02
-1.357341720000000009e+02,-1.330488259999999912e+02,-3.600000000000000000e+02
-1.456218690000000038e+02,-1.378095690000000104e+02,-3.662500000000000000e+02
-1.404949149999999918e+02,-1.392744130000000098e+02,-3.625000000000000000e+02
-1.522136669999999867e+02,-1.213300739999999962e+02,-3.706250000000000000e+02
-1.481853459999999814e+02,-1.367109360000000038e+02,-3.625000000000000000e+02
-1.577068319999999915e+02,-1.315839819999999918e+02,-3.687500000000000000e+02
-1.529460890000000006e+02,-1.187665970000000044e+02,-3.750000000000000000e+02
-1.441570250000000044e+02,-1.213300739999999962e+02,-3.706250000000000000e+02
-1.419597589999999911e+02,-1.330488259999999912e+02,-3.781250000000000000e+02
-1.408611259999999845e+02,-1.301191379999999924e+02,-3.562500000000000000e+02
-1.492839789999999880e+02,-1.253583950000000016e+02,-3.787500000000000000e+02
-1.441570250000000044e+02,-1.352460920000000044e+02,-3.681250000000000000e+02
-1.397624930000000063e+02,-1.315839819999999918e+02,-3.593750000000000000e+02
-1.485515570000000025e+02,-1.352460920000000044e+02,-3.593750000000000000e+02
-1.368328050000000076e+02,-1.279218720000000076e+02,-3.593750000000000000e+02
-1.518474559999999940e+02,-1.279218720000000076e+02,-3.762500000000000000e+02
-1.361003829999999937e+02,-1.293867160000000069e+02,-3.593750000000000000e+02
-1.412273370000000057e+02,-1.326826149999999984e+02,-3.775000000000000000e+02
-1.511150340000000085e+02,-1.213300739999999962e+02,-3.737500000000000000e+02
-1.522136669999999867e+02,-1.286542939999999930e+02,-3.756250000000000000e+02
-1.544109330000000000e+02,-1.275556610000000006e+02,-3.737500000000000000e+02
-1.350017499999999870e+02,-1.396406240000000025e+02,-3.600000000000000000e+02
-1.448894469999999899e+02,-1.392744130000000098e+02,-3.737500000000000000e+02
-1.452556579999999826e+02,-1.191328079999999972e+02,-3.725000000000000000e+02
-1.434246029999999905e+02,-1.198652299999999968e+02,-3.706250000000000000e+02
-1.335369059999999877e+02,-1.440351560000000006e+02,-3.675000000000000000e+02
-1.434246029999999905e+02,-1.359785139999999899e+02,-3.681250000000000000e+02
-1.573406209999999987e+02,-1.308515600000000063e+02,-3.681250000000000000e+02
-1.478191349999999886e+02,-1.352460920000000044e+02,-3.668750000000000000e+02
-1.580730429999999842e+02,-1.220624959999999959e+02,-3.706250000000000000e+02
-1.320720619999999883e+02,-1.271894499999999937e+02,-3.762500000000000000e+02
-1.368328050000000076e+02,-1.367109360000000038e+02,-3.718750000000000000e+02
-1.540447220000000073e+02,-1.220624959999999959e+02,-3.737500000000000000e+02
-1.500164010000000019e+02,-1.304853489999999852e+02,-3.637500000000000000e+02
-1.339031170000000088e+02,-1.341474589999999978e+02,-3.600000000000000000e+02
-1.434246029999999905e+02,-1.253583950000000016e+02,-3.800000000000000000e+02
-1.353679609999999798e+02,-1.334150370000000123e+02,-3.600000000000000000e+02
-1.298747960000000035e+02,-1.411054680000000019e+02,-3.687500000000000000e+02
-1.533122999999999934e+02,-1.235273399999999953e+02,-3.775000000000000000e+02
-1.331706949999999949e+02,-1.381757800000000032e+02,-3.606250000000000000e+02
-1.500164010000000019e+02,-1.385419909999999959e+02,-3.737500000000000000e+02
-1.489177679999999953e+02,-1.374433579999999893e+02,-3.637500000000000000e+02
-1.342693280000000016e+02,-1.345136699999999905e+02,-3.725000000000000000e+02
-1.382976490000000069e+02,-1.345136699999999905e+02,-3.668750000000000000e+02
-1.441570250000000044e+02,-1.396406240000000025e+02,-3.593750000000000000e+02
-1.514812450000000013e+02,-1.216962850000000032e+02,-3.700000000000000000e+02
-1.518474559999999940e+02,-1.330488259999999912e+02,-3.650000000000000000e+02
-1.382976490000000069e+02,-1.352460920000000044e+02,-3.718750000000000000e+02
-1.382976490000000069e+02,-1.411054680000000019e+02,-3.593750000000000000e+02
-1.456218690000000038e+02,-1.381757800000000032e+02,-3.656250000000000000e+02
-1.419597589999999911e+02,-1.414716789999999946e+02,-3.650000000000000000e+02
-1.287761629999999968e+02,-1.363447250000000111e+02,-3.675000000000000000e+02
-1.375652269999999930e+02,-1.279218720000000076e+02,-3.793750000000000000e+02
-1.382976490000000069e+02,-1.359785139999999899e+02,-3.718750000000000000e+02
-1.591716759999999908e+02,-1.227949179999999956e+02,-3.687500000000000000e+02
-1.324382729999999810e+02,-1.337812480000000050e+02,-3.718750000000000000e+02
-1.368328050000000076e+02,-1.271894499999999937e+02,-3.793750000000000000e+02
-1.441570250000000044e+02,-1.279218720000000076e+02,-3.618750000000000000e+02
-1.368328050000000076e+02,-1.359785139999999899e+02,-3.718750000000000000e+02
-1.291423739999999896e+02,-1.359785139999999899e+02,-3.675000000000000000e+02
-1.470867130000000031e+02,-1.392744130000000098e+02,-3.737500000000000000e+02
-1.456218690000000038e+02,-1.279218720000000076e+02,-3.581250000000000000e+02
-1.419597589999999911e+02,-1.275556610000000006e+02,-3.575000000000000000e+02
-1.412273370000000057e+02,-1.209638630000000035e+02,-3.800000000000000000e+02
-1.328044840000000022e+02,-1.279218720000000076e+02,-3.762500000000000000e+02
-1.390300709999999924e+02,-1.319501930000000129e+02,-3.762500000000000000e+02
-1.357341720000000009e+02,-1.418378899999999874e+02,-3.687500000000000000e+02
-1.390300709999999924e+02,-1.433027339999999867e+02,-3.643750000000000000e+02
-1.335369059999999877e+02,-1.352460920000000044e+02,-3.587500000000000000e+02
-1.463542909999999893e+02,-1.363447250000000111e+02,-3.625000000000000000e+02
-1.419597589999999911e+02,-1.147382759999999990e+02,-3.706250000000000000e+02
-1.371990160000000003e+02,-1.293867160000000069e+02,-3.662500000000000000e+02
-1.317058509999999956e+02,-1.319501930000000129e+02,-3.625000000000000000e+02
-1.470867130000000031e+02,-1.184003859999999975e+02,-3.781250000000000000e+02
-1.485515570000000025e+02,-1.381757800000000032e+02,-3.756250000000000000e+02
-1.496501900000000091e+02,-1.330488259999999912e+02,-3.637500000000000000e+02
-1.441570250000000044e+02,-1.359785139999999899e+02,-3.681250000000000000e+02
-1.456218690000000038e+02,-1.187665970000000044e+02,-3.712500000000000000e+02
-1.397624930000000063e+02,-1.403730459999999880e+02,-3.606250000000000000e+02
-1.489177679999999953e+02,-1.352460920000000044e+02,-3.637500000000000000e+02
-1.408611259999999845e+02,-1.249921839999999946e+02,-3.700000000000000000e+02
-1.580730429999999842e+02,-1.312177709999999990e+02,-3.687500000000000000e+02
-1.353679609999999798e+02,-1.238935510000000022e+02,-3.775000000000000000e+02
-1.408611259999999845e+02,-1.235273399999999953e+02,-3.637500000000000000e+02
-1.295085849999999823e+02,-1.418378899999999874e+02,-3.656250000000000000e+02
-1.295085849999999823e+02,-1.411054680000000019e+02,-3.656250000000000000e+02
-1.540447220000000073e+02,-1.264570280000000082e+02,-3.750000000000000000e+02
-1.544109330000000000e+02,-1.352460920000000044e+02,-3.668750000000000000e+02
-1.368328050000000076e+02,-1.345136699999999905e+02,-3.643750000000000000e+02
-1.445232359999999971e+02,-1.403730459999999880e+02,-3.687500000000000000e+02
-1.317058509999999956e+02,-1.326826149999999984e+02,-3.725000000000000000e+02
-1.408611259999999845e+02,-1.315839819999999918e+02,-3.650000000000000000e+02
-1.273113189999999975e+02,-1.378095690000000104e+02,-3.662500000000000000e+02
-1.514812450000000013e+02,-1.216962850000000032e+02,-3.725000000000000000e+02
-1.463542909999999893e+02,-1.400068349999999953e+02,-3.650000000000000000e+02
-1.500164010000000019e+02,-1.301191379999999924e+02,-3.793750000000000000e+02
-1.361003829999999937e+02,-1.341474589999999978e+02,-3.625000000000000000e+02
-1.478191349999999886e+02,-1.367109360000000038e+02,-3.643750000000000000e+02
-1.588054649999999981e+02,-1.180341750000000047e+02,-3.700000000000000000e+02
-1.522136669999999867e+02,-1.345136699999999905e+02,-3.656250000000000000e+02
-1.353679609999999798e+02,-1.231611290000000025e+02,-3.800000000000000000e+02
-1.485515570000000025e+02,-1.213300739999999962e+02,-3.793750000000000000e+02
-1.273113189999999975e+02,-1.392744130000000098e+02,-3.687500000000000000e+02
-1.368328050000000076e+02,-1.334150370000000123e+02,-3.612500000000000000e+02
-1.489177679999999953e+02,-1.345136699999999905e+02,-3.637500000000000000e+02
-1.390300709999999924e+02,-1.374433579999999893e+02,-3.718750000000000000e+02
-1.434246029999999905e+02,-1.205976519999999965e+02,-3.706250000000000000e+02
-1.478191349999999886e+02,-1.330488259999999912e+02,-3.668750000000000000e+02
-1.485515570000000025e+02,-1.385419909999999959e+02,-3.737500000000000000e+02
-1.419597589999999911e+02,-1.345136699999999905e+02,-3.768750000000000000e+02
-1.448894469999999899e+02,-1.374433579999999893e+02,-3.756250000000000000e+02
-1.536785109999999861e+02,-1.337812480000000050e+02,-3.743750000000000000e+02
-1.361003829999999937e+02,-1.315839819999999918e+02,-3.781250000000000000e+02
-1.375652269999999930e+02,-1.385419909999999959e+02,-3.662500000000000000e+02
-1.566081989999999848e+02,-1.260908170000000013e+02,-3.712500000000000000e+02
-1.456218690000000038e+02,-1.392744130000000098e+02,-3.737500000000000000e+02
-1.507488229999999874e+02,-1.345136699999999905e+02,-3.793750000000000000e+02
-1.595378869999999836e+02,-1.301191379999999924e+02,-3.693750000000000000e+02
-1.441570250000000044e+02,-1.356123029999999972e+02,-3.775000000000000000e+02
-1.445232359999999971e+02,-1.264570280000000082e+02,-3.575000000000000000e+02
-1.441570250000000044e+02,-1.202314410000000038e+02,-3.800000000000000000e+02
-1.533122999999999934e+02,-1.249921839999999946e+02,-3.762500000000000000e+02
-1.320720619999999883e+02,-1.286542939999999930e+02,-3.737500000000000000e+02
-1.584392540000000054e+02,-1.308515600000000063e+02,-3.700000000000000000e+02
-1.375652269999999930e+02,-1.315839819999999918e+02,-3.593750000000000000e+02
-1.269451080000000047e+02,-1.374433579999999893e+02,-3.687500000000000000e+02
-1.434246029999999905e+02,-1.301191379999999924e+02,-3.781250000000000000e+02
-1.544109330000000000e+02,-1.235273399999999953e+02,-3.706250000000000000e+02
-1.478191349999999886e+02,-1.385419909999999959e+02,-3.700000000000000000e+02
-1.467205020000000104e+02,-1.191328079999999972e+02,-3.775000000000000000e+02
-1.375652269999999930e+02,-1.389082019999999886e+02,-3.656250000000000000e+02
-1.551433549999999855e+02,-1.301191379999999924e+02,-3.743750000000000000e+02
-1.456218690000000038e+02,-1.187665970000000044e+02,-3.750000000000000000e+02
-1.500164010000000019e+02,-1.352460920000000044e+02,-3.656250000000000000e+02
-1.368328050000000076e+02,-1.392744130000000098e+02,-3.600000000000000000e+02
-1.415935479999999984e+02,-1.242597619999999949e+02,-3.725000000000000000e+02
-1.566081989999999848e+02,-1.271894499999999937e+02,-3.718750000000000000e+02
-1.379314379999999858e+02,-1.271894499999999937e+02,-3.637500000000000000e+02
-1.485515570000000025e+02,-1.323164040000000057e+02,-3.793750000000000000e+02
-1.393962819999999851e+02,-1.249921839999999946e+02,-3.662500000000000000e+02
-1.441570250000000044e+02,-1.205976519999999965e+02,-3.581250000000000000e+02
-1.361003829999999937e+02,-1.264570280000000082e+02,-3.743750000000000000e+02
-1.500164010000000019e+02,-1.308515600000000063e+02,-3.593750000000000000e+02
-1.551433549999999855e+02,-1.213300739999999962e+02,-3.706250000000000000e+02
-1.390300709999999924e+02,-1.315839819999999918e+02,-3.631250000000000000e+02
-1.412273370000000057e+02,-1.293867160000000069e+02,-3.568750000000000000e+02
-1.382976490000000069e+02,-1.249921839999999946e+02,-3.743750000000000000e+02
-1.339031170000000088e+02,-1.227949179999999956e+02,-3.793750000000000000e+02
-1.434246029999999905e+02,-1.293867160000000069e+02,-3.593750000000000000e+02
-1.346355389999999943e+02,-1.264570280000000082e+02,-3.781250000000000000e+02
-1.566081989999999848e+02,-1.198652299999999968e+02,-3.706250000000000000e+02
-1.412273370000000057e+02,-1.352460920000000044e+02,-3.756250000000000000e+02
-1.397624930000000063e+02,-1.359785139999999899e+02,-3.718750000000000000e+02
-1.426921810000000050e+02,-1.381757800000000032e+02,-3.668750000000000000e+02
-1.419597589999999911e+02,-1.334150370000000123e+02,-3.775000000000000000e+02
-1.441570250000000044e+02,-1.337812480000000050e+02,-3.668750000000000000e+02
-1.478191349999999886e+02,-1.381757800000000032e+02,-3.631250000000000000e+02
-1.441570250000000044e+02,-1.308515600000000063e+02,-3.656250000000000000e+02
-1.419597589999999911e+02,-1.205976519999999965e+02,-3.718750000000000000e+02
-1.353679609999999798e+02,-1.235273399999999953e+02,-3.781250000000000000e+02
-1.474529239999999959e+02,-1.205976519999999965e+02,-3.737500000000000000e+02
-1.390300709999999924e+02,-1.400068349999999953e+02,-3.612500000000000000e+02
-1.540447220000000073e+02,-1.308515600000000063e+02,-3.762500000000000000e+02
-1.390300709999999924e+02,-1.359785139999999899e+02,-3.718750000000000000e+02
-1.346355389999999943e+02,-1.440351560000000006e+02,-3.668750000000000000e+02
-1.500164010000000019e+02,-1.308515600000000063e+02,-3.618750000000000000e+02
-1.419597589999999911e+02,-1.290205050000000142e+02,-3.637500000000000000e+02
-1.500164010000000019e+02,-1.323164040000000057e+02,-3.593750000000000000e+02
-1.313396400000000028e+02,-1.359785139999999899e+02,-3.625000000000000000e+02
-1.540447220000000073e+02,-1.235273399999999953e+02,-3.737500000000000000e+02
-1.522136669999999867e+02,-1.224287070000000028e+02,-3.787500000000000000e+02
-1.522136669999999867e+02,-1.378095690000000104e+02,-3.762500000000000000e+02
-1.368328050000000076e+02,-1.433027339999999867e+02,-3.643750000000000000e+02
-1.390300709999999924e+02,-1.367109360000000038e+02,-3.718750000000000000e+02
-1.317058509999999956e+02,-1.381757800000000032e+02,-3.706250000000000000e+02
-1.324382729999999810e+02,-1.363447250000000111e+02,-3.650000000000000000e+02
-1.610027309999999829e+02,-1.286542939999999930e+02,-3.706250000000000000e+02
-1.298747960000000035e+02,-1.352460920000000044e+02,-3.687500000000000000e+02
-1.456218690000000038e+02,-1.242597619999999949e+02,-3.593750000000000000e+02
-1.401287039999999990e+02,-1.213300739999999962e+02,-3.775000000000000000e+02
-1.379314379999999858e+02,-1.352460920000000044e+02,-3.725000000000000000e+02
-1.529460890000000006e+02,-1.330488259999999912e+02,-3.768750000000000000e+02
-1.507488229999999874e+02,-1.341474589999999978e+02,-3.650000000000000000e+02
-1.350017499999999870e+02,-1.308515600000000063e+02,-3.762500000000000000e+02
-1.518474559999999940e+02,-1.315839819999999918e+02,-3.637500000000000000e+02
-1.547771439999999927e+02,-1.271894499999999937e+02,-3.650000000000000000e+02
-1.558757769999999994e+02,-1.264570280000000082e+02,-3.656250000000000000e+02
-1.558757769999999994e+02,-1.312177709999999990e+02,-3.725000000000000000e+02
-1.426921810000000050e+02,-1.213300739999999962e+02,-3.643750000000000000e+02
-1.408611259999999845e+02,-1.249921839999999946e+02,-3.612500000000000000e+02
-1.441570250000000044e+02,-1.323164040000000057e+02,-3.668750000000000000e+02
-1.361003829999999937e+02,-1.235273399999999953e+02,-3.793750000000000000e+02
-1.610027309999999829e+02,-1.194990190000000041e+02,-3.687500000000000000e+02
-1.412273370000000057e+02,-1.330488259999999912e+02,-3.568750000000000000e+02
-1.412273370000000057e+02,-1.315839819999999918e+02,-3.781250000000000000e+02
-1.426921810000000050e+02,-1.213300739999999962e+02,-3.581250000000000000e+02
-1.595378869999999836e+02,-1.205976519999999965e+02,-3.693750000000000000e+02
-1.536785109999999861e+02,-1.359785139999999899e+02,-3.681250000000000000e+02
-1.353679609999999798e+02,-1.363447250000000111e+02,-3.637500000000000000e+02
-1.368328050000000076e+02,-1.257246059999999943e+02,-3.793750000000000000e+02
-1.371990160000000003e+02,-1.308515600000000063e+02,-3.700000000000000000e+02
-1.382976490000000069e+02,-1.400068349999999953e+02,-3.612500000000000000e+02
-1.500164010000000019e+02,-1.381757800000000032e+02,-3.743750000000000000e+02
-1.265788969999999978e+02,-1.400068349999999953e+02,-3.675000000000000000e+02
-1.489177679999999953e+02,-1.227949179999999956e+02,-3.637500000000000000e+02
-1.470867130000000031e+02,-1.359785139999999899e+02,-3.668750000000000000e+02
-1.467205020000000104e+02,-1.279218720000000076e+02,-3.587500000000000000e+02
-1.357341720000000009e+02,-1.367109360000000038e+02,-3.587500000000000000e+02
-1.496501900000000091e+02,-1.359785139999999899e+02,-3.625000000000000000e+02
-1.558757769999999994e+02,-1.268232390000000009e+02,-3.737500000000000000e+02
-1.489177679999999953e+02,-1.198652299999999968e+02,-3.687500000000000000e+02
-1.361003829999999937e+02,-1.359785139999999899e+02,-3.718750000000000000e+02
-1.456218690000000038e+02,-1.312177709999999990e+02,-3.662500000000000000e+02
-1.361003829999999937e+02,-1.312177709999999990e+02,-3.762500000000000000e+02
-1.382976490000000069e+02,-1.323164040000000057e+02,-3.756250000000000000e+02
-1.470867130000000031e+02,-1.396406240000000025e+02,-3.731250000000000000e+02
-1.448894469999999899e+02,-1.220624959999999959e+02,-3.693750000000000000e+02
-1.514812450000000013e+02,-1.385419909999999959e+02,-3.737500000000000000e+02
-1.346355389999999943e+02,-1.227949179999999956e+02,-3.756250000000000000e+02
-1.456218690000000038e+02,-1.367109360000000038e+02,-3.781250000000000000e+02
-1.419597589999999911e+02,-1.257246059999999943e+02,-3.793750000000000000e+02
-1.540447220000000073e+02,-1.367109360000000038e+02,-3.737500000000000000e+02
-1.368328050000000076e+02,-1.381757800000000032e+02,-3.656250000000000000e+02
-1.328044840000000022e+02,-1.315839819999999918e+02,-3.625000000000000000e+02
-1.514812450000000013e+02,-1.198652299999999968e+02,-3.756250000000000000e+02
-1.463542909999999893e+02,-1.345136699999999905e+02,-3.781250000000000000e+02
-1.485515570000000025e+02,-1.260908170000000013e+02,-3.612500000000000000e+02
-1.298747960000000035e+02,-1.352460920000000044e+02,-3.675000000000000000e+02
-1.287761629999999968e+02,-1.352460920000000044e+02,-3.706250000000000000e+02
-1.265788969999999978e+02,-1.381757800000000032e+02,-3.681250000000000000e+02
-1.328044840000000022e+02,-1.447675779999999861e+02,-3.650000000000000000e+02
-1.371990160000000003e+02,-1.308515600000000063e+02,-3.600000000000000000e+02
-1.470867130000000031e+02,-1.194990190000000041e+02,-3.775000000000000000e+02
-1.331706949999999949e+02,-1.312177709999999990e+02,-3.637500000000000000e+02
-1.566081989999999848e+02,-1.213300739999999962e+02,-3.706250000000000000e+02
-1.382976490000000069e+02,-1.301191379999999924e+02,-3.781250000000000000e+02
-1.426921810000000050e+02,-1.235273399999999953e+02,-3.693750000000000000e+02
-1.434246029999999905e+02,-1.151044870000000060e+02,-3.700000000000000000e+02
-1.522136669999999867e+02,-1.293867160000000069e+02,-3.768750000000000000e+02
-1.547771439999999927e+02,-1.220624959999999959e+02,-3.712500000000000000e+02
-1.324382729999999810e+02,-1.315839819999999918e+02,-3.706250000000000000e+02
-1.317058509999999956e+02,-1.341474589999999978e+02,-3.637500000000000000e+02
-1.478191349999999886e+02,-1.268232390000000009e+02,-3.587500000000000000e+02
-1.456218690000000038e+02,-1.370771469999999965e+02,-3.762500000000000000e+02
-1.500164010000000019e+02,-1.359785139999999899e+02,-3.768750000000000000e+02
-1.485515570000000025e+02,-1.323164040000000057e+02,-3.593750000000000000e+02
-1.386638599999999997e+02,-1.249921839999999946e+02,-3.737500000000000000e+02
-1.361003829999999937e+02,-1.440351560000000006e+02,-3.656250000000000000e+02
-1.533122999999999934e+02,-1.205976519999999965e+02,-3.762500000000000000e+02
-1.467205020000000104e+02,-1.359785139999999899e+02,-3.625000000000000000e+02
-1.280437410000000114e+02,-1.403730459999999880e+02,-3.681250000000000000e+02
-1.525798780000000079e+02,-1.242597619999999949e+02,-3.775000000000000000e+02
-1.317058509999999956e+02,-1.447675779999999861e+02,-3.656250000000000000e+02
-1.339031170000000088e+02,-1.279218720000000076e+02,-3.743750000000000000e+02
-1.544109330000000000e+02,-1.220624959999999959e+02,-3.718750000000000000e+02
-1.426921810000000050e+02,-1.312177709999999990e+02,-3.662500000000000000e+02
-1.419597589999999911e+02,-1.205976519999999965e+02,-3.581250000000000000e+02
-1.353679609999999798e+02,-1.370771469999999965e+02,-3.712500000000000000e+02
-1.357341720000000009e+02,-1.257246059999999943e+02,-3.787500000000000000e+02
-1.408611259999999845e+02,-1.235273399999999953e+02,-3.612500000000000000e+02
-1.309734290000000101e+02,-1.323164040000000057e+02,-3.706250000000000000e+02
-1.467205020000000104e+02,-1.381757800000000032e+02,-3.625000000000000000e+02
-1.507488229999999874e+02,-1.359785139999999899e+02,-3.768750000000000000e+02
-1.459880799999999965e+02,-1.293867160000000069e+02,-3.600000000000000000e+02
-1.368328050000000076e+02,-1.414716789999999946e+02,-3.687500000000000000e+02
-1.324382729999999810e+02,-1.275556610000000006e+02,-3.737500000000000000e+02
-1.544109330000000000e+02,-1.356123029999999972e+02,-3.675000000000000000e+02
-1.364665939999999864e+02,-1.381757800000000032e+02,-3.625000000000000000e+02
-1.536785109999999861e+02,-1.367109360000000038e+02,-3.681250000000000000e+02
-1.456218690000000038e+02,-1.315839819999999918e+02,-3.781250000000000000e+02
-1.485515570000000025e+02,-1.385419909999999959e+02,-3.750000000000000000e+02
-1.617351529999999968e+02,-1.279218720000000076e+02,-3.693750000000000000e+02
-1.507488229999999874e+02,-1.341474589999999978e+02,-3.612500000000000000e+02
-1.434246029999999905e+02,-1.345136699999999905e+02,-3.768750000000000000e+02
-1.382976490000000069e+02,-1.308515600000000063e+02,-3.593750000000000000e+02
-1.412273370000000057e+02,-1.205976519999999965e+02,-3.731250000000000000e+02
-1.456218690000000038e+02,-1.191328079999999972e+02,-3.693750000000000000e+02
-1.456218690000000038e+02,-1.381757800000000032e+02,-3.756250000000000000e+02
-1.357341720000000009e+02,-1.235273399999999953e+02,-3.750000000000000000e+02
-1.492839789999999880e+02,-1.378095690000000104e+02,-3.750000000000000000e+02
-1.404949149999999918e+02,-1.279218720000000076e+02,-3.781250000000000000e+02
-1.393962819999999851e+02,-1.257246059999999943e+02,-3.700000000000000000e+02
-1.346355389999999943e+02,-1.330488259999999912e+02,-3.606250000000000000e+02
-1.361003829999999937e+02,-1.235273399999999953e+02,-3.743750000000000000e+02
-1.324382729999999810e+02,-1.334150370000000123e+02,-3.687500000000000000e+02
-1.408611259999999845e+02,-1.235273399999999953e+02,-3.625000000000000000e+02
-1.346355389999999943e+02,-1.304853489999999852e+02,-3.637500000000000000e+02
-1.324382729999999810e+02,-1.290205050000000142e+02,-3.725000000000000000e+02
-1.580730429999999842e+02,-1.290205050000000142e+02,-3.712500000000000000e+02
-1.434246029999999905e+02,-1.173017529999999908e+02,-3.712500000000000000e+02
-1.555095660000000066e+02,-1.337812480000000050e+02,-3.725000000000000000e+02
-1.390300709999999924e+02,-1.400068349999999953e+02,-3.700000000000000000e+02
-1.284099520000000041e+02,-1.367109360000000038e+02,-3.687500000000000000e+02
-1.371990160000000003e+02,-1.257246059999999943e+02,-3.800000000000000000e+02
-1.397624930000000063e+02,-1.374433579999999893e+02,-3.681250000000000000e+02
-1.397624930000000063e+02,-1.323164040000000057e+02,-3.656250000000000000e+02
-1.456218690000000038e+02,-1.194990190000000041e+02,-3.725000000000000000e+02
-1.346355389999999943e+02,-1.271894499999999937e+02,-3.768750000000000000e+02
-1.452556579999999826e+02,-1.381757800000000032e+02,-3.750000000000000000e+02
-1.492839789999999880e+02,-1.370771469999999965e+02,-3.662500000000000000e+02
-1.317058509999999956e+02,-1.444013669999999934e+02,-3.662500000000000000e+02
-1.393962819999999851e+02,-1.220624959999999959e+02,-3.775000000000000000e+02
-1.441570250000000044e+02,-1.242597619999999949e+02,-3.581250000000000000e+02
-1.569744100000000060e+02,-1.184003859999999975e+02,-3.700000000000000000e+02
-1.558757769999999994e+02,-1.271894499999999937e+02,-3.731250000000000000e+02
-1.375652269999999930e+02,-1.301191379999999924e+02,-3.781250000000000000e+02
-1.547771439999999927e+02,-1.352460920000000044e+02,-3.675000000000000000e+02
-1.295085849999999823e+02,-1.330488259999999912e+02,-3.706250000000000000e+02
-1.610027309999999829e+02,-1.202314410000000038e+02,-3.687500000000000000e+02
-1.346355389999999943e+02,-1.249921839999999946e+02,-3.743750000000000000e+02
-1.500164010000000019e+02,-1.378095690000000104e+02,-3.750000000000000000e+02
-1.404949149999999918e+02,-1.315839819999999918e+02,-3.581250000000000000e+02
-1.346355389999999943e+02,-1.308515600000000063e+02,-3.756250000000000000e+02
-1.624675749999999823e+02,-1.293867160000000069e+02,-3.693750000000000000e+02
-1.448894469999999899e+02,-1.301191379999999924e+02,-3.656250000000000000e+02
-1.390300709999999924e+02,-1.389082019999999886e+02,-3.668750000000000000e+02
-1.595378869999999836e+02,-1.213300739999999962e+02,-3.693750000000000000e+02
-1.404949149999999918e+02,-1.205976519999999965e+02,-3.756250000000000000e+02
-1.350017499999999870e+02,-1.213300739999999962e+02,-3.800000000000000000e+02
-1.401287039999999990e+02,-1.381757800000000032e+02,-3.675000000000000000e+02
-1.434246029999999905e+02,-1.411054680000000019e+02,-3.618750000000000000e+02
-1.393962819999999851e+02,-1.352460920000000044e+02,-3.737500000000000000e+02
-1.478191349999999886e+02,-1.187665970000000044e+02,-3.687500000000000000e+02
-1.412273370000000057e+02,-1.418378899999999874e+02,-3.643750000000000000e+02
-1.562419879999999921e+02,-1.264570280000000082e+02,-3.675000000000000000e+02
-1.317058509999999956e+02,-1.330488259999999912e+02,-3.693750000000000000e+02
-1.331706949999999949e+02,-1.330488259999999912e+02,-3.606250000000000000e+02
-1.485515570000000025e+02,-1.227949179999999956e+02,-3.631250000000000000e+02
-1.514812450000000013e+02,-1.238935510000000022e+02,-3.650000000000000000e+02
-1.485515570000000025e+02,-1.323164040000000057e+02,-3.668750000000000000e+02
-1.536785109999999861e+02,-1.220624959999999959e+02,-3.781250000000000000e+02
-1.361003829999999937e+02,-1.337812480000000050e+02,-3.731250000000000000e+02
-1.346355389999999943e+02,-1.242597619999999949e+02,-3.756250000000000000e+02
-1.478191349999999886e+02,-1.385419909999999959e+02,-3.612500000000000000e+02
-1.478191349999999886e+02,-1.352460920000000044e+02,-3.793750000000000000e+02
-1.357341720000000009e+02,-1.345136699999999905e+02,-3.625000000000000000e+02
-1.309734290000000101e+02,-1.444013669999999934e+02,-3.662500000000000000e+02
-1.470867130000000031e+02,-1.374433579999999893e+02,-3.643750000000000000e+02
-1.382976490000000069e+02,-1.396406240000000025e+02,-3.618750000000000000e+02
-1.426921810000000050e+02,-1.198652299999999968e+02,-3.706250000000000000e+02
-1.309734290000000101e+02,-1.352460920000000044e+02,-3.718750000000000000e+02
-1.412273370000000057e+02,-1.180341750000000047e+02,-3.762500000000000000e+02
-1.404949149999999918e+02,-1.169355419999999981e+02,-3.756250000000000000e+02
-1.408611259999999845e+02,-1.227949179999999956e+02,-3.587500000000000000e+02
-1.507488229999999874e+02,-1.363447250000000111e+02,-3.787500000000000000e+02
-1.547771439999999927e+02,-1.227949179999999956e+02,-3.750000000000000000e+02
-1.588054649999999981e+02,-1.301191379999999924e+02,-3.706250000000000000e+02
-1.346355389999999943e+02,-1.235273399999999953e+02,-3.768750000000000000e+02
-1.478191349999999886e+02,-1.202314410000000038e+02,-3.775000000000000000e+02
-1.331706949999999949e+02,-1.374433579999999893e+02,-3.618750000000000000e+02
-1.492839789999999880e+02,-1.308515600000000063e+02,-3.593750000000000000e+02
-1.317058509999999956e+02,-1.418378899999999874e+02,-3.656250000000000000e+02
-1.525798780000000079e+02,-1.367109360000000038e+02,-3.675000000000000000e+02
-1.350017499999999870e+02,-1.425703120000000013e+02,-3.687500000000000000e+02
-1.474529239999999959e+02,-1.367109360000000038e+02,-3.637500000000000000e+02
-1.485515570000000025e+02,-1.257246059999999943e+02,-3.793750000000000000e+02
-1.317058509999999956e+02,-1.440351560000000006e+02,-3.643750000000000000e+02
-1.382976490000000069e+02,-1.396406240000000025e+02,-3.706250000000000000e+02
-1.339031170000000088e+02,-1.231611290000000025e+02,-3.800000000000000000e+02
-1.346355389999999943e+02,-1.315839819999999918e+02,-3.718750000000000000e+02
-1.368328050000000076e+02,-1.308515600000000063e+02,-3.693750000000000000e+02
