-2.220849609375000000e+02,-8.251953125000000000e+01,-5.747000120000000152e+02
-2.216699218750000000e+02,-8.251953125000000000e+01,-5.752000120000000152e+02
-2.216699218750000000e+02,-8.293457031250000000e+01,-5.747000120000000152e+02
-2.216699218750000000e+02,-8.293457031250000000e+01,-5.737000120000000152e+02
-2.220849609375000000e+02,-8.251953125000000000e+01,-5.737000120000000152e+02
-2.216699218750000000e+02,-8.251953125000000000e+01,-5.732000120000000152e+02
-2.220849609375000000e+02,-8.168945312500000000e+01,-5.747000120000000152e+02
-2.216699218750000000e+02,-8.168945312500000000e+01,-5.752000120000000152e+02
-2.220849609375000000e+02,-8.168945312500000000e+01,-5.737000120000000152e+02
-2.216699218750000000e+02,-8.168945312500000000e+01,-5.732000120000000152e+02
-2.220849609375000000e+02,-8.085937500000000000e+01,-5.747000120000000152e+02
-2.216699218750000000e+02,-8.085937500000000000e+01,-5.752000120000000152e+02
-2.220849609375000000e+02,-8.085937500000000000e+01,-5.737000120000000152e+02
-2.216699218750000000e+02,-8.085937500000000000e+01,-5.732000120000000152e+02
-2.220849609375000000e+02,-8.002929687500000000e+01,-5.747000120000000152e+02
-2.216699218750000000e+02,-8.002929687500000000e+01,-5.752000120000000152e+02
-2.220849609375000000e+02,-8.002929687500000000e+01,-5.737000120000000152e+02
-2.216699218750000000e+02,-8.002929687500000000e+01,-5.732000120000000152e+02
-2.220849609375000000e+02,-7.919921875000000000e+01,-5.747000120000000152e+02
-2.216699218750000000e+02,-7.919921875000000000e+01,-5.752000120000000152e+02
-2.220849609375000000e+02,-7.919921875000000000e+01,-5.737000120000000152e+02
-2.216699218750000000e+02,-7.919921875000000000e+01,-5.732000120000000152e+02
-2.216699218750000000e+02,-7.878417968750000000e+01,-5.747000120000000152e+02
-2.216699218750000000e+02,-7.878417968750000000e+01,-5.737000120000000152e+02
-2.212548828125000000e+02,-8.417968750000000000e+01,-5.727000120000000152e+02
-2.208398437500000000e+02,-8.417968750000000000e+01,-5.732000120000000152e+02
-2.208398437500000000e+02,-8.459472656250000000e+01,-5.727000120000000152e+02
-2.208398437500000000e+02,-8.459472656250000000e+01,-5.717000120000000152e+02
-2.212548828125000000e+02,-8.417968750000000000e+01,-5.717000120000000152e+02
-2.208398437500000000e+02,-8.417968750000000000e+01,-5.712000120000000152e+02
-2.212548828125000000e+02,-8.334960937500000000e+01,-5.747000120000000152e+02
-2.208398437500000000e+02,-8.334960937500000000e+01,-5.752000120000000152e+02
-2.208398437500000000e+02,-8.376464843750000000e+01,-5.747000120000000152e+02
-2.208398437500000000e+02,-8.376464843750000000e+01,-5.737000120000000152e+02
-2.212548828125000000e+02,-8.334960937500000000e+01,-5.737000120000000152e+02
-2.212548828125000000e+02,-8.334960937500000000e+01,-5.727000120000000152e+02
-2.212548828125000000e+02,-8.334960937500000000e+01,-5.717000120000000152e+02
-2.208398437500000000e+02,-8.334960937500000000e+01,-5.712000120000000152e+02
-2.212548828125000000e+02,-8.251953125000000000e+01,-5.757000120000000152e+02
-2.208398437500000000e+02,-8.251953125000000000e+01,-5.762000120000000152e+02
-2.208398437500000000e+02,-8.293457031250000000e+01,-5.757000120000000152e+02
-2.212548828125000000e+02,-8.251953125000000000e+01,-5.727000120000000152e+02
-2.212548828125000000e+02,-8.251953125000000000e+01,-5.717000120000000152e+02
-2.208398437500000000e+02,-8.251953125000000000e+01,-5.712000120000000152e+02
-2.212548828125000000e+02,-8.168945312500000000e+01,-5.757000120000000152e+02
-2.208398437500000000e+02,-8.168945312500000000e+01,-5.762000120000000152e+02
-2.212548828125000000e+02,-8.168945312500000000e+01,-5.727000120000000152e+02
-2.212548828125000000e+02,-8.168945312500000000e+01,-5.717000120000000152e+02
-2.208398437500000000e+02,-8.168945312500000000e+01,-5.712000120000000152e+02
-2.212548828125000000e+02,-8.085937500000000000e+01,-5.757000120000000152e+02
-2.208398437500000000e+02,-8.085937500000000000e+01,-5.762000120000000152e+02
-2.212548828125000000e+02,-8.085937500000000000e+01,-5.727000120000000152e+02
-2.212548828125000000e+02,-8.085937500000000000e+01,-5.717000120000000152e+02
-2.208398437500000000e+02,-8.085937500000000000e+01,-5.712000120000000152e+02
-2.212548828125000000e+02,-8.002929687500000000e+01,-5.757000120000000152e+02
-2.208398437500000000e+02,-8.002929687500000000e+01,-5.762000120000000152e+02
-2.212548828125000000e+02,-8.002929687500000000e+01,-5.727000120000000152e+02
-2.208398437500000000e+02,-8.002929687500000000e+01,-5.722000120000000152e+02
-2.208398437500000000e+02,-8.044433593750000000e+01,-5.717000120000000152e+02
-2.208398437500000000e+02,-7.961425781250000000e+01,-5.757000120000000152e+02
-2.208398437500000000e+02,-7.919921875000000000e+01,-5.752000120000000152e+02
-2.212548828125000000e+02,-7.919921875000000000e+01,-5.727000120000000152e+02
-2.208398437500000000e+02,-7.919921875000000000e+01,-5.722000120000000152e+02
-2.212548828125000000e+02,-7.836914062500000000e+01,-5.747000120000000152e+02
-2.208398437500000000e+02,-7.836914062500000000e+01,-5.752000120000000152e+02
-2.212548828125000000e+02,-7.836914062500000000e+01,-5.737000120000000152e+02
-2.212548828125000000e+02,-7.836914062500000000e+01,-5.727000120000000152e+02
-2.208398437500000000e+02,-7.836914062500000000e+01,-5.722000120000000152e+02
-2.208398437500000000e+02,-7.795410156250000000e+01,-5.747000120000000152e+02
-2.208398437500000000e+02,-7.795410156250000000e+01,-5.737000120000000152e+02
-2.212548828125000000e+02,-7.753906250000000000e+01,-5.727000120000000152e+02
-2.208398437500000000e+02,-7.753906250000000000e+01,-5.732000120000000152e+02
-2.208398437500000000e+02,-7.753906250000000000e+01,-5.722000120000000152e+02
-2.208398437500000000e+02,-7.712402343750000000e+01,-5.727000120000000152e+02
-2.204248046875000000e+02,-8.583984375000000000e+01,-5.697000120000000152e+02
-2.200097656250000000e+02,-8.583984375000000000e+01,-5.702000120000000152e+02
-2.200097656250000000e+02,-8.625488281250000000e+01,-5.697000120000000152e+02
-2.204248046875000000e+02,-8.500976562500000000e+01,-5.727000120000000152e+02
-2.200097656250000000e+02,-8.500976562500000000e+01,-5.732000120000000152e+02
-2.200097656250000000e+02,-8.542480468750000000e+01,-5.727000120000000152e+02
-2.200097656250000000e+02,-8.542480468750000000e+01,-5.717000120000000152e+02
-2.204248046875000000e+02,-8.500976562500000000e+01,-5.717000120000000152e+02
-2.200097656250000000e+02,-8.500976562500000000e+01,-5.712000120000000152e+02
-2.204248046875000000e+02,-8.500976562500000000e+01,-5.697000120000000152e+02
-2.200097656250000000e+02,-8.500976562500000000e+01,-5.702000120000000152e+02
-2.204248046875000000e+02,-8.417968750000000000e+01,-5.747000120000000152e+02
-2.200097656250000000e+02,-8.417968750000000000e+01,-5.752000120000000152e+02
-2.200097656250000000e+02,-8.459472656250000000e+01,-5.747000120000000152e+02
-2.200097656250000000e+02,-8.459472656250000000e+01,-5.737000120000000152e+02
-2.204248046875000000e+02,-8.417968750000000000e+01,-5.737000120000000152e+02
-2.200097656250000000e+02,-8.417968750000000000e+01,-5.712000120000000152e+02
-2.200097656250000000e+02,-8.459472656250000000e+01,-5.697000120000000152e+02
-2.204248046875000000e+02,-8.334960937500000000e+01,-5.757000120000000152e+02
-2.200097656250000000e+02,-8.334960937500000000e+01,-5.762000120000000152e+02
-2.200097656250000000e+02,-8.376464843750000000e+01,-5.757000120000000152e+02
-2.200097656250000000e+02,-8.334960937500000000e+01,-5.712000120000000152e+02
-2.200097656250000000e+02,-8.251953125000000000e+01,-5.762000120000000152e+02
-2.200097656250000000e+02,-8.251953125000000000e+01,-5.712000120000000152e+02
-2.204248046875000000e+02,-8.168945312500000000e+01,-5.767000120000000152e+02
-2.200097656250000000e+02,-8.210449218750000000e+01,-5.767000120000000152e+02
-2.200097656250000000e+02,-8.168945312500000000e+01,-5.712000120000000152e+02
-2.204248046875000000e+02,-8.085937500000000000e+01,-5.767000120000000152e+02
-2.200097656250000000e+02,-8.085937500000000000e+01,-5.712000120000000152e+02
-2.204248046875000000e+02,-8.002929687500000000e+01,-5.767000120000000152e+02
-2.204248046875000000e+02,-8.002929687500000000e+01,-5.717000120000000152e+02
-2.200097656250000000e+02,-8.002929687500000000e+01,-5.712000120000000152e+02
-2.204248046875000000e+02,-7.919921875000000000e+01,-5.757000120000000152e+02
-2.204248046875000000e+02,-7.919921875000000000e+01,-5.767000120000000152e+02
-2.204248046875000000e+02,-7.919921875000000000e+01,-5.717000120000000152e+02
-2.200097656250000000e+02,-7.919921875000000000e+01,-5.712000120000000152e+02
-2.200097656250000000e+02,-7.878417968750000000e+01,-5.767000120000000152e+02
-2.204248046875000000e+02,-7.836914062500000000e+01,-5.757000120000000152e+02
-2.200097656250000000e+02,-7.836914062500000000e+01,-5.762000120000000152e+02
-2.204248046875000000e+02,-7.836914062500000000e+01,-5.717000120000000152e+02
-2.200097656250000000e+02,-7.836914062500000000e+01,-5.712000120000000152e+02
-2.204248046875000000e+02,-7.753906250000000000e+01,-5.757000120000000152e+02
-2.200097656250000000e+02,-7.753906250000000000e+01,-5.762000120000000152e+02
-2.204248046875000000e+02,-7.753906250000000000e+01,-5.747000120000000152e+02
-2.204248046875000000e+02,-7.753906250000000000e+01,-5.737000120000000152e+02
-2.200097656250000000e+02,-7.795410156250000000e+01,-5.717000120000000152e+02
-2.200097656250000000e+02,-7.753906250000000000e+01,-5.722000120000000152e+02
-2.200097656250000000e+02,-7.712402343750000000e+01,-5.757000120000000152e+02
-2.200097656250000000e+02,-7.712402343750000000e+01,-5.747000120000000152e+02
-2.200097656250000000e+02,-7.712402343750000000e+01,-5.737000120000000152e+02
-2.204248046875000000e+02,-7.670898437500000000e+01,-5.727000120000000152e+02
-2.200097656250000000e+02,-7.670898437500000000e+01,-5.732000120000000152e+02
-2.200097656250000000e+02,-7.670898437500000000e+01,-5.722000120000000152e+02
-2.200097656250000000e+02,-7.629394531250000000e+01,-5.727000120000000152e+02
-2.195947265625000000e+02,-8.666992187500000000e+01,-5.707000120000000152e+02
-2.191796875000000000e+02,-8.666992187500000000e+01,-5.712000120000000152e+02
-2.191796875000000000e+02,-8.708496093750000000e+01,-5.707000120000000152e+02
-2.191796875000000000e+02,-8.666992187500000000e+01,-5.702000120000000152e+02
-2.195947265625000000e+02,-8.583984375000000000e+01,-5.727000120000000152e+02
-2.191796875000000000e+02,-8.583984375000000000e+01,-5.732000120000000152e+02
-2.191796875000000000e+02,-8.625488281250000000e+01,-5.727000120000000152e+02
-2.191796875000000000e+02,-8.625488281250000000e+01,-5.717000120000000152e+02
-2.195947265625000000e+02,-8.583984375000000000e+01,-5.717000120000000152e+02
-2.195947265625000000e+02,-8.583984375000000000e+01,-5.707000120000000152e+02
-2.191796875000000000e+02,-8.625488281250000000e+01,-5.697000120000000152e+02
-2.195947265625000000e+02,-8.500976562500000000e+01,-5.737000120000000152e+02
-2.191796875000000000e+02,-8.500976562500000000e+01,-5.742000120000000152e+02
-2.191796875000000000e+02,-8.542480468750000000e+01,-5.737000120000000152e+02
-2.195947265625000000e+02,-8.500976562500000000e+01,-5.707000120000000152e+02
-2.195947265625000000e+02,-8.417968750000000000e+01,-5.757000120000000152e+02
-2.191796875000000000e+02,-8.417968750000000000e+01,-5.762000120000000152e+02
-2.191796875000000000e+02,-8.459472656250000000e+01,-5.757000120000000152e+02
-2.191796875000000000e+02,-8.459472656250000000e+01,-5.747000120000000152e+02
-2.195947265625000000e+02,-8.417968750000000000e+01,-5.707000120000000152e+02
-2.195947265625000000e+02,-8.417968750000000000e+01,-5.697000120000000152e+02
-2.191796875000000000e+02,-8.334960937500000000e+01,-5.762000120000000152e+02
-2.195947265625000000e+02,-8.334960937500000000e+01,-5.707000120000000152e+02
-2.191796875000000000e+02,-8.334960937500000000e+01,-5.702000120000000152e+02
-2.191796875000000000e+02,-8.376464843750000000e+01,-5.697000120000000152e+02
-2.195947265625000000e+02,-8.251953125000000000e+01,-5.767000120000000152e+02
-2.191796875000000000e+02,-8.293457031250000000e+01,-5.767000120000000152e+02
-2.195947265625000000e+02,-8.251953125000000000e+01,-5.707000120000000152e+02
-2.191796875000000000e+02,-8.251953125000000000e+01,-5.702000120000000152e+02
-2.195947265625000000e+02,-8.168945312500000000e+01,-5.707000120000000152e+02
-2.191796875000000000e+02,-8.168945312500000000e+01,-5.702000120000000152e+02
-2.195947265625000000e+02,-8.085937500000000000e+01,-5.707000120000000152e+02
-2.191796875000000000e+02,-8.085937500000000000e+01,-5.702000120000000152e+02
-2.195947265625000000e+02,-8.002929687500000000e+01,-5.707000120000000152e+02
-2.191796875000000000e+02,-8.002929687500000000e+01,-5.702000120000000152e+02
-2.195947265625000000e+02,-7.919921875000000000e+01,-5.707000120000000152e+02
-2.191796875000000000e+02,-7.919921875000000000e+01,-5.702000120000000152e+02
-2.195947265625000000e+02,-7.836914062500000000e+01,-5.767000120000000152e+02
-2.191796875000000000e+02,-7.878417968750000000e+01,-5.707000120000000152e+02
-2.191796875000000000e+02,-7.836914062500000000e+01,-5.712000120000000152e+02
-2.195947265625000000e+02,-7.753906250000000000e+01,-5.767000120000000152e+02
-2.195947265625000000e+02,-7.753906250000000000e+01,-5.717000120000000152e+02
-2.191796875000000000e+02,-7.753906250000000000e+01,-5.712000120000000152e+02
-2.195947265625000000e+02,-7.670898437500000000e+01,-5.757000120000000152e+02
-2.191796875000000000e+02,-7.670898437500000000e+01,-5.762000120000000152e+02
-2.191796875000000000e+02,-7.712402343750000000e+01,-5.767000120000000152e+02
-2.195947265625000000e+02,-7.670898437500000000e+01,-5.747000120000000152e+02
-2.195947265625000000e+02,-7.670898437500000000e+01,-5.737000120000000152e+02
-2.191796875000000000e+02,-7.712402343750000000e+01,-5.717000120000000152e+02
-2.191796875000000000e+02,-7.670898437500000000e+01,-5.722000120000000152e+02
-2.191796875000000000e+02,-7.629394531250000000e+01,-5.757000120000000152e+02
-2.191796875000000000e+02,-7.629394531250000000e+01,-5.747000120000000152e+02
-2.191796875000000000e+02,-7.629394531250000000e+01,-5.737000120000000152e+02
-2.191796875000000000e+02,-7.629394531250000000e+01,-5.727000120000000152e+02
-2.187646484375000000e+02,-8.666992187500000000e+01,-5.727000120000000152e+02
-2.183496093750000000e+02,-8.666992187500000000e+01,-5.732000120000000152e+02
-2.183496093750000000e+02,-8.708496093750000000e+01,-5.727000120000000152e+02
-2.183496093750000000e+02,-8.708496093750000000e+01,-5.717000120000000152e+02
-2.187646484375000000e+02,-8.666992187500000000e+01,-5.717000120000000152e+02
-2.183496093750000000e+02,-8.708496093750000000e+01,-5.707000120000000152e+02
-2.183496093750000000e+02,-8.666992187500000000e+01,-5.702000120000000152e+02
-2.187646484375000000e+02,-8.583984375000000000e+01,-5.737000120000000152e+02
-2.183496093750000000e+02,-8.583984375000000000e+01,-5.742000120000000152e+02
-2.183496093750000000e+02,-8.625488281250000000e+01,-5.737000120000000152e+02
-2.183496093750000000e+02,-8.625488281250000000e+01,-5.697000120000000152e+02
-2.183496093750000000e+02,-8.500976562500000000e+01,-5.742000120000000152e+02
-2.183496093750000000e+02,-8.417968750000000000e+01,-5.762000120000000152e+02
-2.183496093750000000e+02,-8.459472656250000000e+01,-5.757000120000000152e+02
-2.183496093750000000e+02,-8.459472656250000000e+01,-5.747000120000000152e+02
-2.187646484375000000e+02,-8.334960937500000000e+01,-5.767000120000000152e+02
-2.183496093750000000e+02,-8.376464843750000000e+01,-5.767000120000000152e+02
-2.187646484375000000e+02,-8.334960937500000000e+01,-5.697000120000000152e+02
-2.187646484375000000e+02,-8.251953125000000000e+01,-5.697000120000000152e+02
-2.187646484375000000e+02,-8.168945312500000000e+01,-5.697000120000000152e+02
-2.187646484375000000e+02,-8.085937500000000000e+01,-5.697000120000000152e+02
-2.187646484375000000e+02,-8.002929687500000000e+01,-5.697000120000000152e+02
-2.183496093750000000e+02,-7.961425781250000000e+01,-5.697000120000000152e+02
-2.183496093750000000e+02,-7.919921875000000000e+01,-5.702000120000000152e+02
-2.187646484375000000e+02,-7.836914062500000000e+01,-5.707000120000000152e+02
-2.183496093750000000e+02,-7.836914062500000000e+01,-5.702000120000000152e+02
-2.187646484375000000e+02,-7.753906250000000000e+01,-5.707000120000000152e+02
-2.183496093750000000e+02,-7.753906250000000000e+01,-5.702000120000000152e+02
-2.187646484375000000e+02,-7.670898437500000000e+01,-5.767000120000000152e+02
-2.187646484375000000e+02,-7.670898437500000000e+01,-5.717000120000000152e+02
-2.183496093750000000e+02,-7.670898437500000000e+01,-5.712000120000000152e+02
-2.183496093750000000e+02,-7.712402343750000000e+01,-5.707000120000000152e+02
-2.187646484375000000e+02,-7.587890625000000000e+01,-5.757000120000000152e+02
-2.183496093750000000e+02,-7.587890625000000000e+01,-5.762000120000000152e+02
-2.183496093750000000e+02,-7.629394531250000000e+01,-5.767000120000000152e+02
-2.187646484375000000e+02,-7.587890625000000000e+01,-5.747000120000000152e+02
-2.187646484375000000e+02,-7.587890625000000000e+01,-5.737000120000000152e+02
-2.187646484375000000e+02,-7.587890625000000000e+01,-5.727000120000000152e+02
-2.183496093750000000e+02,-7.587890625000000000e+01,-5.722000120000000152e+02
-2.183496093750000000e+02,-7.629394531250000000e+01,-5.717000120000000152e+02
-2.183496093750000000e+02,-7.546386718750000000e+01,-5.757000120000000152e+02
-2.187646484375000000e+02,-7.504882812500000000e+01,-5.747000120000000152e+02
-2.183496093750000000e+02,-7.504882812500000000e+01,-5.752000120000000152e+02
-2.183496093750000000e+02,-7.504882812500000000e+01,-5.742000120000000152e+02
-2.183496093750000000e+02,-7.546386718750000000e+01,-5.737000120000000152e+02
-2.183496093750000000e+02,-7.546386718750000000e+01,-5.727000120000000152e+02
-2.183496093750000000e+02,-7.463378906250000000e+01,-5.747000120000000152e+02
-2.179345703125000000e+02,-8.666992187500000000e+01,-5.737000120000000152e+02
-2.175195312500000000e+02,-8.666992187500000000e+01,-5.742000120000000152e+02
-2.175195312500000000e+02,-8.708496093750000000e+01,-5.737000120000000152e+02
-2.175195312500000000e+02,-8.666992187500000000e+01,-5.732000120000000152e+02
-2.179345703125000000e+02,-8.666992187500000000e+01,-5.727000120000000152e+02
-2.175195312500000000e+02,-8.666992187500000000e+01,-5.722000120000000152e+02
-2.175195312500000000e+02,-8.708496093750000000e+01,-5.717000120000000152e+02
-2.175195312500000000e+02,-8.708496093750000000e+01,-5.707000120000000152e+02
-2.175195312500000000e+02,-8.666992187500000000e+01,-5.702000120000000152e+02
-2.175195312500000000e+02,-8.583984375000000000e+01,-5.742000120000000152e+02
-2.175195312500000000e+02,-8.625488281250000000e+01,-5.727000120000000152e+02
-2.175195312500000000e+02,-8.625488281250000000e+01,-5.697000120000000152e+02
-2.175195312500000000e+02,-8.500976562500000000e+01,-5.742000120000000152e+02
-2.175195312500000000e+02,-8.417968750000000000e+01,-5.762000120000000152e+02
-2.175195312500000000e+02,-8.459472656250000000e+01,-5.757000120000000152e+02
-2.175195312500000000e+02,-8.459472656250000000e+01,-5.747000120000000152e+02
-2.175195312500000000e+02,-8.376464843750000000e+01,-5.767000120000000152e+02
-2.179345703125000000e+02,-7.919921875000000000e+01,-5.697000120000000152e+02
-2.175195312500000000e+02,-7.878417968750000000e+01,-5.697000120000000152e+02
-2.175195312500000000e+02,-7.836914062500000000e+01,-5.702000120000000152e+02
-2.175195312500000000e+02,-7.753906250000000000e+01,-5.702000120000000152e+02
-2.179345703125000000e+02,-7.670898437500000000e+01,-5.707000120000000152e+02
-2.175195312500000000e+02,-7.670898437500000000e+01,-5.702000120000000152e+02
-2.175195312500000000e+02,-7.629394531250000000e+01,-5.767000120000000152e+02
-2.175195312500000000e+02,-7.587890625000000000e+01,-5.762000120000000152e+02
-2.179345703125000000e+02,-7.587890625000000000e+01,-5.717000120000000152e+02
-2.179345703125000000e+02,-7.587890625000000000e+01,-5.707000120000000152e+02
-2.175195312500000000e+02,-7.587890625000000000e+01,-5.702000120000000152e+02
-2.175195312500000000e+02,-7.546386718750000000e+01,-5.757000120000000152e+02
-2.175195312500000000e+02,-7.504882812500000000e+01,-5.752000120000000152e+02
-2.179345703125000000e+02,-7.504882812500000000e+01,-5.737000120000000152e+02
-2.175195312500000000e+02,-7.504882812500000000e+01,-5.732000120000000152e+02
-2.175195312500000000e+02,-7.546386718750000000e+01,-5.727000120000000152e+02
-2.175195312500000000e+02,-7.546386718750000000e+01,-5.717000120000000152e+02
-2.175195312500000000e+02,-7.546386718750000000e+01,-5.707000120000000152e+02
-2.175195312500000000e+02,-7.463378906250000000e+01,-5.747000120000000152e+02
-2.175195312500000000e+02,-7.463378906250000000e+01,-5.737000120000000152e+02
-2.171044921875000000e+02,-8.666992187500000000e+01,-5.737000120000000152e+02
-2.166894531250000000e+02,-8.666992187500000000e+01,-5.722000120000000152e+02
-2.166894531250000000e+02,-8.708496093750000000e+01,-5.717000120000000152e+02
-2.166894531250000000e+02,-8.708496093750000000e+01,-5.707000120000000152e+02
-2.166894531250000000e+02,-8.666992187500000000e+01,-5.702000120000000152e+02
-2.166894531250000000e+02,-8.583984375000000000e+01,-5.742000120000000152e+02
-2.166894531250000000e+02,-8.625488281250000000e+01,-5.737000120000000152e+02
-2.166894531250000000e+02,-8.625488281250000000e+01,-5.727000120000000152e+02
-2.171044921875000000e+02,-8.583984375000000000e+01,-5.697000120000000152e+02
-2.166894531250000000e+02,-8.583984375000000000e+01,-5.702000120000000152e+02
-2.166894531250000000e+02,-8.500976562500000000e+01,-5.742000120000000152e+02
-2.166894531250000000e+02,-8.542480468750000000e+01,-5.697000120000000152e+02
-2.166894531250000000e+02,-8.417968750000000000e+01,-5.762000120000000152e+02
-2.166894531250000000e+02,-8.459472656250000000e+01,-5.757000120000000152e+02
-2.166894531250000000e+02,-8.459472656250000000e+01,-5.747000120000000152e+02
-2.166894531250000000e+02,-8.376464843750000000e+01,-5.767000120000000152e+02
-2.166894531250000000e+02,-7.878417968750000000e+01,-5.697000120000000152e+02
-2.166894531250000000e+02,-7.836914062500000000e+01,-5.702000120000000152e+02
-2.166894531250000000e+02,-7.753906250000000000e+01,-5.702000120000000152e+02
-2.166894531250000000e+02,-7.670898437500000000e+01,-5.702000120000000152e+02
-2.166894531250000000e+02,-7.629394531250000000e+01,-5.767000120000000152e+02
-2.166894531250000000e+02,-7.587890625000000000e+01,-5.762000120000000152e+02
-2.166894531250000000e+02,-7.587890625000000000e+01,-5.702000120000000152e+02
-2.166894531250000000e+02,-7.546386718750000000e+01,-5.757000120000000152e+02
-2.166894531250000000e+02,-7.504882812500000000e+01,-5.752000120000000152e+02
-2.171044921875000000e+02,-7.504882812500000000e+01,-5.727000120000000152e+02
-2.166894531250000000e+02,-7.504882812500000000e+01,-5.722000120000000152e+02
-2.166894531250000000e+02,-7.546386718750000000e+01,-5.717000120000000152e+02
-2.166894531250000000e+02,-7.546386718750000000e+01,-5.707000120000000152e+02
-2.166894531250000000e+02,-7.463378906250000000e+01,-5.747000120000000152e+02
-2.166894531250000000e+02,-7.463378906250000000e+01,-5.737000120000000152e+02
-2.166894531250000000e+02,-7.463378906250000000e+01,-5.727000120000000152e+02
-2.158593750000000000e+02,-8.666992187500000000e+01,-5.722000120000000152e+02
-2.158593750000000000e+02,-8.708496093750000000e+01,-5.717000120000000152e+02
-2.162744140625000000e+02,-8.666992187500000000e+01,-5.707000120000000152e+02
-2.158593750000000000e+02,-8.666992187500000000e+01,-5.712000120000000152e+02
-2.162744140625000000e+02,-8.583984375000000000e+01,-5.737000120000000152e+02
-2.162744140625000000e+02,-8.583984375000000000e+01,-5.727000120000000152e+02
-2.158593750000000000e+02,-8.583984375000000000e+01,-5.722000120000000152e+02
-2.158593750000000000e+02,-8.625488281250000000e+01,-5.707000120000000152e+02
-2.158593750000000000e+02,-8.583984375000000000e+01,-5.702000120000000152e+02
-2.158593750000000000e+02,-8.500976562500000000e+01,-5.742000120000000152e+02
-2.158593750000000000e+02,-8.542480468750000000e+01,-5.737000120000000152e+02
-2.158593750000000000e+02,-8.542480468750000000e+01,-5.727000120000000152e+02
-2.162744140625000000e+02,-8.500976562500000000e+01,-5.697000120000000152e+02
-2.158593750000000000e+02,-8.500976562500000000e+01,-5.702000120000000152e+02
-2.158593750000000000e+02,-8.417968750000000000e+01,-5.762000120000000152e+02
-2.158593750000000000e+02,-8.459472656250000000e+01,-5.757000120000000152e+02
-2.158593750000000000e+02,-8.459472656250000000e+01,-5.747000120000000152e+02
-2.162744140625000000e+02,-8.417968750000000000e+01,-5.697000120000000152e+02
-2.158593750000000000e+02,-8.417968750000000000e+01,-5.702000120000000152e+02
-2.162744140625000000e+02,-8.334960937500000000e+01,-5.767000120000000152e+02
-2.158593750000000000e+02,-8.334960937500000000e+01,-5.762000120000000152e+02
-2.162744140625000000e+02,-8.334960937500000000e+01,-5.697000120000000152e+02
-2.158593750000000000e+02,-8.334960937500000000e+01,-5.702000120000000152e+02
-2.158593750000000000e+02,-8.251953125000000000e+01,-5.762000120000000152e+02
-2.162744140625000000e+02,-8.251953125000000000e+01,-5.767000120000000152e+02
-2.162744140625000000e+02,-8.251953125000000000e+01,-5.697000120000000152e+02
-2.158593750000000000e+02,-8.251953125000000000e+01,-5.702000120000000152e+02
-2.158593750000000000e+02,-8.168945312500000000e+01,-5.762000120000000152e+02
-2.162744140625000000e+02,-8.168945312500000000e+01,-5.767000120000000152e+02
-2.158593750000000000e+02,-8.210449218750000000e+01,-5.697000120000000152e+02
-2.158593750000000000e+02,-8.127441406250000000e+01,-5.767000120000000152e+02
-2.162744140625000000e+02,-7.836914062500000000e+01,-5.697000120000000152e+02
-2.158593750000000000e+02,-7.795410156250000000e+01,-5.697000120000000152e+02
-2.158593750000000000e+02,-7.753906250000000000e+01,-5.702000120000000152e+02
-2.158593750000000000e+02,-7.712402343750000000e+01,-5.767000120000000152e+02
-2.162744140625000000e+02,-7.670898437500000000e+01,-5.767000120000000152e+02
-2.158593750000000000e+02,-7.670898437500000000e+01,-5.762000120000000152e+02
-2.158593750000000000e+02,-7.670898437500000000e+01,-5.702000120000000152e+02
-2.158593750000000000e+02,-7.587890625000000000e+01,-5.762000120000000152e+02
-2.158593750000000000e+02,-7.587890625000000000e+01,-5.702000120000000152e+02
-2.158593750000000000e+02,-7.546386718750000000e+01,-5.757000120000000152e+02
-2.158593750000000000e+02,-7.504882812500000000e+01,-5.752000120000000152e+02
-2.162744140625000000e+02,-7.504882812500000000e+01,-5.717000120000000152e+02
-2.162744140625000000e+02,-7.504882812500000000e+01,-5.707000120000000152e+02
-2.158593750000000000e+02,-7.504882812500000000e+01,-5.702000120000000152e+02
-2.158593750000000000e+02,-7.463378906250000000e+01,-5.747000120000000152e+02
-2.158593750000000000e+02,-7.463378906250000000e+01,-5.737000120000000152e+02
-2.158593750000000000e+02,-7.463378906250000000e+01,-5.727000120000000152e+02
-2.158593750000000000e+02,-7.463378906250000000e+01,-5.717000120000000152e+02
-2.158593750000000000e+02,-7.463378906250000000e+01,-5.707000120000000152e+02
-2.162744140625000000e+02,-7.338867187500000000e+01,-5.717000120000000152e+02
-2.158593750000000000e+02,-7.338867187500000000e+01,-5.722000120000000152e+02
-2.158593750000000000e+02,-7.380371093750000000e+01,-5.717000120000000152e+02
-2.158593750000000000e+02,-7.380371093750000000e+01,-5.707000120000000152e+02
-2.162744140625000000e+02,-7.338867187500000000e+01,-5.707000120000000152e+02
-2.158593750000000000e+02,-7.338867187500000000e+01,-5.702000120000000152e+02
-2.162744140625000000e+02,-7.255859375000000000e+01,-5.717000120000000152e+02
-2.158593750000000000e+02,-7.255859375000000000e+01,-5.722000120000000152e+02
-2.162744140625000000e+02,-7.255859375000000000e+01,-5.707000120000000152e+02
-2.158593750000000000e+02,-7.255859375000000000e+01,-5.702000120000000152e+02
-2.158593750000000000e+02,-7.214355468750000000e+01,-5.717000120000000152e+02
-2.158593750000000000e+02,-7.214355468750000000e+01,-5.707000120000000152e+02
-2.154443359375000000e+02,-8.666992187500000000e+01,-5.717000120000000152e+02
-2.150292968750000000e+02,-8.583984375000000000e+01,-5.722000120000000152e+02
-2.150292968750000000e+02,-8.625488281250000000e+01,-5.717000120000000152e+02
-2.154443359375000000e+02,-8.583984375000000000e+01,-5.707000120000000152e+02
-2.150292968750000000e+02,-8.583984375000000000e+01,-5.712000120000000152e+02
-2.154443359375000000e+02,-8.500976562500000000e+01,-5.737000120000000152e+02
-2.150292968750000000e+02,-8.500976562500000000e+01,-5.732000120000000152e+02
-2.150292968750000000e+02,-8.542480468750000000e+01,-5.727000120000000152e+02
-2.150292968750000000e+02,-8.542480468750000000e+01,-5.707000120000000152e+02
-2.150292968750000000e+02,-8.500976562500000000e+01,-5.702000120000000152e+02
-2.150292968750000000e+02,-8.417968750000000000e+01,-5.762000120000000152e+02
-2.150292968750000000e+02,-8.459472656250000000e+01,-5.757000120000000152e+02
-2.150292968750000000e+02,-8.459472656250000000e+01,-5.747000120000000152e+02
-2.150292968750000000e+02,-8.459472656250000000e+01,-5.737000120000000152e+02
-2.150292968750000000e+02,-8.417968750000000000e+01,-5.702000120000000152e+02
-2.150292968750000000e+02,-8.334960937500000000e+01,-5.762000120000000152e+02
-2.150292968750000000e+02,-8.334960937500000000e+01,-5.702000120000000152e+02
-2.150292968750000000e+02,-8.251953125000000000e+01,-5.762000120000000152e+02
-2.150292968750000000e+02,-8.251953125000000000e+01,-5.702000120000000152e+02
-2.150292968750000000e+02,-8.168945312500000000e+01,-5.762000120000000152e+02
-2.154443359375000000e+02,-8.168945312500000000e+01,-5.697000120000000152e+02
-2.150292968750000000e+02,-8.168945312500000000e+01,-5.702000120000000152e+02
-2.154443359375000000e+02,-8.085937500000000000e+01,-5.767000120000000152e+02
-2.150292968750000000e+02,-8.085937500000000000e+01,-5.762000120000000152e+02
-2.154443359375000000e+02,-8.085937500000000000e+01,-5.697000120000000152e+02
-2.150292968750000000e+02,-8.085937500000000000e+01,-5.702000120000000152e+02
-2.150292968750000000e+02,-8.002929687500000000e+01,-5.762000120000000152e+02
-2.154443359375000000e+02,-8.002929687500000000e+01,-5.767000120000000152e+02
-2.150292968750000000e+02,-8.044433593750000000e+01,-5.697000120000000152e+02
-2.150292968750000000e+02,-7.919921875000000000e+01,-5.762000120000000152e+02
-2.154443359375000000e+02,-7.919921875000000000e+01,-5.767000120000000152e+02
-2.150292968750000000e+02,-7.836914062500000000e+01,-5.762000120000000152e+02
-2.154443359375000000e+02,-7.836914062500000000e+01,-5.767000120000000152e+02
-2.150292968750000000e+02,-7.753906250000000000e+01,-5.762000120000000152e+02
-2.154443359375000000e+02,-7.753906250000000000e+01,-5.767000120000000152e+02
-2.150292968750000000e+02,-7.795410156250000000e+01,-5.697000120000000152e+02
-2.150292968750000000e+02,-7.753906250000000000e+01,-5.702000120000000152e+02
-2.150292968750000000e+02,-7.670898437500000000e+01,-5.762000120000000152e+02
-2.150292968750000000e+02,-7.670898437500000000e+01,-5.702000120000000152e+02
-2.150292968750000000e+02,-7.629394531250000000e+01,-5.757000120000000152e+02
-2.154443359375000000e+02,-7.587890625000000000e+01,-5.757000120000000152e+02
-2.150292968750000000e+02,-7.587890625000000000e+01,-5.752000120000000152e+02
-2.150292968750000000e+02,-7.587890625000000000e+01,-5.702000120000000152e+02
-2.154443359375000000e+02,-7.504882812500000000e+01,-5.747000120000000152e+02
-2.150292968750000000e+02,-7.546386718750000000e+01,-5.747000120000000152e+02
-2.150292968750000000e+02,-7.504882812500000000e+01,-5.742000120000000152e+02
-2.150292968750000000e+02,-7.504882812500000000e+01,-5.702000120000000152e+02
-2.150292968750000000e+02,-7.463378906250000000e+01,-5.737000120000000152e+02
-2.150292968750000000e+02,-7.463378906250000000e+01,-5.727000120000000152e+02
-2.154443359375000000e+02,-7.421875000000000000e+01,-5.717000120000000152e+02
-2.150292968750000000e+02,-7.421875000000000000e+01,-5.722000120000000152e+02
-2.154443359375000000e+02,-7.421875000000000000e+01,-5.707000120000000152e+02
-2.150292968750000000e+02,-7.421875000000000000e+01,-5.702000120000000152e+02
-2.150292968750000000e+02,-7.338867187500000000e+01,-5.722000120000000152e+02
-2.150292968750000000e+02,-7.338867187500000000e+01,-5.702000120000000152e+02
-2.150292968750000000e+02,-7.255859375000000000e+01,-5.722000120000000152e+02
-2.150292968750000000e+02,-7.255859375000000000e+01,-5.702000120000000152e+02
-2.150292968750000000e+02,-7.214355468750000000e+01,-5.717000120000000152e+02
-2.154443359375000000e+02,-7.172851562500000000e+01,-5.707000120000000152e+02
-2.150292968750000000e+02,-7.172851562500000000e+01,-5.712000120000000152e+02
-2.150292968750000000e+02,-7.172851562500000000e+01,-5.702000120000000152e+02
-2.150292968750000000e+02,-7.131347656250000000e+01,-5.707000120000000152e+02
-2.146142578125000000e+02,-8.583984375000000000e+01,-5.717000120000000152e+02
-2.146142578125000000e+02,-8.500976562500000000e+01,-5.727000120000000152e+02
-2.141992187500000000e+02,-8.500976562500000000e+01,-5.722000120000000152e+02
-2.141992187500000000e+02,-8.542480468750000000e+01,-5.717000120000000152e+02
-2.146142578125000000e+02,-8.500976562500000000e+01,-5.707000120000000152e+02
-2.141992187500000000e+02,-8.500976562500000000e+01,-5.712000120000000152e+02
-2.146142578125000000e+02,-8.417968750000000000e+01,-5.757000120000000152e+02
-2.141992187500000000e+02,-8.417968750000000000e+01,-5.752000120000000152e+02
-2.141992187500000000e+02,-8.459472656250000000e+01,-5.747000120000000152e+02
-2.141992187500000000e+02,-8.459472656250000000e+01,-5.737000120000000152e+02
-2.141992187500000000e+02,-8.459472656250000000e+01,-5.727000120000000152e+02
-2.141992187500000000e+02,-8.459472656250000000e+01,-5.707000120000000152e+02
-2.141992187500000000e+02,-8.417968750000000000e+01,-5.702000120000000152e+02
-2.146142578125000000e+02,-8.334960937500000000e+01,-5.757000120000000152e+02
-2.141992187500000000e+02,-8.334960937500000000e+01,-5.752000120000000152e+02
-2.141992187500000000e+02,-8.334960937500000000e+01,-5.702000120000000152e+02
-2.141992187500000000e+02,-8.251953125000000000e+01,-5.762000120000000152e+02
-2.141992187500000000e+02,-8.293457031250000000e+01,-5.757000120000000152e+02
-2.141992187500000000e+02,-8.251953125000000000e+01,-5.702000120000000152e+02
-2.141992187500000000e+02,-8.168945312500000000e+01,-5.762000120000000152e+02
-2.141992187500000000e+02,-8.168945312500000000e+01,-5.702000120000000152e+02
-2.141992187500000000e+02,-8.085937500000000000e+01,-5.762000120000000152e+02
-2.141992187500000000e+02,-8.085937500000000000e+01,-5.702000120000000152e+02
-2.141992187500000000e+02,-8.002929687500000000e+01,-5.762000120000000152e+02
-2.146142578125000000e+02,-8.002929687500000000e+01,-5.697000120000000152e+02
-2.141992187500000000e+02,-8.002929687500000000e+01,-5.702000120000000152e+02
-2.141992187500000000e+02,-7.919921875000000000e+01,-5.762000120000000152e+02
-2.141992187500000000e+02,-7.961425781250000000e+01,-5.697000120000000152e+02
-2.141992187500000000e+02,-7.836914062500000000e+01,-5.762000120000000152e+02
-2.141992187500000000e+02,-7.753906250000000000e+01,-5.762000120000000152e+02
-2.141992187500000000e+02,-7.795410156250000000e+01,-5.697000120000000152e+02
-2.141992187500000000e+02,-7.753906250000000000e+01,-5.702000120000000152e+02
-2.141992187500000000e+02,-7.670898437500000000e+01,-5.762000120000000152e+02
-2.141992187500000000e+02,-7.670898437500000000e+01,-5.702000120000000152e+02
-2.141992187500000000e+02,-7.629394531250000000e+01,-5.757000120000000152e+02
-2.141992187500000000e+02,-7.587890625000000000e+01,-5.752000120000000152e+02
-2.141992187500000000e+02,-7.587890625000000000e+01,-5.702000120000000152e+02
-2.141992187500000000e+02,-7.546386718750000000e+01,-5.747000120000000152e+02
-2.146142578125000000e+02,-7.504882812500000000e+01,-5.737000120000000152e+02
-2.141992187500000000e+02,-7.546386718750000000e+01,-5.737000120000000152e+02
-2.141992187500000000e+02,-7.504882812500000000e+01,-5.732000120000000152e+02
-2.141992187500000000e+02,-7.504882812500000000e+01,-5.702000120000000152e+02
-2.141992187500000000e+02,-7.463378906250000000e+01,-5.727000120000000152e+02
-2.141992187500000000e+02,-7.421875000000000000e+01,-5.722000120000000152e+02
-2.141992187500000000e+02,-7.421875000000000000e+01,-5.702000120000000152e+02
-2.141992187500000000e+02,-7.338867187500000000e+01,-5.722000120000000152e+02
-2.141992187500000000e+02,-7.338867187500000000e+01,-5.702000120000000152e+02
-2.141992187500000000e+02,-7.255859375000000000e+01,-5.722000120000000152e+02
-2.141992187500000000e+02,-7.255859375000000000e+01,-5.702000120000000152e+02
-2.141992187500000000e+02,-7.214355468750000000e+01,-5.717000120000000152e+02
-2.141992187500000000e+02,-7.172851562500000000e+01,-5.712000120000000152e+02
-2.141992187500000000e+02,-7.172851562500000000e+01,-5.702000120000000152e+02
-2.141992187500000000e+02,-7.131347656250000000e+01,-5.707000120000000152e+02
-2.137841796875000000e+02,-8.500976562500000000e+01,-5.717000120000000152e+02
-2.137841796875000000e+02,-8.417968750000000000e+01,-5.747000120000000152e+02
-2.133691406250000000e+02,-8.417968750000000000e+01,-5.742000120000000152e+02
-2.133691406250000000e+02,-8.459472656250000000e+01,-5.737000120000000152e+02
-2.137841796875000000e+02,-8.417968750000000000e+01,-5.727000120000000152e+02
-2.133691406250000000e+02,-8.417968750000000000e+01,-5.732000120000000152e+02
-2.137841796875000000e+02,-8.417968750000000000e+01,-5.717000120000000152e+02
-2.137841796875000000e+02,-8.417968750000000000e+01,-5.707000120000000152e+02
-2.133691406250000000e+02,-8.334960937500000000e+01,-5.752000120000000152e+02
-2.133691406250000000e+02,-8.376464843750000000e+01,-5.747000120000000152e+02
-2.133691406250000000e+02,-8.376464843750000000e+01,-5.727000120000000152e+02
-2.133691406250000000e+02,-8.376464843750000000e+01,-5.717000120000000152e+02
-2.133691406250000000e+02,-8.334960937500000000e+01,-5.712000120000000152e+02
-2.137841796875000000e+02,-8.334960937500000000e+01,-5.707000120000000152e+02
-2.137841796875000000e+02,-8.251953125000000000e+01,-5.757000120000000152e+02
-2.133691406250000000e+02,-8.251953125000000000e+01,-5.752000120000000152e+02
-2.137841796875000000e+02,-8.251953125000000000e+01,-5.707000120000000152e+02
-2.133691406250000000e+02,-8.251953125000000000e+01,-5.712000120000000152e+02
-2.137841796875000000e+02,-8.168945312500000000e+01,-5.757000120000000152e+02
-2.133691406250000000e+02,-8.168945312500000000e+01,-5.752000120000000152e+02
-2.137841796875000000e+02,-8.168945312500000000e+01,-5.707000120000000152e+02
-2.133691406250000000e+02,-8.168945312500000000e+01,-5.712000120000000152e+02
-2.137841796875000000e+02,-8.085937500000000000e+01,-5.757000120000000152e+02
-2.133691406250000000e+02,-8.085937500000000000e+01,-5.752000120000000152e+02
-2.137841796875000000e+02,-8.085937500000000000e+01,-5.707000120000000152e+02
-2.133691406250000000e+02,-8.085937500000000000e+01,-5.712000120000000152e+02
-2.137841796875000000e+02,-8.002929687500000000e+01,-5.757000120000000152e+02
-2.133691406250000000e+02,-8.002929687500000000e+01,-5.752000120000000152e+02
-2.137841796875000000e+02,-8.002929687500000000e+01,-5.707000120000000152e+02
-2.133691406250000000e+02,-8.002929687500000000e+01,-5.712000120000000152e+02
-2.137841796875000000e+02,-7.919921875000000000e+01,-5.757000120000000152e+02
-2.133691406250000000e+02,-7.919921875000000000e+01,-5.752000120000000152e+02
-2.137841796875000000e+02,-7.919921875000000000e+01,-5.707000120000000152e+02
-2.133691406250000000e+02,-7.919921875000000000e+01,-5.712000120000000152e+02
-2.137841796875000000e+02,-7.919921875000000000e+01,-5.697000120000000152e+02
-2.137841796875000000e+02,-7.836914062500000000e+01,-5.757000120000000152e+02
-2.133691406250000000e+02,-7.836914062500000000e+01,-5.752000120000000152e+02
-2.137841796875000000e+02,-7.836914062500000000e+01,-5.707000120000000152e+02
-2.133691406250000000e+02,-7.836914062500000000e+01,-5.712000120000000152e+02
-2.137841796875000000e+02,-7.836914062500000000e+01,-5.697000120000000152e+02
-2.137841796875000000e+02,-7.753906250000000000e+01,-5.757000120000000152e+02
-2.133691406250000000e+02,-7.753906250000000000e+01,-5.752000120000000152e+02
-2.137841796875000000e+02,-7.753906250000000000e+01,-5.707000120000000152e+02
-2.133691406250000000e+02,-7.753906250000000000e+01,-5.712000120000000152e+02
-2.137841796875000000e+02,-7.670898437500000000e+01,-5.757000120000000152e+02
-2.133691406250000000e+02,-7.670898437500000000e+01,-5.752000120000000152e+02
-2.137841796875000000e+02,-7.670898437500000000e+01,-5.707000120000000152e+02
-2.133691406250000000e+02,-7.670898437500000000e+01,-5.712000120000000152e+02
-2.133691406250000000e+02,-7.587890625000000000e+01,-5.752000120000000152e+02
-2.137841796875000000e+02,-7.587890625000000000e+01,-5.707000120000000152e+02
-2.133691406250000000e+02,-7.587890625000000000e+01,-5.712000120000000152e+02
-2.133691406250000000e+02,-7.546386718750000000e+01,-5.747000120000000152e+02
-2.133691406250000000e+02,-7.546386718750000000e+01,-5.737000120000000152e+02
-2.137841796875000000e+02,-7.504882812500000000e+01,-5.727000120000000152e+02
-2.133691406250000000e+02,-7.546386718750000000e+01,-5.727000120000000152e+02
-2.133691406250000000e+02,-7.504882812500000000e+01,-5.722000120000000152e+02
-2.137841796875000000e+02,-7.504882812500000000e+01,-5.707000120000000152e+02
-2.133691406250000000e+02,-7.504882812500000000e+01,-5.712000120000000152e+02
-2.133691406250000000e+02,-7.421875000000000000e+01,-5.722000120000000152e+02
-2.137841796875000000e+02,-7.421875000000000000e+01,-5.707000120000000152e+02
-2.133691406250000000e+02,-7.421875000000000000e+01,-5.712000120000000152e+02
-2.133691406250000000e+02,-7.338867187500000000e+01,-5.722000120000000152e+02
-2.133691406250000000e+02,-7.380371093750000000e+01,-5.707000120000000152e+02
-2.133691406250000000e+02,-7.338867187500000000e+01,-5.702000120000000152e+02
-2.133691406250000000e+02,-7.297363281250000000e+01,-5.717000120000000152e+02
-2.137841796875000000e+02,-7.255859375000000000e+01,-5.717000120000000152e+02
-2.133691406250000000e+02,-7.255859375000000000e+01,-5.712000120000000152e+02
-2.133691406250000000e+02,-7.255859375000000000e+01,-5.702000120000000152e+02
-2.133691406250000000e+02,-7.172851562500000000e+01,-5.712000120000000152e+02
-2.133691406250000000e+02,-7.172851562500000000e+01,-5.702000120000000152e+02
-2.133691406250000000e+02,-7.131347656250000000e+01,-5.707000120000000152e+02
-2.129541015625000000e+02,-8.417968750000000000e+01,-5.737000120000000152e+02
-2.129541015625000000e+02,-8.334960937500000000e+01,-5.747000120000000152e+02
-2.129541015625000000e+02,-8.334960937500000000e+01,-5.737000120000000152e+02
-2.129541015625000000e+02,-8.334960937500000000e+01,-5.727000120000000152e+02
-2.129541015625000000e+02,-8.334960937500000000e+01,-5.717000120000000152e+02
-2.129541015625000000e+02,-8.251953125000000000e+01,-5.747000120000000152e+02
-2.129541015625000000e+02,-8.251953125000000000e+01,-5.737000120000000152e+02
-2.129541015625000000e+02,-8.251953125000000000e+01,-5.727000120000000152e+02
-2.129541015625000000e+02,-8.251953125000000000e+01,-5.717000120000000152e+02
-2.129541015625000000e+02,-8.168945312500000000e+01,-5.747000120000000152e+02
-2.129541015625000000e+02,-8.168945312500000000e+01,-5.737000120000000152e+02
-2.129541015625000000e+02,-8.168945312500000000e+01,-5.727000120000000152e+02
-2.129541015625000000e+02,-8.168945312500000000e+01,-5.717000120000000152e+02
-2.129541015625000000e+02,-8.085937500000000000e+01,-5.747000120000000152e+02
-2.129541015625000000e+02,-8.085937500000000000e+01,-5.737000120000000152e+02
-2.129541015625000000e+02,-8.085937500000000000e+01,-5.727000120000000152e+02
-2.129541015625000000e+02,-8.085937500000000000e+01,-5.717000120000000152e+02
-2.129541015625000000e+02,-8.002929687500000000e+01,-5.747000120000000152e+02
-2.129541015625000000e+02,-8.002929687500000000e+01,-5.737000120000000152e+02
-2.129541015625000000e+02,-8.002929687500000000e+01,-5.727000120000000152e+02
-2.129541015625000000e+02,-8.002929687500000000e+01,-5.717000120000000152e+02
-2.129541015625000000e+02,-7.919921875000000000e+01,-5.747000120000000152e+02
-2.129541015625000000e+02,-7.919921875000000000e+01,-5.737000120000000152e+02
-2.129541015625000000e+02,-7.919921875000000000e+01,-5.727000120000000152e+02
-2.129541015625000000e+02,-7.919921875000000000e+01,-5.717000120000000152e+02
-2.125390625000000000e+02,-7.836914062500000000e+01,-5.752000120000000152e+02
-2.125390625000000000e+02,-7.878417968750000000e+01,-5.747000120000000152e+02
-2.125390625000000000e+02,-7.836914062500000000e+01,-5.742000120000000152e+02
-2.129541015625000000e+02,-7.836914062500000000e+01,-5.737000120000000152e+02
-2.129541015625000000e+02,-7.836914062500000000e+01,-5.727000120000000152e+02
-2.129541015625000000e+02,-7.836914062500000000e+01,-5.717000120000000152e+02
-2.125390625000000000e+02,-7.753906250000000000e+01,-5.752000120000000152e+02
-2.129541015625000000e+02,-7.753906250000000000e+01,-5.737000120000000152e+02
-2.125390625000000000e+02,-7.753906250000000000e+01,-5.742000120000000152e+02
-2.129541015625000000e+02,-7.753906250000000000e+01,-5.727000120000000152e+02
-2.129541015625000000e+02,-7.753906250000000000e+01,-5.717000120000000152e+02
-2.125390625000000000e+02,-7.712402343750000000e+01,-5.747000120000000152e+02
-2.129541015625000000e+02,-7.670898437500000000e+01,-5.747000120000000152e+02
-2.129541015625000000e+02,-7.670898437500000000e+01,-5.737000120000000152e+02
-2.129541015625000000e+02,-7.670898437500000000e+01,-5.727000120000000152e+02
-2.129541015625000000e+02,-7.670898437500000000e+01,-5.717000120000000152e+02
-2.129541015625000000e+02,-7.587890625000000000e+01,-5.747000120000000152e+02
-2.129541015625000000e+02,-7.587890625000000000e+01,-5.737000120000000152e+02
-2.129541015625000000e+02,-7.587890625000000000e+01,-5.727000120000000152e+02
-2.129541015625000000e+02,-7.587890625000000000e+01,-5.717000120000000152e+02
-2.129541015625000000e+02,-7.504882812500000000e+01,-5.717000120000000152e+02
-2.129541015625000000e+02,-7.421875000000000000e+01,-5.717000120000000152e+02
-2.129541015625000000e+02,-7.338867187500000000e+01,-5.717000120000000152e+02
-2.129541015625000000e+02,-7.338867187500000000e+01,-5.707000120000000152e+02
-2.129541015625000000e+02,-7.255859375000000000e+01,-5.707000120000000152e+02
-2.129541015625000000e+02,-7.172851562500000000e+01,-5.707000120000000152e+02
-2.121240234375000000e+02,-7.836914062500000000e+01,-5.747000120000000152e+02
-2.121240234375000000e+02,-7.753906250000000000e+01,-5.747000120000000152e+02
