-1.936484375000000000e+02,-1.715625000000000000e+02,-2.712500000000000000e+02
-1.932968750000000000e+02,-1.715625000000000000e+02,-2.718750000000000000e+02
-1.932968750000000000e+02,-1.719140625000000000e+02,-2.712500000000000000e+02
-1.932968750000000000e+02,-1.715625000000000000e+02,-2.706250000000000000e+02
-1.932968750000000000e+02,-1.712109375000000000e+02,-2.712500000000000000e+02
-1.925937500000000000e+02,-1.715625000000000000e+02,-2.718750000000000000e+02
-1.925937500000000000e+02,-1.719140625000000000e+02,-2.712500000000000000e+02
-1.925937500000000000e+02,-1.715625000000000000e+02,-2.706250000000000000e+02
-1.929453125000000000e+02,-1.708593750000000000e+02,-2.712500000000000000e+02
-1.925937500000000000e+02,-1.708593750000000000e+02,-2.718750000000000000e+02
-1.925937500000000000e+02,-1.708593750000000000e+02,-2.706250000000000000e+02
-1.925937500000000000e+02,-1.705078125000000000e+02,-2.712500000000000000e+02
-1.918906250000000000e+02,-1.715625000000000000e+02,-2.718750000000000000e+02
-1.918906250000000000e+02,-1.719140625000000000e+02,-2.712500000000000000e+02
-1.918906250000000000e+02,-1.715625000000000000e+02,-2.706250000000000000e+02
-1.918906250000000000e+02,-1.708593750000000000e+02,-2.718750000000000000e+02
-1.918906250000000000e+02,-1.708593750000000000e+02,-2.706250000000000000e+02
-1.922421875000000000e+02,-1.701562500000000000e+02,-2.712500000000000000e+02
-1.918906250000000000e+02,-1.701562500000000000e+02,-2.718750000000000000e+02
-1.918906250000000000e+02,-1.701562500000000000e+02,-2.706250000000000000e+02
-1.922421875000000000e+02,-1.694531250000000000e+02,-2.712500000000000000e+02
-1.918906250000000000e+02,-1.694531250000000000e+02,-2.718750000000000000e+02
-1.918906250000000000e+02,-1.694531250000000000e+02,-2.706250000000000000e+02
-1.918906250000000000e+02,-1.691015625000000000e+02,-2.712500000000000000e+02
-1.915390625000000000e+02,-1.722656250000000000e+02,-2.712500000000000000e+02
-1.911875000000000000e+02,-1.722656250000000000e+02,-2.718750000000000000e+02
-1.911875000000000000e+02,-1.726171875000000000e+02,-2.712500000000000000e+02
-1.911875000000000000e+02,-1.722656250000000000e+02,-2.706250000000000000e+02
-1.911875000000000000e+02,-1.715625000000000000e+02,-2.718750000000000000e+02
-1.911875000000000000e+02,-1.715625000000000000e+02,-2.706250000000000000e+02
-1.911875000000000000e+02,-1.708593750000000000e+02,-2.718750000000000000e+02
-1.911875000000000000e+02,-1.708593750000000000e+02,-2.706250000000000000e+02
-1.911875000000000000e+02,-1.701562500000000000e+02,-2.718750000000000000e+02
-1.911875000000000000e+02,-1.701562500000000000e+02,-2.706250000000000000e+02
-1.911875000000000000e+02,-1.694531250000000000e+02,-2.718750000000000000e+02
-1.911875000000000000e+02,-1.694531250000000000e+02,-2.706250000000000000e+02
-1.915390625000000000e+02,-1.687500000000000000e+02,-2.712500000000000000e+02
-1.911875000000000000e+02,-1.687500000000000000e+02,-2.718750000000000000e+02
-1.911875000000000000e+02,-1.687500000000000000e+02,-2.706250000000000000e+02
-1.915390625000000000e+02,-1.680468750000000000e+02,-2.712500000000000000e+02
-1.911875000000000000e+02,-1.680468750000000000e+02,-2.718750000000000000e+02
-1.911875000000000000e+02,-1.680468750000000000e+02,-2.706250000000000000e+02
-1.911875000000000000e+02,-1.676953125000000000e+02,-2.712500000000000000e+02
-1.908359375000000000e+02,-1.743750000000000000e+02,-2.712500000000000000e+02
-1.904843750000000000e+02,-1.743750000000000000e+02,-2.718750000000000000e+02
-1.904843750000000000e+02,-1.747265625000000000e+02,-2.712500000000000000e+02
-1.904843750000000000e+02,-1.743750000000000000e+02,-2.706250000000000000e+02
-1.908359375000000000e+02,-1.736718750000000000e+02,-2.712500000000000000e+02
-1.904843750000000000e+02,-1.736718750000000000e+02,-2.718750000000000000e+02
-1.904843750000000000e+02,-1.736718750000000000e+02,-2.706250000000000000e+02
-1.908359375000000000e+02,-1.729687500000000000e+02,-2.712500000000000000e+02
-1.904843750000000000e+02,-1.729687500000000000e+02,-2.718750000000000000e+02
-1.904843750000000000e+02,-1.729687500000000000e+02,-2.706250000000000000e+02
-1.904843750000000000e+02,-1.722656250000000000e+02,-2.718750000000000000e+02
-1.904843750000000000e+02,-1.722656250000000000e+02,-2.706250000000000000e+02
-1.904843750000000000e+02,-1.715625000000000000e+02,-2.718750000000000000e+02
-1.904843750000000000e+02,-1.715625000000000000e+02,-2.706250000000000000e+02
-1.904843750000000000e+02,-1.708593750000000000e+02,-2.718750000000000000e+02
-1.904843750000000000e+02,-1.708593750000000000e+02,-2.706250000000000000e+02
-1.904843750000000000e+02,-1.701562500000000000e+02,-2.718750000000000000e+02
-1.904843750000000000e+02,-1.701562500000000000e+02,-2.706250000000000000e+02
-1.904843750000000000e+02,-1.694531250000000000e+02,-2.718750000000000000e+02
-1.904843750000000000e+02,-1.694531250000000000e+02,-2.706250000000000000e+02
-1.904843750000000000e+02,-1.687500000000000000e+02,-2.718750000000000000e+02
-1.904843750000000000e+02,-1.687500000000000000e+02,-2.706250000000000000e+02
-1.904843750000000000e+02,-1.683984375000000000e+02,-2.712500000000000000e+02
-1.908359375000000000e+02,-1.680468750000000000e+02,-2.712500000000000000e+02
-1.901328125000000000e+02,-1.792968750000000000e+02,-2.712500000000000000e+02
-1.897812500000000000e+02,-1.792968750000000000e+02,-2.718750000000000000e+02
-1.897812500000000000e+02,-1.796484375000000000e+02,-2.712500000000000000e+02
-1.897812500000000000e+02,-1.792968750000000000e+02,-2.706250000000000000e+02
-1.901328125000000000e+02,-1.785937500000000000e+02,-2.725000000000000000e+02
-1.897812500000000000e+02,-1.785937500000000000e+02,-2.731250000000000000e+02
-1.897812500000000000e+02,-1.789453125000000000e+02,-2.725000000000000000e+02
-1.901328125000000000e+02,-1.785937500000000000e+02,-2.712500000000000000e+02
-1.897812500000000000e+02,-1.785937500000000000e+02,-2.706250000000000000e+02
-1.901328125000000000e+02,-1.778906250000000000e+02,-2.725000000000000000e+02
-1.897812500000000000e+02,-1.778906250000000000e+02,-2.731250000000000000e+02
-1.901328125000000000e+02,-1.778906250000000000e+02,-2.712500000000000000e+02
-1.897812500000000000e+02,-1.778906250000000000e+02,-2.706250000000000000e+02
-1.901328125000000000e+02,-1.771875000000000000e+02,-2.725000000000000000e+02
-1.897812500000000000e+02,-1.771875000000000000e+02,-2.731250000000000000e+02
-1.901328125000000000e+02,-1.771875000000000000e+02,-2.712500000000000000e+02
-1.897812500000000000e+02,-1.771875000000000000e+02,-2.706250000000000000e+02
-1.901328125000000000e+02,-1.764843750000000000e+02,-2.725000000000000000e+02
-1.897812500000000000e+02,-1.764843750000000000e+02,-2.731250000000000000e+02
-1.901328125000000000e+02,-1.764843750000000000e+02,-2.712500000000000000e+02
-1.897812500000000000e+02,-1.764843750000000000e+02,-2.706250000000000000e+02
-1.901328125000000000e+02,-1.757812500000000000e+02,-2.725000000000000000e+02
-1.897812500000000000e+02,-1.757812500000000000e+02,-2.731250000000000000e+02
-1.901328125000000000e+02,-1.757812500000000000e+02,-2.712500000000000000e+02
-1.897812500000000000e+02,-1.757812500000000000e+02,-2.706250000000000000e+02
-1.901328125000000000e+02,-1.750781250000000000e+02,-2.725000000000000000e+02
-1.897812500000000000e+02,-1.750781250000000000e+02,-2.731250000000000000e+02
-1.901328125000000000e+02,-1.750781250000000000e+02,-2.712500000000000000e+02
-1.897812500000000000e+02,-1.750781250000000000e+02,-2.706250000000000000e+02
-1.901328125000000000e+02,-1.743750000000000000e+02,-2.725000000000000000e+02
-1.897812500000000000e+02,-1.743750000000000000e+02,-2.731250000000000000e+02
-1.897812500000000000e+02,-1.743750000000000000e+02,-2.706250000000000000e+02
-1.901328125000000000e+02,-1.736718750000000000e+02,-2.725000000000000000e+02
-1.897812500000000000e+02,-1.736718750000000000e+02,-2.731250000000000000e+02
-1.897812500000000000e+02,-1.736718750000000000e+02,-2.706250000000000000e+02
-1.901328125000000000e+02,-1.729687500000000000e+02,-2.725000000000000000e+02
-1.897812500000000000e+02,-1.729687500000000000e+02,-2.731250000000000000e+02
-1.897812500000000000e+02,-1.729687500000000000e+02,-2.706250000000000000e+02
-1.897812500000000000e+02,-1.726171875000000000e+02,-2.725000000000000000e+02
-1.897812500000000000e+02,-1.722656250000000000e+02,-2.718750000000000000e+02
-1.897812500000000000e+02,-1.722656250000000000e+02,-2.706250000000000000e+02
-1.897812500000000000e+02,-1.715625000000000000e+02,-2.718750000000000000e+02
-1.897812500000000000e+02,-1.715625000000000000e+02,-2.706250000000000000e+02
-1.897812500000000000e+02,-1.708593750000000000e+02,-2.718750000000000000e+02
-1.897812500000000000e+02,-1.708593750000000000e+02,-2.706250000000000000e+02
-1.897812500000000000e+02,-1.701562500000000000e+02,-2.718750000000000000e+02
-1.897812500000000000e+02,-1.701562500000000000e+02,-2.706250000000000000e+02
-1.897812500000000000e+02,-1.694531250000000000e+02,-2.718750000000000000e+02
-1.897812500000000000e+02,-1.694531250000000000e+02,-2.706250000000000000e+02
-1.897812500000000000e+02,-1.691015625000000000e+02,-2.712500000000000000e+02
-1.901328125000000000e+02,-1.687500000000000000e+02,-2.712500000000000000e+02
-1.890781250000000000e+02,-1.792968750000000000e+02,-2.718750000000000000e+02
-1.890781250000000000e+02,-1.796484375000000000e+02,-2.712500000000000000e+02
-1.890781250000000000e+02,-1.792968750000000000e+02,-2.706250000000000000e+02
-1.890781250000000000e+02,-1.785937500000000000e+02,-2.731250000000000000e+02
-1.890781250000000000e+02,-1.789453125000000000e+02,-2.725000000000000000e+02
-1.890781250000000000e+02,-1.785937500000000000e+02,-2.706250000000000000e+02
-1.890781250000000000e+02,-1.778906250000000000e+02,-2.731250000000000000e+02
-1.890781250000000000e+02,-1.782421875000000000e+02,-2.700000000000000000e+02
-1.894296875000000000e+02,-1.778906250000000000e+02,-2.700000000000000000e+02
-1.890781250000000000e+02,-1.782421875000000000e+02,-2.687500000000000000e+02
-1.894296875000000000e+02,-1.778906250000000000e+02,-2.687500000000000000e+02
-1.890781250000000000e+02,-1.771875000000000000e+02,-2.731250000000000000e+02
-1.894296875000000000e+02,-1.771875000000000000e+02,-2.700000000000000000e+02
-1.894296875000000000e+02,-1.771875000000000000e+02,-2.687500000000000000e+02
-1.890781250000000000e+02,-1.764843750000000000e+02,-2.731250000000000000e+02
-1.894296875000000000e+02,-1.764843750000000000e+02,-2.700000000000000000e+02
-1.890781250000000000e+02,-1.764843750000000000e+02,-2.693750000000000000e+02
-1.890781250000000000e+02,-1.768359375000000000e+02,-2.687500000000000000e+02
-1.890781250000000000e+02,-1.757812500000000000e+02,-2.731250000000000000e+02
-1.890781250000000000e+02,-1.761328125000000000e+02,-2.700000000000000000e+02
-1.890781250000000000e+02,-1.757812500000000000e+02,-2.706250000000000000e+02
-1.890781250000000000e+02,-1.750781250000000000e+02,-2.731250000000000000e+02
-1.890781250000000000e+02,-1.750781250000000000e+02,-2.706250000000000000e+02
-1.890781250000000000e+02,-1.743750000000000000e+02,-2.731250000000000000e+02
-1.890781250000000000e+02,-1.743750000000000000e+02,-2.706250000000000000e+02
-1.890781250000000000e+02,-1.736718750000000000e+02,-2.731250000000000000e+02
-1.890781250000000000e+02,-1.736718750000000000e+02,-2.706250000000000000e+02
-1.890781250000000000e+02,-1.729687500000000000e+02,-2.731250000000000000e+02
-1.890781250000000000e+02,-1.729687500000000000e+02,-2.706250000000000000e+02
-1.890781250000000000e+02,-1.726171875000000000e+02,-2.725000000000000000e+02
-1.890781250000000000e+02,-1.722656250000000000e+02,-2.718750000000000000e+02
-1.890781250000000000e+02,-1.722656250000000000e+02,-2.706250000000000000e+02
-1.890781250000000000e+02,-1.715625000000000000e+02,-2.718750000000000000e+02
-1.890781250000000000e+02,-1.715625000000000000e+02,-2.706250000000000000e+02
-1.890781250000000000e+02,-1.708593750000000000e+02,-2.718750000000000000e+02
-1.890781250000000000e+02,-1.708593750000000000e+02,-2.706250000000000000e+02
-1.890781250000000000e+02,-1.701562500000000000e+02,-2.718750000000000000e+02
-1.890781250000000000e+02,-1.701562500000000000e+02,-2.706250000000000000e+02
-1.890781250000000000e+02,-1.698046875000000000e+02,-2.712500000000000000e+02
-1.894296875000000000e+02,-1.694531250000000000e+02,-2.712500000000000000e+02
-1.887265625000000000e+02,-1.792968750000000000e+02,-2.712500000000000000e+02
-1.887265625000000000e+02,-1.785937500000000000e+02,-2.725000000000000000e+02
-1.887265625000000000e+02,-1.785937500000000000e+02,-2.712500000000000000e+02
-1.883750000000000000e+02,-1.778906250000000000e+02,-2.731250000000000000e+02
-1.883750000000000000e+02,-1.782421875000000000e+02,-2.725000000000000000e+02
-1.883750000000000000e+02,-1.782421875000000000e+02,-2.712500000000000000e+02
-1.883750000000000000e+02,-1.782421875000000000e+02,-2.700000000000000000e+02
-1.887265625000000000e+02,-1.778906250000000000e+02,-2.687500000000000000e+02
-1.883750000000000000e+02,-1.778906250000000000e+02,-2.693750000000000000e+02
-1.887265625000000000e+02,-1.771875000000000000e+02,-2.737500000000000000e+02
-1.883750000000000000e+02,-1.771875000000000000e+02,-2.743750000000000000e+02
-1.883750000000000000e+02,-1.775390625000000000e+02,-2.737500000000000000e+02
-1.883750000000000000e+02,-1.775390625000000000e+02,-2.687500000000000000e+02
-1.887265625000000000e+02,-1.764843750000000000e+02,-2.737500000000000000e+02
-1.883750000000000000e+02,-1.764843750000000000e+02,-2.743750000000000000e+02
-1.887265625000000000e+02,-1.764843750000000000e+02,-2.687500000000000000e+02
-1.887265625000000000e+02,-1.757812500000000000e+02,-2.737500000000000000e+02
-1.883750000000000000e+02,-1.757812500000000000e+02,-2.743750000000000000e+02
-1.887265625000000000e+02,-1.757812500000000000e+02,-2.700000000000000000e+02
-1.887265625000000000e+02,-1.757812500000000000e+02,-2.687500000000000000e+02
-1.887265625000000000e+02,-1.750781250000000000e+02,-2.737500000000000000e+02
-1.883750000000000000e+02,-1.750781250000000000e+02,-2.743750000000000000e+02
-1.887265625000000000e+02,-1.750781250000000000e+02,-2.700000000000000000e+02
-1.887265625000000000e+02,-1.750781250000000000e+02,-2.687500000000000000e+02
-1.887265625000000000e+02,-1.743750000000000000e+02,-2.737500000000000000e+02
-1.883750000000000000e+02,-1.743750000000000000e+02,-2.743750000000000000e+02
-1.887265625000000000e+02,-1.743750000000000000e+02,-2.700000000000000000e+02
-1.883750000000000000e+02,-1.743750000000000000e+02,-2.693750000000000000e+02
-1.883750000000000000e+02,-1.747265625000000000e+02,-2.687500000000000000e+02
-1.887265625000000000e+02,-1.736718750000000000e+02,-2.737500000000000000e+02
-1.883750000000000000e+02,-1.736718750000000000e+02,-2.743750000000000000e+02
-1.887265625000000000e+02,-1.736718750000000000e+02,-2.700000000000000000e+02
-1.883750000000000000e+02,-1.736718750000000000e+02,-2.693750000000000000e+02
-1.887265625000000000e+02,-1.729687500000000000e+02,-2.737500000000000000e+02
-1.883750000000000000e+02,-1.729687500000000000e+02,-2.743750000000000000e+02
-1.887265625000000000e+02,-1.729687500000000000e+02,-2.700000000000000000e+02
-1.883750000000000000e+02,-1.729687500000000000e+02,-2.693750000000000000e+02
-1.883750000000000000e+02,-1.726171875000000000e+02,-2.737500000000000000e+02
-1.887265625000000000e+02,-1.722656250000000000e+02,-2.725000000000000000e+02
-1.883750000000000000e+02,-1.722656250000000000e+02,-2.731250000000000000e+02
-1.887265625000000000e+02,-1.722656250000000000e+02,-2.700000000000000000e+02
-1.883750000000000000e+02,-1.722656250000000000e+02,-2.693750000000000000e+02
-1.883750000000000000e+02,-1.719140625000000000e+02,-2.725000000000000000e+02
-1.883750000000000000e+02,-1.715625000000000000e+02,-2.718750000000000000e+02
-1.887265625000000000e+02,-1.715625000000000000e+02,-2.700000000000000000e+02
-1.883750000000000000e+02,-1.715625000000000000e+02,-2.693750000000000000e+02
-1.883750000000000000e+02,-1.708593750000000000e+02,-2.718750000000000000e+02
-1.883750000000000000e+02,-1.712109375000000000e+02,-2.700000000000000000e+02
-1.883750000000000000e+02,-1.708593750000000000e+02,-2.706250000000000000e+02
-1.883750000000000000e+02,-1.701562500000000000e+02,-2.718750000000000000e+02
-1.883750000000000000e+02,-1.701562500000000000e+02,-2.706250000000000000e+02
-1.883750000000000000e+02,-1.698046875000000000e+02,-2.712500000000000000e+02
-1.880234375000000000e+02,-1.778906250000000000e+02,-2.725000000000000000e+02
-1.880234375000000000e+02,-1.778906250000000000e+02,-2.712500000000000000e+02
-1.880234375000000000e+02,-1.778906250000000000e+02,-2.700000000000000000e+02
-1.876718750000000000e+02,-1.771875000000000000e+02,-2.743750000000000000e+02
-1.876718750000000000e+02,-1.775390625000000000e+02,-2.737500000000000000e+02
-1.876718750000000000e+02,-1.775390625000000000e+02,-2.725000000000000000e+02
-1.876718750000000000e+02,-1.775390625000000000e+02,-2.712500000000000000e+02
-1.876718750000000000e+02,-1.771875000000000000e+02,-2.706250000000000000e+02
-1.880234375000000000e+02,-1.771875000000000000e+02,-2.700000000000000000e+02
-1.880234375000000000e+02,-1.771875000000000000e+02,-2.687500000000000000e+02
-1.880234375000000000e+02,-1.764843750000000000e+02,-2.750000000000000000e+02
-1.876718750000000000e+02,-1.768359375000000000e+02,-2.750000000000000000e+02
-1.876718750000000000e+02,-1.768359375000000000e+02,-2.700000000000000000e+02
-1.876718750000000000e+02,-1.768359375000000000e+02,-2.687500000000000000e+02
-1.880234375000000000e+02,-1.757812500000000000e+02,-2.750000000000000000e+02
-1.880234375000000000e+02,-1.750781250000000000e+02,-2.750000000000000000e+02
-1.880234375000000000e+02,-1.743750000000000000e+02,-2.750000000000000000e+02
-1.880234375000000000e+02,-1.743750000000000000e+02,-2.687500000000000000e+02
-1.880234375000000000e+02,-1.736718750000000000e+02,-2.750000000000000000e+02
-1.876718750000000000e+02,-1.740234375000000000e+02,-2.687500000000000000e+02
-1.876718750000000000e+02,-1.736718750000000000e+02,-2.693750000000000000e+02
-1.876718750000000000e+02,-1.733203125000000000e+02,-2.750000000000000000e+02
-1.876718750000000000e+02,-1.729687500000000000e+02,-2.743750000000000000e+02
-1.876718750000000000e+02,-1.729687500000000000e+02,-2.693750000000000000e+02
-1.880234375000000000e+02,-1.722656250000000000e+02,-2.737500000000000000e+02
-1.876718750000000000e+02,-1.722656250000000000e+02,-2.743750000000000000e+02
-1.876718750000000000e+02,-1.722656250000000000e+02,-2.693750000000000000e+02
-1.876718750000000000e+02,-1.719140625000000000e+02,-2.737500000000000000e+02
-1.880234375000000000e+02,-1.715625000000000000e+02,-2.725000000000000000e+02
-1.876718750000000000e+02,-1.715625000000000000e+02,-2.731250000000000000e+02
-1.880234375000000000e+02,-1.715625000000000000e+02,-2.700000000000000000e+02
-1.876718750000000000e+02,-1.719140625000000000e+02,-2.700000000000000000e+02
-1.876718750000000000e+02,-1.715625000000000000e+02,-2.706250000000000000e+02
-1.876718750000000000e+02,-1.712109375000000000e+02,-2.725000000000000000e+02
-1.876718750000000000e+02,-1.708593750000000000e+02,-2.718750000000000000e+02
-1.876718750000000000e+02,-1.708593750000000000e+02,-2.706250000000000000e+02
-1.876718750000000000e+02,-1.705078125000000000e+02,-2.712500000000000000e+02
-1.880234375000000000e+02,-1.701562500000000000e+02,-2.712500000000000000e+02
-1.873203125000000000e+02,-1.778906250000000000e+02,-2.737500000000000000e+02
-1.869687500000000000e+02,-1.778906250000000000e+02,-2.743750000000000000e+02
-1.869687500000000000e+02,-1.782421875000000000e+02,-2.737500000000000000e+02
-1.869687500000000000e+02,-1.782421875000000000e+02,-2.725000000000000000e+02
-1.873203125000000000e+02,-1.778906250000000000e+02,-2.725000000000000000e+02
-1.869687500000000000e+02,-1.778906250000000000e+02,-2.718750000000000000e+02
-1.869687500000000000e+02,-1.771875000000000000e+02,-2.743750000000000000e+02
-1.869687500000000000e+02,-1.775390625000000000e+02,-2.712500000000000000e+02
-1.869687500000000000e+02,-1.771875000000000000e+02,-2.706250000000000000e+02
-1.869687500000000000e+02,-1.768359375000000000e+02,-2.750000000000000000e+02
-1.873203125000000000e+02,-1.764843750000000000e+02,-2.700000000000000000e+02
-1.869687500000000000e+02,-1.764843750000000000e+02,-2.706250000000000000e+02
-1.873203125000000000e+02,-1.764843750000000000e+02,-2.687500000000000000e+02
-1.869687500000000000e+02,-1.761328125000000000e+02,-2.700000000000000000e+02
-1.869687500000000000e+02,-1.761328125000000000e+02,-2.687500000000000000e+02
-1.869687500000000000e+02,-1.740234375000000000e+02,-2.687500000000000000e+02
-1.869687500000000000e+02,-1.736718750000000000e+02,-2.693750000000000000e+02
-1.873203125000000000e+02,-1.729687500000000000e+02,-2.750000000000000000e+02
-1.869687500000000000e+02,-1.729687500000000000e+02,-2.693750000000000000e+02
-1.869687500000000000e+02,-1.726171875000000000e+02,-2.750000000000000000e+02
-1.869687500000000000e+02,-1.722656250000000000e+02,-2.743750000000000000e+02
-1.869687500000000000e+02,-1.722656250000000000e+02,-2.693750000000000000e+02
-1.869687500000000000e+02,-1.719140625000000000e+02,-2.737500000000000000e+02
-1.873203125000000000e+02,-1.715625000000000000e+02,-2.725000000000000000e+02
-1.869687500000000000e+02,-1.719140625000000000e+02,-2.725000000000000000e+02
-1.869687500000000000e+02,-1.715625000000000000e+02,-2.718750000000000000e+02
-1.869687500000000000e+02,-1.719140625000000000e+02,-2.700000000000000000e+02
-1.869687500000000000e+02,-1.715625000000000000e+02,-2.706250000000000000e+02
-1.873203125000000000e+02,-1.708593750000000000e+02,-2.712500000000000000e+02
-1.869687500000000000e+02,-1.712109375000000000e+02,-2.712500000000000000e+02
-1.866171875000000000e+02,-1.785937500000000000e+02,-2.737500000000000000e+02
-1.862656250000000000e+02,-1.785937500000000000e+02,-2.743750000000000000e+02
-1.862656250000000000e+02,-1.789453125000000000e+02,-2.737500000000000000e+02
-1.862656250000000000e+02,-1.785937500000000000e+02,-2.731250000000000000e+02
-1.862656250000000000e+02,-1.778906250000000000e+02,-2.743750000000000000e+02
-1.862656250000000000e+02,-1.782421875000000000e+02,-2.725000000000000000e+02
-1.862656250000000000e+02,-1.778906250000000000e+02,-2.718750000000000000e+02
-1.862656250000000000e+02,-1.771875000000000000e+02,-2.743750000000000000e+02
-1.862656250000000000e+02,-1.775390625000000000e+02,-2.712500000000000000e+02
-1.862656250000000000e+02,-1.771875000000000000e+02,-2.706250000000000000e+02
-1.866171875000000000e+02,-1.764843750000000000e+02,-2.750000000000000000e+02
-1.862656250000000000e+02,-1.764843750000000000e+02,-2.743750000000000000e+02
-1.862656250000000000e+02,-1.764843750000000000e+02,-2.706250000000000000e+02
-1.862656250000000000e+02,-1.761328125000000000e+02,-2.750000000000000000e+02
-1.862656250000000000e+02,-1.761328125000000000e+02,-2.700000000000000000e+02
-1.866171875000000000e+02,-1.757812500000000000e+02,-2.687500000000000000e+02
-1.862656250000000000e+02,-1.757812500000000000e+02,-2.693750000000000000e+02
-1.866171875000000000e+02,-1.750781250000000000e+02,-2.687500000000000000e+02
-1.862656250000000000e+02,-1.750781250000000000e+02,-2.693750000000000000e+02
-1.866171875000000000e+02,-1.743750000000000000e+02,-2.687500000000000000e+02
-1.862656250000000000e+02,-1.743750000000000000e+02,-2.693750000000000000e+02
-1.862656250000000000e+02,-1.736718750000000000e+02,-2.693750000000000000e+02
-1.862656250000000000e+02,-1.729687500000000000e+02,-2.693750000000000000e+02
-1.866171875000000000e+02,-1.722656250000000000e+02,-2.737500000000000000e+02
-1.862656250000000000e+02,-1.726171875000000000e+02,-2.737500000000000000e+02
-1.862656250000000000e+02,-1.726171875000000000e+02,-2.750000000000000000e+02
-1.862656250000000000e+02,-1.722656250000000000e+02,-2.731250000000000000e+02
-1.866171875000000000e+02,-1.722656250000000000e+02,-2.700000000000000000e+02
-1.862656250000000000e+02,-1.726171875000000000e+02,-2.700000000000000000e+02
-1.862656250000000000e+02,-1.722656250000000000e+02,-2.706250000000000000e+02
-1.862656250000000000e+02,-1.719140625000000000e+02,-2.725000000000000000e+02
-1.866171875000000000e+02,-1.715625000000000000e+02,-2.712500000000000000e+02
-1.862656250000000000e+02,-1.719140625000000000e+02,-2.712500000000000000e+02
-1.855625000000000000e+02,-1.785937500000000000e+02,-2.743750000000000000e+02
-1.855625000000000000e+02,-1.789453125000000000e+02,-2.737500000000000000e+02
-1.855625000000000000e+02,-1.785937500000000000e+02,-2.731250000000000000e+02
-1.855625000000000000e+02,-1.778906250000000000e+02,-2.743750000000000000e+02
-1.855625000000000000e+02,-1.782421875000000000e+02,-2.725000000000000000e+02
-1.855625000000000000e+02,-1.778906250000000000e+02,-2.718750000000000000e+02
-1.855625000000000000e+02,-1.771875000000000000e+02,-2.743750000000000000e+02
-1.859140625000000000e+02,-1.771875000000000000e+02,-2.712500000000000000e+02
-1.855625000000000000e+02,-1.771875000000000000e+02,-2.718750000000000000e+02
-1.855625000000000000e+02,-1.764843750000000000e+02,-2.743750000000000000e+02
-1.859140625000000000e+02,-1.764843750000000000e+02,-2.712500000000000000e+02
-1.855625000000000000e+02,-1.764843750000000000e+02,-2.718750000000000000e+02
-1.859140625000000000e+02,-1.757812500000000000e+02,-2.750000000000000000e+02
-1.855625000000000000e+02,-1.757812500000000000e+02,-2.743750000000000000e+02
-1.855625000000000000e+02,-1.761328125000000000e+02,-2.712500000000000000e+02
-1.859140625000000000e+02,-1.757812500000000000e+02,-2.700000000000000000e+02
-1.855625000000000000e+02,-1.757812500000000000e+02,-2.706250000000000000e+02
-1.855625000000000000e+02,-1.754296875000000000e+02,-2.750000000000000000e+02
-1.859140625000000000e+02,-1.750781250000000000e+02,-2.700000000000000000e+02
-1.855625000000000000e+02,-1.750781250000000000e+02,-2.706250000000000000e+02
-1.859140625000000000e+02,-1.743750000000000000e+02,-2.700000000000000000e+02
-1.855625000000000000e+02,-1.743750000000000000e+02,-2.706250000000000000e+02
-1.859140625000000000e+02,-1.736718750000000000e+02,-2.700000000000000000e+02
-1.855625000000000000e+02,-1.736718750000000000e+02,-2.706250000000000000e+02
-1.855625000000000000e+02,-1.733203125000000000e+02,-2.750000000000000000e+02
-1.859140625000000000e+02,-1.729687500000000000e+02,-2.750000000000000000e+02
-1.855625000000000000e+02,-1.729687500000000000e+02,-2.743750000000000000e+02
-1.859140625000000000e+02,-1.729687500000000000e+02,-2.700000000000000000e+02
-1.855625000000000000e+02,-1.729687500000000000e+02,-2.706250000000000000e+02
-1.855625000000000000e+02,-1.726171875000000000e+02,-2.737500000000000000e+02
-1.859140625000000000e+02,-1.722656250000000000e+02,-2.725000000000000000e+02
-1.855625000000000000e+02,-1.726171875000000000e+02,-2.725000000000000000e+02
-1.859140625000000000e+02,-1.722656250000000000e+02,-2.712500000000000000e+02
-1.855625000000000000e+02,-1.726171875000000000e+02,-2.712500000000000000e+02
-1.852109375000000000e+02,-1.792968750000000000e+02,-2.737500000000000000e+02
-1.848593750000000000e+02,-1.792968750000000000e+02,-2.743750000000000000e+02
-1.848593750000000000e+02,-1.796484375000000000e+02,-2.737500000000000000e+02
-1.848593750000000000e+02,-1.792968750000000000e+02,-2.731250000000000000e+02
-1.848593750000000000e+02,-1.785937500000000000e+02,-2.743750000000000000e+02
-1.848593750000000000e+02,-1.785937500000000000e+02,-2.731250000000000000e+02
-1.848593750000000000e+02,-1.778906250000000000e+02,-2.743750000000000000e+02
-1.848593750000000000e+02,-1.782421875000000000e+02,-2.725000000000000000e+02
-1.848593750000000000e+02,-1.778906250000000000e+02,-2.718750000000000000e+02
-1.848593750000000000e+02,-1.771875000000000000e+02,-2.743750000000000000e+02
-1.848593750000000000e+02,-1.771875000000000000e+02,-2.718750000000000000e+02
-1.848593750000000000e+02,-1.764843750000000000e+02,-2.743750000000000000e+02
-1.848593750000000000e+02,-1.764843750000000000e+02,-2.718750000000000000e+02
-1.848593750000000000e+02,-1.757812500000000000e+02,-2.743750000000000000e+02
-1.852109375000000000e+02,-1.757812500000000000e+02,-2.712500000000000000e+02
-1.848593750000000000e+02,-1.757812500000000000e+02,-2.718750000000000000e+02
-1.852109375000000000e+02,-1.750781250000000000e+02,-2.750000000000000000e+02
-1.848593750000000000e+02,-1.750781250000000000e+02,-2.743750000000000000e+02
-1.848593750000000000e+02,-1.754296875000000000e+02,-2.712500000000000000e+02
-1.848593750000000000e+02,-1.750781250000000000e+02,-2.706250000000000000e+02
-1.848593750000000000e+02,-1.747265625000000000e+02,-2.737500000000000000e+02
-1.852109375000000000e+02,-1.743750000000000000e+02,-2.737500000000000000e+02
-1.852109375000000000e+02,-1.743750000000000000e+02,-2.750000000000000000e+02
-1.848593750000000000e+02,-1.743750000000000000e+02,-2.731250000000000000e+02
-1.848593750000000000e+02,-1.743750000000000000e+02,-2.706250000000000000e+02
-1.852109375000000000e+02,-1.736718750000000000e+02,-2.737500000000000000e+02
-1.852109375000000000e+02,-1.736718750000000000e+02,-2.750000000000000000e+02
-1.848593750000000000e+02,-1.736718750000000000e+02,-2.731250000000000000e+02
-1.848593750000000000e+02,-1.736718750000000000e+02,-2.706250000000000000e+02
-1.852109375000000000e+02,-1.729687500000000000e+02,-2.737500000000000000e+02
-1.848593750000000000e+02,-1.733203125000000000e+02,-2.725000000000000000e+02
-1.852109375000000000e+02,-1.729687500000000000e+02,-2.725000000000000000e+02
-1.852109375000000000e+02,-1.729687500000000000e+02,-2.712500000000000000e+02
-1.848593750000000000e+02,-1.733203125000000000e+02,-2.712500000000000000e+02
-1.841562500000000000e+02,-1.792968750000000000e+02,-2.743750000000000000e+02
-1.841562500000000000e+02,-1.796484375000000000e+02,-2.737500000000000000e+02
-1.841562500000000000e+02,-1.792968750000000000e+02,-2.731250000000000000e+02
-1.841562500000000000e+02,-1.785937500000000000e+02,-2.743750000000000000e+02
-1.841562500000000000e+02,-1.785937500000000000e+02,-2.731250000000000000e+02
-1.841562500000000000e+02,-1.778906250000000000e+02,-2.743750000000000000e+02
-1.845078125000000000e+02,-1.778906250000000000e+02,-2.725000000000000000e+02
-1.841562500000000000e+02,-1.778906250000000000e+02,-2.731250000000000000e+02
-1.841562500000000000e+02,-1.771875000000000000e+02,-2.743750000000000000e+02
-1.845078125000000000e+02,-1.771875000000000000e+02,-2.725000000000000000e+02
-1.841562500000000000e+02,-1.771875000000000000e+02,-2.731250000000000000e+02
-1.841562500000000000e+02,-1.764843750000000000e+02,-2.743750000000000000e+02
-1.845078125000000000e+02,-1.764843750000000000e+02,-2.725000000000000000e+02
-1.841562500000000000e+02,-1.764843750000000000e+02,-2.731250000000000000e+02
-1.841562500000000000e+02,-1.761328125000000000e+02,-2.737500000000000000e+02
-1.845078125000000000e+02,-1.757812500000000000e+02,-2.737500000000000000e+02
-1.845078125000000000e+02,-1.757812500000000000e+02,-2.725000000000000000e+02
-1.845078125000000000e+02,-1.750781250000000000e+02,-2.737500000000000000e+02
-1.845078125000000000e+02,-1.750781250000000000e+02,-2.725000000000000000e+02
-1.841562500000000000e+02,-1.754296875000000000e+02,-2.712500000000000000e+02
-1.841562500000000000e+02,-1.750781250000000000e+02,-2.718750000000000000e+02
-1.841562500000000000e+02,-1.750781250000000000e+02,-2.706250000000000000e+02
-1.845078125000000000e+02,-1.743750000000000000e+02,-2.725000000000000000e+02
-1.841562500000000000e+02,-1.743750000000000000e+02,-2.718750000000000000e+02
-1.841562500000000000e+02,-1.743750000000000000e+02,-2.706250000000000000e+02
-1.845078125000000000e+02,-1.736718750000000000e+02,-2.725000000000000000e+02
-1.841562500000000000e+02,-1.740234375000000000e+02,-2.712500000000000000e+02
-1.845078125000000000e+02,-1.736718750000000000e+02,-2.712500000000000000e+02
-1.838046875000000000e+02,-1.792968750000000000e+02,-2.737500000000000000e+02
-1.834531250000000000e+02,-1.785937500000000000e+02,-2.743750000000000000e+02
-1.834531250000000000e+02,-1.789453125000000000e+02,-2.737500000000000000e+02
-1.834531250000000000e+02,-1.785937500000000000e+02,-2.731250000000000000e+02
-1.834531250000000000e+02,-1.778906250000000000e+02,-2.743750000000000000e+02
-1.834531250000000000e+02,-1.778906250000000000e+02,-2.731250000000000000e+02
-1.834531250000000000e+02,-1.775390625000000000e+02,-2.737500000000000000e+02
-1.838046875000000000e+02,-1.771875000000000000e+02,-2.737500000000000000e+02
-1.838046875000000000e+02,-1.764843750000000000e+02,-2.737500000000000000e+02
-1.838046875000000000e+02,-1.750781250000000000e+02,-2.712500000000000000e+02
-1.838046875000000000e+02,-1.743750000000000000e+02,-2.712500000000000000e+02
-1.831015625000000000e+02,-1.785937500000000000e+02,-2.737500000000000000e+02
-1.831015625000000000e+02,-1.778906250000000000e+02,-2.737500000000000000e+02
