-1.619937439999999924e+02,-1.701562500000000000e+02,-3.280000000000000000e+02
-1.542593689999999924e+02,-1.543359375000000000e+02,-3.242500000000000000e+02
-1.444156189999999924e+02,-1.539843750000000000e+02,-3.430000000000000000e+02
-1.437124939999999924e+02,-1.560937500000000000e+02,-3.180000000000000000e+02
-1.535562439999999924e+02,-1.560937500000000000e+02,-3.155000000000000000e+02
-1.507437439999999924e+02,-1.631250000000000000e+02,-3.130000000000000000e+02
-1.440640564999999924e+02,-1.560937500000000000e+02,-3.167500000000000000e+02
-1.387906189999999924e+02,-1.582031250000000000e+02,-3.255000000000000000e+02
-1.563687439999999924e+02,-1.567968750000000000e+02,-3.230000000000000000e+02
-1.525015564999999924e+02,-1.546875000000000000e+02,-3.167500000000000000e+02
-1.591812439999999924e+02,-1.733203125000000000e+02,-3.242500000000000000e+02
-1.314078064999999924e+02,-1.645312500000000000e+02,-3.292500000000000000e+02
-1.605874939999999924e+02,-1.708593750000000000e+02,-3.355000000000000000e+02
-1.553140564999999924e+02,-1.715625000000000000e+02,-3.417500000000000000e+02
-1.458218689999999924e+02,-1.567968750000000000e+02,-3.430000000000000000e+02
-1.405484314999999924e+02,-1.757812500000000000e+02,-3.292500000000000000e+02
-1.423062439999999924e+02,-1.666406250000000000e+02,-3.455000000000000000e+02
-1.366812439999999924e+02,-1.624218750000000000e+02,-3.430000000000000000e+02
-1.408999939999999924e+02,-1.575000000000000000e+02,-3.180000000000000000e+02
-1.619937439999999924e+02,-1.687500000000000000e+02,-3.280000000000000000e+02
-1.577749939999999924e+02,-1.680468750000000000e+02,-3.405000000000000000e+02
-1.598843689999999924e+02,-1.691015625000000000e+02,-3.367500000000000000e+02
-1.532046814999999924e+02,-1.518750000000000000e+02,-3.292500000000000000e+02
-1.408999939999999924e+02,-1.539843750000000000e+02,-3.330000000000000000e+02
-1.514468689999999924e+02,-1.518750000000000000e+02,-3.255000000000000000e+02
-1.577749939999999924e+02,-1.613671875000000000e+02,-3.192500000000000000e+02
-1.324624939999999924e+02,-1.659375000000000000e+02,-3.280000000000000000e+02
-1.416031189999999924e+02,-1.701562500000000000e+02,-3.430000000000000000e+02
-1.591812439999999924e+02,-1.582031250000000000e+02,-3.255000000000000000e+02
-1.408999939999999924e+02,-1.624218750000000000e+02,-3.130000000000000000e+02
-1.556656189999999924e+02,-1.546875000000000000e+02,-3.255000000000000000e+02
-1.591812439999999924e+02,-1.701562500000000000e+02,-3.380000000000000000e+02
-1.507437439999999924e+02,-1.553906250000000000e+02,-3.130000000000000000e+02
-1.493374939999999924e+02,-1.546875000000000000e+02,-3.130000000000000000e+02
-1.437124939999999924e+02,-1.687500000000000000e+02,-3.455000000000000000e+02
-1.503921814999999924e+02,-1.617187500000000000e+02,-3.117500000000000000e+02
-1.324624939999999924e+02,-1.659375000000000000e+02,-3.380000000000000000e+02
-1.472281189999999924e+02,-1.518750000000000000e+02,-3.255000000000000000e+02
-1.556656189999999924e+02,-1.778906250000000000e+02,-3.280000000000000000e+02
-1.542593689999999924e+02,-1.771875000000000000e+02,-3.230000000000000000e+02
-1.602359314999999924e+02,-1.610156250000000000e+02,-3.292500000000000000e+02
-1.423062439999999924e+02,-1.673437500000000000e+02,-3.130000000000000000e+02
-1.514468689999999924e+02,-1.771875000000000000e+02,-3.355000000000000000e+02
-1.549624939999999924e+02,-1.564453125000000000e+02,-3.217500000000000000e+02
-1.591812439999999924e+02,-1.708593750000000000e+02,-3.355000000000000000e+02
-1.440640564999999924e+02,-1.532812500000000000e+02,-3.267500000000000000e+02
-1.542593689999999924e+02,-1.504687500000000000e+02,-3.280000000000000000e+02
-1.458218689999999924e+02,-1.687500000000000000e+02,-3.455000000000000000e+02
-1.574234314999999924e+02,-1.560937500000000000e+02,-3.292500000000000000e+02
-1.451187439999999924e+02,-1.532812500000000000e+02,-3.405000000000000000e+02
-1.479312439999999924e+02,-1.575000000000000000e+02,-3.430000000000000000e+02
-1.609390564999999924e+02,-1.617187500000000000e+02,-3.292500000000000000e+02
-1.338687439999999924e+02,-1.638281250000000000e+02,-3.280000000000000000e+02
-1.507437439999999924e+02,-1.778906250000000000e+02,-3.330000000000000000e+02
-1.521499939999999924e+02,-1.708593750000000000e+02,-3.430000000000000000e+02
-1.486343689999999924e+02,-1.603125000000000000e+02,-3.455000000000000000e+02
-1.444156189999999924e+02,-1.529296875000000000e+02,-3.292500000000000000e+02
-1.282437439999999924e+02,-1.596093750000000000e+02,-3.330000000000000000e+02
-1.423062439999999924e+02,-1.673437500000000000e+02,-3.455000000000000000e+02
-1.359781189999999924e+02,-1.582031250000000000e+02,-3.280000000000000000e+02
-1.433609314999999924e+02,-1.736718750000000000e+02,-3.417500000000000000e+02
-1.437124939999999924e+02,-1.740234375000000000e+02,-3.417500000000000000e+02
-1.394937439999999924e+02,-1.747265625000000000e+02,-3.267500000000000000e+02
-1.363296814999999924e+02,-1.715625000000000000e+02,-3.267500000000000000e+02
-1.507437439999999924e+02,-1.543359375000000000e+02,-3.142500000000000000e+02
-1.331656189999999924e+02,-1.599609375000000000e+02,-3.317500000000000000e+02
-1.581265564999999924e+02,-1.757812500000000000e+02,-3.292500000000000000e+02
-1.394937439999999924e+02,-1.673437500000000000e+02,-3.455000000000000000e+02
-1.366812439999999924e+02,-1.610156250000000000e+02,-3.180000000000000000e+02
-1.444156189999999924e+02,-1.550390625000000000e+02,-3.242500000000000000e+02
-1.584781189999999924e+02,-1.578515625000000000e+02,-3.317500000000000000e+02
-1.387906189999999924e+02,-1.603125000000000000e+02,-3.180000000000000000e+02
-1.588296814999999924e+02,-1.610156250000000000e+02,-3.217500000000000000e+02
-1.398453064999999924e+02,-1.680468750000000000e+02,-3.442500000000000000e+02
-1.370328064999999924e+02,-1.729687500000000000e+02,-3.242500000000000000e+02
-1.440640564999999924e+02,-1.539843750000000000e+02,-3.417500000000000000e+02
-1.352749939999999924e+02,-1.624218750000000000e+02,-3.255000000000000000e+02
-1.373843689999999924e+02,-1.560937500000000000e+02,-3.330000000000000000e+02
-1.486343689999999924e+02,-1.771875000000000000e+02,-3.230000000000000000e+02
-1.338687439999999924e+02,-1.659375000000000000e+02,-3.405000000000000000e+02
-1.451187439999999924e+02,-1.715625000000000000e+02,-3.155000000000000000e+02
-1.570718689999999924e+02,-1.722656250000000000e+02,-3.405000000000000000e+02
-1.535562439999999924e+02,-1.560937500000000000e+02,-3.405000000000000000e+02
-1.366812439999999924e+02,-1.546875000000000000e+02,-3.330000000000000000e+02
-1.612906189999999924e+02,-1.687500000000000000e+02,-3.280000000000000000e+02
-1.458218689999999924e+02,-1.666406250000000000e+02,-3.130000000000000000e+02
-1.359781189999999924e+02,-1.582031250000000000e+02,-3.305000000000000000e+02
-1.401968689999999924e+02,-1.624218750000000000e+02,-3.130000000000000000e+02
-1.472281189999999924e+02,-1.740234375000000000e+02,-3.417500000000000000e+02
-1.472281189999999924e+02,-1.522265625000000000e+02,-3.367500000000000000e+02
-1.486343689999999924e+02,-1.764843750000000000e+02,-3.380000000000000000e+02
-1.521499939999999924e+02,-1.567968750000000000e+02,-3.430000000000000000e+02
-1.556656189999999924e+02,-1.557421875000000000e+02,-3.242500000000000000e+02
-1.440640564999999924e+02,-1.539843750000000000e+02,-3.317500000000000000e+02
-1.528531189999999924e+02,-1.775390625000000000e+02,-3.367500000000000000e+02
-1.570718689999999924e+02,-1.680468750000000000e+02,-3.180000000000000000e+02
-1.366812439999999924e+02,-1.610156250000000000e+02,-3.430000000000000000e+02
-1.570718689999999924e+02,-1.757812500000000000e+02,-3.255000000000000000e+02
-1.359781189999999924e+02,-1.705078125000000000e+02,-3.392500000000000000e+02
-1.500406189999999924e+02,-1.785937500000000000e+02,-3.280000000000000000e+02
-1.310562439999999924e+02,-1.666406250000000000e+02,-3.305000000000000000e+02
-1.549624939999999924e+02,-1.785937500000000000e+02,-3.280000000000000000e+02
-1.398453064999999924e+02,-1.687500000000000000e+02,-3.167500000000000000e+02
-1.521499939999999924e+02,-1.596093750000000000e+02,-3.130000000000000000e+02
-1.486343689999999924e+02,-1.694531250000000000e+02,-3.455000000000000000e+02
-1.356265564999999924e+02,-1.701562500000000000e+02,-3.242500000000000000e+02
-1.377359314999999924e+02,-1.680468750000000000e+02,-3.417500000000000000e+02
-1.602359314999999924e+02,-1.715625000000000000e+02,-3.267500000000000000e+02
-1.408999939999999924e+02,-1.701562500000000000e+02,-3.430000000000000000e+02
-1.479312439999999924e+02,-1.596093750000000000e+02,-3.455000000000000000e+02
-1.324624939999999924e+02,-1.652343750000000000e+02,-3.280000000000000000e+02
-1.430093689999999924e+02,-1.743750000000000000e+02,-3.180000000000000000e+02
-1.458218689999999924e+02,-1.666406250000000000e+02,-3.455000000000000000e+02
-1.289468689999999924e+02,-1.624218750000000000e+02,-3.355000000000000000e+02
-1.546109314999999924e+02,-1.546875000000000000e+02,-3.242500000000000000e+02
-1.352749939999999924e+02,-1.553906250000000000e+02,-3.380000000000000000e+02
-1.408999939999999924e+02,-1.585546875000000000e+02,-3.167500000000000000e+02
-1.391421814999999924e+02,-1.694531250000000000e+02,-3.192500000000000000e+02
-1.556656189999999924e+02,-1.733203125000000000e+02,-3.392500000000000000e+02
-1.468765564999999924e+02,-1.539843750000000000e+02,-3.242500000000000000e+02
-1.521499939999999924e+02,-1.560937500000000000e+02,-3.130000000000000000e+02
-1.430093689999999924e+02,-1.729687500000000000e+02,-3.180000000000000000e+02
-1.380874939999999924e+02,-1.589062500000000000e+02,-3.255000000000000000e+02
-1.493374939999999924e+02,-1.729687500000000000e+02,-3.180000000000000000e+02
-1.539078064999999924e+02,-1.560937500000000000e+02,-3.217500000000000000e+02
-1.475796814999999924e+02,-1.560937500000000000e+02,-3.117500000000000000e+02
-1.542593689999999924e+02,-1.539843750000000000e+02,-3.255000000000000000e+02
-1.535562439999999924e+02,-1.578515625000000000e+02,-3.417500000000000000e+02
-1.401968689999999924e+02,-1.557421875000000000e+02,-3.292500000000000000e+02
-1.472281189999999924e+02,-1.771875000000000000e+02,-3.230000000000000000e+02
-1.577749939999999924e+02,-1.722656250000000000e+02,-3.230000000000000000e+02
-1.542593689999999924e+02,-1.729687500000000000e+02,-3.180000000000000000e+02
-1.373843689999999924e+02,-1.617187500000000000e+02,-3.155000000000000000e+02
-1.384390564999999924e+02,-1.659375000000000000e+02,-3.442500000000000000e+02
-1.553140564999999924e+02,-1.575000000000000000e+02,-3.167500000000000000e+02
-1.595328064999999924e+02,-1.729687500000000000e+02,-3.242500000000000000e+02
-1.595328064999999924e+02,-1.722656250000000000e+02,-3.242500000000000000e+02
-1.514468689999999924e+02,-1.546875000000000000e+02,-3.230000000000000000e+02
-1.408999939999999924e+02,-1.532812500000000000e+02,-3.380000000000000000e+02
-1.507437439999999924e+02,-1.539843750000000000e+02,-3.180000000000000000e+02
-1.338687439999999924e+02,-1.645312500000000000e+02,-3.280000000000000000e+02
-1.377359314999999924e+02,-1.729687500000000000e+02,-3.292500000000000000e+02
-1.303531189999999924e+02,-1.603125000000000000e+02,-3.355000000000000000e+02
-1.528531189999999924e+02,-1.733203125000000000e+02,-3.417500000000000000e+02
-1.514468689999999924e+02,-1.680468750000000000e+02,-3.155000000000000000e+02
-1.366812439999999924e+02,-1.719140625000000000e+02,-3.242500000000000000e+02
-1.556656189999999924e+02,-1.768359375000000000e+02,-3.242500000000000000e+02
-1.619937439999999924e+02,-1.645312500000000000e+02,-3.305000000000000000e+02
-1.423062439999999924e+02,-1.757812500000000000e+02,-3.330000000000000000e+02
-1.514468689999999924e+02,-1.515234375000000000e+02,-3.342500000000000000e+02
-1.394937439999999924e+02,-1.631250000000000000e+02,-3.455000000000000000e+02
-1.370328064999999924e+02,-1.645312500000000000e+02,-3.217500000000000000e+02
-1.567203064999999924e+02,-1.757812500000000000e+02,-3.317500000000000000e+02
-1.451187439999999924e+02,-1.789453125000000000e+02,-3.242500000000000000e+02
-1.394937439999999924e+02,-1.532812500000000000e+02,-3.405000000000000000e+02
-1.584781189999999924e+02,-1.743750000000000000e+02,-3.230000000000000000e+02
-1.412515564999999924e+02,-1.750781250000000000e+02,-3.342500000000000000e+02
-1.486343689999999924e+02,-1.589062500000000000e+02,-3.455000000000000000e+02
-1.380874939999999924e+02,-1.687500000000000000e+02,-3.205000000000000000e+02
-1.328140564999999924e+02,-1.575000000000000000e+02,-3.392500000000000000e+02
-1.563687439999999924e+02,-1.603125000000000000e+02,-3.405000000000000000e+02
-1.486343689999999924e+02,-1.775390625000000000e+02,-3.342500000000000000e+02
-1.553140564999999924e+02,-1.532812500000000000e+02,-3.317500000000000000e+02
-1.373843689999999924e+02,-1.582031250000000000e+02,-3.255000000000000000e+02
-1.465249939999999924e+02,-1.560937500000000000e+02,-3.130000000000000000e+02
-1.472281189999999924e+02,-1.726171875000000000e+02,-3.167500000000000000e+02
-1.556656189999999924e+02,-1.757812500000000000e+02,-3.230000000000000000e+02
-1.472281189999999924e+02,-1.708593750000000000e+02,-3.455000000000000000e+02
-1.324624939999999924e+02,-1.617187500000000000e+02,-3.280000000000000000e+02
-1.451187439999999924e+02,-1.532812500000000000e+02,-3.380000000000000000e+02
-1.451187439999999924e+02,-1.722656250000000000e+02,-3.430000000000000000e+02
-1.401968689999999924e+02,-1.589062500000000000e+02,-3.430000000000000000e+02
-1.387906189999999924e+02,-1.736718750000000000e+02,-3.355000000000000000e+02
-1.472281189999999924e+02,-1.785937500000000000e+02,-3.255000000000000000e+02
-1.542593689999999924e+02,-1.557421875000000000e+02,-3.192500000000000000e+02
-1.345718689999999924e+02,-1.617187500000000000e+02,-3.255000000000000000e+02
-1.588296814999999924e+02,-1.708593750000000000e+02,-3.367500000000000000e+02
-1.444156189999999924e+02,-1.585546875000000000e+02,-3.467500000000000000e+02
-1.387906189999999924e+02,-1.691015625000000000e+02,-3.417500000000000000e+02
-1.507437439999999924e+02,-1.736718750000000000e+02,-3.180000000000000000e+02
-1.437124939999999924e+02,-1.715625000000000000e+02,-3.155000000000000000e+02
-1.465249939999999924e+02,-1.740234375000000000e+02,-3.417500000000000000e+02
-1.514468689999999924e+02,-1.578515625000000000e+02,-3.117500000000000000e+02
-1.380874939999999924e+02,-1.603125000000000000e+02,-3.430000000000000000e+02
-1.338687439999999924e+02,-1.631250000000000000e+02,-3.280000000000000000e+02
-1.609390564999999924e+02,-1.645312500000000000e+02,-3.342500000000000000e+02
-1.444156189999999924e+02,-1.676953125000000000e+02,-3.142500000000000000e+02
-1.472281189999999924e+02,-1.543359375000000000e+02,-3.142500000000000000e+02
-1.451187439999999924e+02,-1.567968750000000000e+02,-3.430000000000000000e+02
-1.549624939999999924e+02,-1.582031250000000000e+02,-3.405000000000000000e+02
-1.359781189999999924e+02,-1.567968750000000000e+02,-3.380000000000000000e+02
-1.486343689999999924e+02,-1.652343750000000000e+02,-3.130000000000000000e+02
-1.570718689999999924e+02,-1.610156250000000000e+02,-3.180000000000000000e+02
-1.401968689999999924e+02,-1.575000000000000000e+02,-3.180000000000000000e+02
-1.556656189999999924e+02,-1.715625000000000000e+02,-3.205000000000000000e+02
-1.542593689999999924e+02,-1.757812500000000000e+02,-3.380000000000000000e+02
-1.514468689999999924e+02,-1.785937500000000000e+02,-3.280000000000000000e+02
-1.342203064999999924e+02,-1.631250000000000000e+02,-3.267500000000000000e+02
-1.591812439999999924e+02,-1.631250000000000000e+02,-3.230000000000000000e+02
-1.577749939999999924e+02,-1.740234375000000000e+02,-3.342500000000000000e+02
-1.423062439999999924e+02,-1.666406250000000000e+02,-3.130000000000000000e+02
-1.570718689999999924e+02,-1.743750000000000000e+02,-3.355000000000000000e+02
-1.521499939999999924e+02,-1.543359375000000000e+02,-3.167500000000000000e+02
-1.437124939999999924e+02,-1.747265625000000000e+02,-3.217500000000000000e+02
-1.500406189999999924e+02,-1.771875000000000000e+02,-3.380000000000000000e+02
-1.408999939999999924e+02,-1.733203125000000000e+02,-3.192500000000000000e+02
-1.408999939999999924e+02,-1.722656250000000000e+02,-3.180000000000000000e+02
-1.472281189999999924e+02,-1.782421875000000000e+02,-3.367500000000000000e+02
-1.331656189999999924e+02,-1.673437500000000000e+02,-3.380000000000000000e+02
-1.521499939999999924e+02,-1.631250000000000000e+02,-3.130000000000000000e+02
-1.570718689999999924e+02,-1.736718750000000000e+02,-3.230000000000000000e+02
-1.549624939999999924e+02,-1.708593750000000000e+02,-3.180000000000000000e+02
-1.591812439999999924e+02,-1.673437500000000000e+02,-3.380000000000000000e+02
-1.584781189999999924e+02,-1.610156250000000000e+02,-3.380000000000000000e+02
-1.588296814999999924e+02,-1.589062500000000000e+02,-3.367500000000000000e+02
-1.366812439999999924e+02,-1.582031250000000000e+02,-3.430000000000000000e+02
-1.570718689999999924e+02,-1.712109375000000000e+02,-3.217500000000000000e+02
-1.437124939999999924e+02,-1.750781250000000000e+02,-3.230000000000000000e+02
-1.405484314999999924e+02,-1.736718750000000000e+02,-3.367500000000000000e+02
-1.486343689999999924e+02,-1.680468750000000000e+02,-3.155000000000000000e+02
-1.321109314999999924e+02,-1.673437500000000000e+02,-3.367500000000000000e+02
-1.324624939999999924e+02,-1.687500000000000000e+02,-3.355000000000000000e+02
-1.500406189999999924e+02,-1.701562500000000000e+02,-3.155000000000000000e+02
-1.507437439999999924e+02,-1.659375000000000000e+02,-3.130000000000000000e+02
-1.394937439999999924e+02,-1.617187500000000000e+02,-3.455000000000000000e+02
-1.556656189999999924e+02,-1.750781250000000000e+02,-3.230000000000000000e+02
-1.514468689999999924e+02,-1.743750000000000000e+02,-3.180000000000000000e+02
-1.570718689999999924e+02,-1.740234375000000000e+02,-3.367500000000000000e+02
-1.528531189999999924e+02,-1.764843750000000000e+02,-3.230000000000000000e+02
-1.514468689999999924e+02,-1.546875000000000000e+02,-3.405000000000000000e+02
-1.605874939999999924e+02,-1.676953125000000000e+02,-3.317500000000000000e+02
-1.556656189999999924e+02,-1.553906250000000000e+02,-3.255000000000000000e+02
-1.352749939999999924e+02,-1.691015625000000000e+02,-3.392500000000000000e+02
-1.423062439999999924e+02,-1.659375000000000000e+02,-3.455000000000000000e+02
-1.419546814999999924e+02,-1.771875000000000000e+02,-3.317500000000000000e+02
-1.563687439999999924e+02,-1.539843750000000000e+02,-3.280000000000000000e+02
-1.598843689999999924e+02,-1.582031250000000000e+02,-3.280000000000000000e+02
-1.528531189999999924e+02,-1.522265625000000000e+02,-3.317500000000000000e+02
-1.447671814999999924e+02,-1.553906250000000000e+02,-3.192500000000000000e+02
-1.479312439999999924e+02,-1.764843750000000000e+02,-3.380000000000000000e+02
-1.563687439999999924e+02,-1.705078125000000000e+02,-3.192500000000000000e+02
-1.401968689999999924e+02,-1.638281250000000000e+02,-3.455000000000000000e+02
-1.352749939999999924e+02,-1.610156250000000000e+02,-3.255000000000000000e+02
-1.349234314999999924e+02,-1.589062500000000000e+02,-3.267500000000000000e+02
-1.602359314999999924e+02,-1.575000000000000000e+02,-3.267500000000000000e+02
-1.556656189999999924e+02,-1.687500000000000000e+02,-3.430000000000000000e+02
-1.507437439999999924e+02,-1.771875000000000000e+02,-3.380000000000000000e+02
-1.289468689999999924e+02,-1.578515625000000000e+02,-3.342500000000000000e+02
-1.345718689999999924e+02,-1.701562500000000000e+02,-3.380000000000000000e+02
-1.503921814999999924e+02,-1.504687500000000000e+02,-3.267500000000000000e+02
-1.335171814999999924e+02,-1.596093750000000000e+02,-3.317500000000000000e+02
-1.542593689999999924e+02,-1.560937500000000000e+02,-3.380000000000000000e+02
-1.423062439999999924e+02,-1.729687500000000000e+02,-3.180000000000000000e+02
-1.507437439999999924e+02,-1.515234375000000000e+02,-3.292500000000000000e+02
-1.405484314999999924e+02,-1.701562500000000000e+02,-3.167500000000000000e+02
-1.479312439999999924e+02,-1.750781250000000000e+02,-3.405000000000000000e+02
-1.292984314999999924e+02,-1.624218750000000000e+02,-3.317500000000000000e+02
-1.514468689999999924e+02,-1.673437500000000000e+02,-3.455000000000000000e+02
-1.437124939999999924e+02,-1.676953125000000000e+02,-3.142500000000000000e+02
-1.493374939999999924e+02,-1.726171875000000000e+02,-3.167500000000000000e+02
-1.324624939999999924e+02,-1.610156250000000000e+02,-3.405000000000000000e+02
-1.605874939999999924e+02,-1.694531250000000000e+02,-3.230000000000000000e+02
-1.423062439999999924e+02,-1.743750000000000000e+02,-3.230000000000000000e+02
-1.444156189999999924e+02,-1.522265625000000000e+02,-3.342500000000000000e+02
-1.612906189999999924e+02,-1.701562500000000000e+02,-3.305000000000000000e+02
-1.482828064999999924e+02,-1.617187500000000000e+02,-3.467500000000000000e+02
-1.507437439999999924e+02,-1.771875000000000000e+02,-3.355000000000000000e+02
-1.591812439999999924e+02,-1.596093750000000000e+02,-3.230000000000000000e+02
-1.500406189999999924e+02,-1.522265625000000000e+02,-3.367500000000000000e+02
-1.588296814999999924e+02,-1.743750000000000000e+02,-3.317500000000000000e+02
-1.521499939999999924e+02,-1.575000000000000000e+02,-3.430000000000000000e+02
-1.500406189999999924e+02,-1.543359375000000000e+02,-3.167500000000000000e+02
-1.338687439999999924e+02,-1.582031250000000000e+02,-3.355000000000000000e+02
-1.570718689999999924e+02,-1.596093750000000000e+02,-3.180000000000000000e+02
-1.465249939999999924e+02,-1.715625000000000000e+02,-3.430000000000000000e+02
-1.416031189999999924e+02,-1.747265625000000000e+02,-3.367500000000000000e+02
-1.430093689999999924e+02,-1.575000000000000000e+02,-3.155000000000000000e+02
-1.486343689999999924e+02,-1.740234375000000000e+02,-3.417500000000000000e+02
-1.303531189999999924e+02,-1.662890625000000000e+02,-3.342500000000000000e+02
-1.493374939999999924e+02,-1.708593750000000000e+02,-3.430000000000000000e+02
-1.458218689999999924e+02,-1.750781250000000000e+02,-3.405000000000000000e+02
-1.602359314999999924e+02,-1.638281250000000000e+02,-3.317500000000000000e+02
-1.387906189999999924e+02,-1.715625000000000000e+02,-3.405000000000000000e+02
-1.570718689999999924e+02,-1.750781250000000000e+02,-3.330000000000000000e+02
-1.345718689999999924e+02,-1.673437500000000000e+02,-3.280000000000000000e+02
-1.605874939999999924e+02,-1.687500000000000000e+02,-3.355000000000000000e+02
-1.500406189999999924e+02,-1.575000000000000000e+02,-3.430000000000000000e+02
-1.394937439999999924e+02,-1.747265625000000000e+02,-3.292500000000000000e+02
-1.345718689999999924e+02,-1.553906250000000000e+02,-3.355000000000000000e+02
-1.560171814999999924e+02,-1.560937500000000000e+02,-3.242500000000000000e+02
-1.331656189999999924e+02,-1.666406250000000000e+02,-3.380000000000000000e+02
-1.528531189999999924e+02,-1.729687500000000000e+02,-3.180000000000000000e+02
-1.331656189999999924e+02,-1.694531250000000000e+02,-3.305000000000000000e+02
-1.352749939999999924e+02,-1.578515625000000000e+02,-3.267500000000000000e+02
-1.521499939999999924e+02,-1.518750000000000000e+02,-3.330000000000000000e+02
-1.479312439999999924e+02,-1.778906250000000000e+02,-3.355000000000000000e+02
-1.408999939999999924e+02,-1.687500000000000000e+02,-3.455000000000000000e+02
-1.437124939999999924e+02,-1.589062500000000000e+02,-3.130000000000000000e+02
-1.493374939999999924e+02,-1.529296875000000000e+02,-3.392500000000000000e+02
-1.394937439999999924e+02,-1.743750000000000000e+02,-3.330000000000000000e+02
-1.405484314999999924e+02,-1.553906250000000000e+02,-3.267500000000000000e+02
-1.408999939999999924e+02,-1.757812500000000000e+02,-3.230000000000000000e+02
-1.430093689999999924e+02,-1.782421875000000000e+02,-3.292500000000000000e+02
-1.314078064999999924e+02,-1.652343750000000000e+02,-3.367500000000000000e+02
-1.486343689999999924e+02,-1.676953125000000000e+02,-3.142500000000000000e+02
-1.303531189999999924e+02,-1.655859375000000000e+02,-3.317500000000000000e+02
-1.486343689999999924e+02,-1.525781250000000000e+02,-3.305000000000000000e+02
-1.359781189999999924e+02,-1.582031250000000000e+02,-3.255000000000000000e+02
-1.493374939999999924e+02,-1.536328125000000000e+02,-3.417500000000000000e+02
-1.387906189999999924e+02,-1.557421875000000000e+02,-3.317500000000000000e+02
-1.556656189999999924e+02,-1.631250000000000000e+02,-3.155000000000000000e+02
-1.528531189999999924e+02,-1.589062500000000000e+02,-3.130000000000000000e+02
-1.377359314999999924e+02,-1.645312500000000000e+02,-3.442500000000000000e+02
-1.296499939999999924e+02,-1.638281250000000000e+02,-3.355000000000000000e+02
-1.373843689999999924e+02,-1.631250000000000000e+02,-3.455000000000000000e+02
-1.514468689999999924e+02,-1.620703125000000000e+02,-3.442500000000000000e+02
-1.521499939999999924e+02,-1.532812500000000000e+02,-3.380000000000000000e+02
-1.416031189999999924e+02,-1.761328125000000000e+02,-3.267500000000000000e+02
-1.563687439999999924e+02,-1.564453125000000000e+02,-3.242500000000000000e+02
-1.391421814999999924e+02,-1.666406250000000000e+02,-3.142500000000000000e+02
-1.570718689999999924e+02,-1.754296875000000000e+02,-3.242500000000000000e+02
-1.394937439999999924e+02,-1.750781250000000000e+02,-3.255000000000000000e+02
-1.437124939999999924e+02,-1.543359375000000000e+02,-3.317500000000000000e+02
-1.521499939999999924e+02,-1.638281250000000000e+02,-3.130000000000000000e+02
-1.542593689999999924e+02,-1.560937500000000000e+02,-3.205000000000000000e+02
-1.591812439999999924e+02,-1.736718750000000000e+02,-3.255000000000000000e+02
-1.380874939999999924e+02,-1.733203125000000000e+02,-3.342500000000000000e+02
-1.416031189999999924e+02,-1.768359375000000000e+02,-3.242500000000000000e+02
-1.521499939999999924e+02,-1.789453125000000000e+02,-3.317500000000000000e+02
-1.479312439999999924e+02,-1.722656250000000000e+02,-3.430000000000000000e+02
-1.366812439999999924e+02,-1.546875000000000000e+02,-3.355000000000000000e+02
-1.517984314999999924e+02,-1.624218750000000000e+02,-3.442500000000000000e+02
-1.352749939999999924e+02,-1.567968750000000000e+02,-3.405000000000000000e+02
-1.338687439999999924e+02,-1.567968750000000000e+02,-3.380000000000000000e+02
-1.616421814999999924e+02,-1.659375000000000000e+02,-3.267500000000000000e+02
-1.496890564999999924e+02,-1.792968750000000000e+02,-3.292500000000000000e+02
-1.588296814999999924e+02,-1.582031250000000000e+02,-3.317500000000000000e+02
-1.479312439999999924e+02,-1.775390625000000000e+02,-3.342500000000000000e+02
-1.345718689999999924e+02,-1.575000000000000000e+02,-3.330000000000000000e+02
-1.458218689999999924e+02,-1.560937500000000000e+02,-3.430000000000000000e+02
-1.479312439999999924e+02,-1.789453125000000000e+02,-3.292500000000000000e+02
-1.391421814999999924e+02,-1.666406250000000000e+02,-3.442500000000000000e+02
-1.493374939999999924e+02,-1.694531250000000000e+02,-3.455000000000000000e+02
-1.317593689999999924e+02,-1.596093750000000000e+02,-3.330000000000000000e+02
-1.412515564999999924e+02,-1.589062500000000000e+02,-3.467500000000000000e+02
-1.588296814999999924e+02,-1.582031250000000000e+02,-3.292500000000000000e+02
-1.416031189999999924e+02,-1.553906250000000000e+02,-3.355000000000000000e+02
-1.479312439999999924e+02,-1.750781250000000000e+02,-3.180000000000000000e+02
-1.588296814999999924e+02,-1.617187500000000000e+02,-3.217500000000000000e+02
-1.408999939999999924e+02,-1.645312500000000000e+02,-3.130000000000000000e+02
-1.444156189999999924e+02,-1.525781250000000000e+02,-3.380000000000000000e+02
-1.560171814999999924e+02,-1.610156250000000000e+02,-3.167500000000000000e+02
-1.317593689999999924e+02,-1.599609375000000000e+02,-3.367500000000000000e+02
-1.549624939999999924e+02,-1.680468750000000000e+02,-3.155000000000000000e+02
-1.458218689999999924e+02,-1.722656250000000000e+02,-3.430000000000000000e+02
-1.486343689999999924e+02,-1.525781250000000000e+02,-3.330000000000000000e+02
-1.394937439999999924e+02,-1.567968750000000000e+02,-3.255000000000000000e+02
-1.394937439999999924e+02,-1.750781250000000000e+02,-3.330000000000000000e+02
-1.380874939999999924e+02,-1.560937500000000000e+02,-3.405000000000000000e+02
-1.444156189999999924e+02,-1.529296875000000000e+02,-3.267500000000000000e+02
-1.416031189999999924e+02,-1.687500000000000000e+02,-3.455000000000000000e+02
-1.437124939999999924e+02,-1.539843750000000000e+02,-3.255000000000000000e+02
-1.345718689999999924e+02,-1.567968750000000000e+02,-3.380000000000000000e+02
-1.521499939999999924e+02,-1.771875000000000000e+02,-3.355000000000000000e+02
-1.549624939999999924e+02,-1.764843750000000000e+02,-3.330000000000000000e+02
-1.553140564999999924e+02,-1.518750000000000000e+02,-3.267500000000000000e+02
-1.528531189999999924e+02,-1.645312500000000000e+02,-3.130000000000000000e+02
-1.401968689999999924e+02,-1.546875000000000000e+02,-3.355000000000000000e+02
-1.317593689999999924e+02,-1.610156250000000000e+02,-3.405000000000000000e+02
-1.465249939999999924e+02,-1.701562500000000000e+02,-3.455000000000000000e+02
-1.612906189999999924e+02,-1.659375000000000000e+02,-3.305000000000000000e+02
-1.423062439999999924e+02,-1.645312500000000000e+02,-3.130000000000000000e+02
-1.556656189999999924e+02,-1.771875000000000000e+02,-3.305000000000000000e+02
-1.563687439999999924e+02,-1.596093750000000000e+02,-3.405000000000000000e+02
-1.416031189999999924e+02,-1.603125000000000000e+02,-3.155000000000000000e+02
-1.416031189999999924e+02,-1.539843750000000000e+02,-3.380000000000000000e+02
-1.373843689999999924e+02,-1.666406250000000000e+02,-3.430000000000000000e+02
-1.328140564999999924e+02,-1.603125000000000000e+02,-3.292500000000000000e+02
-1.384390564999999924e+02,-1.589062500000000000e+02,-3.242500000000000000e+02
-1.356265564999999924e+02,-1.546875000000000000e+02,-3.392500000000000000e+02
-1.546109314999999924e+02,-1.589062500000000000e+02,-3.417500000000000000e+02
-1.380874939999999924e+02,-1.736718750000000000e+02,-3.230000000000000000e+02
-1.310562439999999924e+02,-1.603125000000000000e+02,-3.355000000000000000e+02
-1.563687439999999924e+02,-1.543359375000000000e+02,-3.292500000000000000e+02
-1.528531189999999924e+02,-1.589062500000000000e+02,-3.430000000000000000e+02
-1.412515564999999924e+02,-1.743750000000000000e+02,-3.392500000000000000e+02
-1.401968689999999924e+02,-1.536328125000000000e+02,-3.342500000000000000e+02
-1.373843689999999924e+02,-1.624218750000000000e+02,-3.455000000000000000e+02
-1.472281189999999924e+02,-1.785937500000000000e+02,-3.330000000000000000e+02
-1.588296814999999924e+02,-1.666406250000000000e+02,-3.392500000000000000e+02
-1.560171814999999924e+02,-1.603125000000000000e+02,-3.167500000000000000e+02
-1.380874939999999924e+02,-1.553906250000000000e+02,-3.380000000000000000e+02
-1.507437439999999924e+02,-1.743750000000000000e+02,-3.405000000000000000e+02
-1.447671814999999924e+02,-1.750781250000000000e+02,-3.192500000000000000e+02
-1.359781189999999924e+02,-1.634765625000000000e+02,-3.242500000000000000e+02
-1.324624939999999924e+02,-1.589062500000000000e+02,-3.355000000000000000e+02
-1.528531189999999924e+02,-1.736718750000000000e+02,-3.180000000000000000e+02
-1.321109314999999924e+02,-1.596093750000000000e+02,-3.367500000000000000e+02
-1.437124939999999924e+02,-1.525781250000000000e+02,-3.380000000000000000e+02
-1.426578064999999924e+02,-1.764843750000000000e+02,-3.267500000000000000e+02
-1.472281189999999924e+02,-1.518750000000000000e+02,-3.305000000000000000e+02
-1.394937439999999924e+02,-1.708593750000000000e+02,-3.205000000000000000e+02
-1.619937439999999924e+02,-1.701562500000000000e+02,-3.305000000000000000e+02
-1.387906189999999924e+02,-1.743750000000000000e+02,-3.330000000000000000e+02
-1.567203064999999924e+02,-1.666406250000000000e+02,-3.417500000000000000e+02
-1.398453064999999924e+02,-1.708593750000000000e+02,-3.192500000000000000e+02
-1.556656189999999924e+02,-1.778906250000000000e+02,-3.305000000000000000e+02
-1.423062439999999924e+02,-1.764843750000000000e+02,-3.255000000000000000e+02
-1.338687439999999924e+02,-1.582031250000000000e+02,-3.330000000000000000e+02
-1.563687439999999924e+02,-1.546875000000000000e+02,-3.255000000000000000e+02
-1.493374939999999924e+02,-1.532812500000000000e+02,-3.205000000000000000e+02
-1.542593689999999924e+02,-1.596093750000000000e+02,-3.430000000000000000e+02
-1.514468689999999924e+02,-1.560937500000000000e+02,-3.130000000000000000e+02
-1.493374939999999924e+02,-1.761328125000000000e+02,-3.217500000000000000e+02
-1.479312439999999924e+02,-1.687500000000000000e+02,-3.155000000000000000e+02
-1.521499939999999924e+02,-1.511718750000000000e+02,-3.255000000000000000e+02
-1.423062439999999924e+02,-1.564453125000000000e+02,-3.242500000000000000e+02
-1.345718689999999924e+02,-1.659375000000000000e+02,-3.405000000000000000e+02
-1.605874939999999924e+02,-1.578515625000000000e+02,-3.267500000000000000e+02
-1.387906189999999924e+02,-1.585546875000000000e+02,-3.242500000000000000e+02
-1.338687439999999924e+02,-1.701562500000000000e+02,-3.305000000000000000e+02
-1.584781189999999924e+02,-1.719140625000000000e+02,-3.367500000000000000e+02
-1.539078064999999924e+02,-1.771875000000000000e+02,-3.367500000000000000e+02
-1.542593689999999924e+02,-1.596093750000000000e+02,-3.155000000000000000e+02
-1.479312439999999924e+02,-1.785937500000000000e+02,-3.230000000000000000e+02
-1.380874939999999924e+02,-1.680468750000000000e+02,-3.430000000000000000e+02
-1.401968689999999924e+02,-1.726171875000000000e+02,-3.217500000000000000e+02
-1.465249939999999924e+02,-1.666406250000000000e+02,-3.455000000000000000e+02
-1.430093689999999924e+02,-1.778906250000000000e+02,-3.305000000000000000e+02
-1.521499939999999924e+02,-1.546875000000000000e+02,-3.130000000000000000e+02
-1.373843689999999924e+02,-1.532812500000000000e+02,-3.405000000000000000e+02
-1.598843689999999924e+02,-1.687500000000000000e+02,-3.230000000000000000e+02
-1.493374939999999924e+02,-1.764843750000000000e+02,-3.230000000000000000e+02
-1.366812439999999924e+02,-1.652343750000000000e+02,-3.430000000000000000e+02
-1.380874939999999924e+02,-1.683984375000000000e+02,-3.417500000000000000e+02
-1.437124939999999924e+02,-1.778906250000000000e+02,-3.280000000000000000e+02
-1.563687439999999924e+02,-1.715625000000000000e+02,-3.205000000000000000e+02
-1.619937439999999924e+02,-1.641796875000000000e+02,-3.292500000000000000e+02
-1.373843689999999924e+02,-1.532812500000000000e+02,-3.380000000000000000e+02
-1.479312439999999924e+02,-1.532812500000000000e+02,-3.255000000000000000e+02
-1.314078064999999924e+02,-1.603125000000000000e+02,-3.367500000000000000e+02
-1.528531189999999924e+02,-1.652343750000000000e+02,-3.130000000000000000e+02
-1.503921814999999924e+02,-1.757812500000000000e+02,-3.392500000000000000e+02
-1.605874939999999924e+02,-1.722656250000000000e+02,-3.280000000000000000e+02
-1.391421814999999924e+02,-1.673437500000000000e+02,-3.167500000000000000e+02
-1.373843689999999924e+02,-1.673437500000000000e+02,-3.205000000000000000e+02
-1.549624939999999924e+02,-1.575000000000000000e+02,-3.155000000000000000e+02
-1.465249939999999924e+02,-1.575000000000000000e+02,-3.455000000000000000e+02
-1.528531189999999924e+02,-1.515234375000000000e+02,-3.342500000000000000e+02
-1.612906189999999924e+02,-1.687500000000000000e+02,-3.355000000000000000e+02
-1.549624939999999924e+02,-1.659375000000000000e+02,-3.430000000000000000e+02
-1.542593689999999924e+02,-1.532812500000000000e+02,-3.255000000000000000e+02
-1.324624939999999924e+02,-1.631250000000000000e+02,-3.405000000000000000e+02
-1.493374939999999924e+02,-1.518750000000000000e+02,-3.380000000000000000e+02
-1.458218689999999924e+02,-1.761328125000000000e+02,-3.217500000000000000e+02
-1.451187439999999924e+02,-1.687500000000000000e+02,-3.155000000000000000e+02
-1.472281189999999924e+02,-1.515234375000000000e+02,-3.267500000000000000e+02
-1.419546814999999924e+02,-1.546875000000000000e+02,-3.267500000000000000e+02
-1.609390564999999924e+02,-1.638281250000000000e+02,-3.367500000000000000e+02
-1.563687439999999924e+02,-1.645312500000000000e+02,-3.155000000000000000e+02
-1.338687439999999924e+02,-1.680468750000000000e+02,-3.280000000000000000e+02
-1.521499939999999924e+02,-1.603125000000000000e+02,-3.130000000000000000e+02
-1.507437439999999924e+02,-1.624218750000000000e+02,-3.130000000000000000e+02
-1.472281189999999924e+02,-1.764843750000000000e+02,-3.230000000000000000e+02
-1.500406189999999924e+02,-1.680468750000000000e+02,-3.455000000000000000e+02
-1.521499939999999924e+02,-1.778906250000000000e+02,-3.330000000000000000e+02
-1.401968689999999924e+02,-1.645312500000000000e+02,-3.130000000000000000e+02
-1.521499939999999924e+02,-1.511718750000000000e+02,-3.280000000000000000e+02
-1.563687439999999924e+02,-1.676953125000000000e+02,-3.167500000000000000e+02
-1.479312439999999924e+02,-1.778906250000000000e+02,-3.380000000000000000e+02
-1.472281189999999924e+02,-1.525781250000000000e+02,-3.305000000000000000e+02
-1.514468689999999924e+02,-1.582031250000000000e+02,-3.130000000000000000e+02
-1.338687439999999924e+02,-1.666406250000000000e+02,-3.405000000000000000e+02
-1.423062439999999924e+02,-1.532812500000000000e+02,-3.330000000000000000e+02
-1.363296814999999924e+02,-1.610156250000000000e+02,-3.192500000000000000e+02
-1.465249939999999924e+02,-1.553906250000000000e+02,-3.430000000000000000e+02
-1.465249939999999924e+02,-1.571484375000000000e+02,-3.117500000000000000e+02
-1.352749939999999924e+02,-1.659375000000000000e+02,-3.255000000000000000e+02
-1.514468689999999924e+02,-1.659375000000000000e+02,-3.455000000000000000e+02
-1.591812439999999924e+02,-1.722656250000000000e+02,-3.230000000000000000e+02
-1.440640564999999924e+02,-1.750781250000000000e+02,-3.217500000000000000e+02
-1.458218689999999924e+02,-1.522265625000000000e+02,-3.292500000000000000e+02
-1.398453064999999924e+02,-1.582031250000000000e+02,-3.217500000000000000e+02
-1.479312439999999924e+02,-1.757812500000000000e+02,-3.205000000000000000e+02
-1.458218689999999924e+02,-1.676953125000000000e+02,-3.142500000000000000e+02
-1.609390564999999924e+02,-1.631250000000000000e+02,-3.342500000000000000e+02
-1.430093689999999924e+02,-1.694531250000000000e+02,-3.155000000000000000e+02
-1.619937439999999924e+02,-1.687500000000000000e+02,-3.305000000000000000e+02
-1.465249939999999924e+02,-1.743750000000000000e+02,-3.405000000000000000e+02
-1.602359314999999924e+02,-1.715625000000000000e+02,-3.242500000000000000e+02
-1.514468689999999924e+02,-1.652343750000000000e+02,-3.130000000000000000e+02
-1.479312439999999924e+02,-1.712109375000000000e+02,-3.442500000000000000e+02
-1.598843689999999924e+02,-1.736718750000000000e+02,-3.280000000000000000e+02
-1.507437439999999924e+02,-1.757812500000000000e+02,-3.380000000000000000e+02
-1.359781189999999924e+02,-1.560937500000000000e+02,-3.380000000000000000e+02
-1.444156189999999924e+02,-1.768359375000000000e+02,-3.267500000000000000e+02
-1.581265564999999924e+02,-1.603125000000000000e+02,-3.217500000000000000e+02
-1.574234314999999924e+02,-1.757812500000000000e+02,-3.267500000000000000e+02
-1.500406189999999924e+02,-1.726171875000000000e+02,-3.167500000000000000e+02
-1.366812439999999924e+02,-1.726171875000000000e+02,-3.342500000000000000e+02
-1.412515564999999924e+02,-1.567968750000000000e+02,-3.217500000000000000e+02
-1.314078064999999924e+02,-1.659375000000000000e+02,-3.292500000000000000e+02
-1.507437439999999924e+02,-1.722656250000000000e+02,-3.155000000000000000e+02
-1.408999939999999924e+02,-1.757812500000000000e+02,-3.255000000000000000e+02
-1.584781189999999924e+02,-1.606640625000000000e+02,-3.217500000000000000e+02
-1.563687439999999924e+02,-1.550390625000000000e+02,-3.342500000000000000e+02
-1.556656189999999924e+02,-1.722656250000000000e+02,-3.405000000000000000e+02
-1.591812439999999924e+02,-1.589062500000000000e+02,-3.330000000000000000e+02
-1.500406189999999924e+02,-1.764843750000000000e+02,-3.380000000000000000e+02
-1.563687439999999924e+02,-1.557421875000000000e+02,-3.367500000000000000e+02
-1.556656189999999924e+02,-1.624218750000000000e+02,-3.155000000000000000e+02
-1.345718689999999924e+02,-1.603125000000000000e+02,-3.430000000000000000e+02
-1.581265564999999924e+02,-1.708593750000000000e+02,-3.392500000000000000e+02
-1.465249939999999924e+02,-1.775390625000000000e+02,-3.342500000000000000e+02
-1.430093689999999924e+02,-1.733203125000000000e+02,-3.417500000000000000e+02
-1.401968689999999924e+02,-1.553906250000000000e+02,-3.380000000000000000e+02
-1.451187439999999924e+02,-1.757812500000000000e+02,-3.205000000000000000e+02
-1.602359314999999924e+02,-1.617187500000000000e+02,-3.342500000000000000e+02
-1.458218689999999924e+02,-1.740234375000000000e+02,-3.417500000000000000e+02
-1.387906189999999924e+02,-1.564453125000000000e+02,-3.267500000000000000e+02
-1.535562439999999924e+02,-1.680468750000000000e+02,-3.155000000000000000e+02
-1.535562439999999924e+02,-1.539843750000000000e+02,-3.380000000000000000e+02
-1.423062439999999924e+02,-1.543359375000000000e+02,-3.267500000000000000e+02
-1.387906189999999924e+02,-1.599609375000000000e+02,-3.442500000000000000e+02
-1.465249939999999924e+02,-1.659375000000000000e+02,-3.130000000000000000e+02
-1.366812439999999924e+02,-1.645312500000000000e+02,-3.230000000000000000e+02
-1.535562439999999924e+02,-1.796484375000000000e+02,-3.292500000000000000e+02
-1.430093689999999924e+02,-1.596093750000000000e+02,-3.130000000000000000e+02
-1.549624939999999924e+02,-1.750781250000000000e+02,-3.230000000000000000e+02
-1.380874939999999924e+02,-1.659375000000000000e+02,-3.430000000000000000e+02
-1.359781189999999924e+02,-1.578515625000000000e+02,-3.317500000000000000e+02
-1.472281189999999924e+02,-1.722656250000000000e+02,-3.155000000000000000e+02
-1.380874939999999924e+02,-1.652343750000000000e+02,-3.455000000000000000e+02
-1.416031189999999924e+02,-1.631250000000000000e+02,-3.130000000000000000e+02
-1.458218689999999924e+02,-1.560937500000000000e+02,-3.130000000000000000e+02
-1.394937439999999924e+02,-1.571484375000000000e+02,-3.192500000000000000e+02
-1.549624939999999924e+02,-1.666406250000000000e+02,-3.430000000000000000e+02
-1.507437439999999924e+02,-1.624218750000000000e+02,-3.455000000000000000e+02
-1.352749939999999924e+02,-1.687500000000000000e+02,-3.230000000000000000e+02
-1.623453064999999924e+02,-1.680468750000000000e+02,-3.292500000000000000e+02
-1.532046814999999924e+02,-1.652343750000000000e+02,-3.142500000000000000e+02
-1.380874939999999924e+02,-1.571484375000000000e+02,-3.292500000000000000e+02
-1.521499939999999924e+02,-1.659375000000000000e+02,-3.130000000000000000e+02
-1.423062439999999924e+02,-1.764843750000000000e+02,-3.230000000000000000e+02
-1.430093689999999924e+02,-1.750781250000000000e+02,-3.405000000000000000e+02
-1.556656189999999924e+02,-1.764843750000000000e+02,-3.230000000000000000e+02
-1.359781189999999924e+02,-1.680468750000000000e+02,-3.230000000000000000e+02
-1.366812439999999924e+02,-1.726171875000000000e+02,-3.367500000000000000e+02
-1.324624939999999924e+02,-1.582031250000000000e+02,-3.355000000000000000e+02
-1.563687439999999924e+02,-1.539843750000000000e+02,-3.305000000000000000e+02
-1.430093689999999924e+02,-1.550390625000000000e+02,-3.367500000000000000e+02
-1.595328064999999924e+02,-1.589062500000000000e+02,-3.342500000000000000e+02
-1.370328064999999924e+02,-1.652343750000000000e+02,-3.167500000000000000e+02
-1.465249939999999924e+02,-1.789453125000000000e+02,-3.242500000000000000e+02
-1.500406189999999924e+02,-1.789453125000000000e+02,-3.317500000000000000e+02
-1.546109314999999924e+02,-1.567968750000000000e+02,-3.392500000000000000e+02
-1.458218689999999924e+02,-1.525781250000000000e+02,-3.380000000000000000e+02
-1.401968689999999924e+02,-1.754296875000000000e+02,-3.267500000000000000e+02
-1.430093689999999924e+02,-1.539843750000000000e+02,-3.255000000000000000e+02
-1.451187439999999924e+02,-1.764843750000000000e+02,-3.230000000000000000e+02
-1.535562439999999924e+02,-1.610156250000000000e+02,-3.130000000000000000e+02
-1.507437439999999924e+02,-1.522265625000000000e+02,-3.317500000000000000e+02
-1.310562439999999924e+02,-1.606640625000000000e+02,-3.367500000000000000e+02
-1.507437439999999924e+02,-1.775390625000000000e+02,-3.367500000000000000e+02
-1.324624939999999924e+02,-1.687500000000000000e+02,-3.305000000000000000e+02
-1.479312439999999924e+02,-1.518750000000000000e+02,-3.305000000000000000e+02
-1.458218689999999924e+02,-1.673437500000000000e+02,-3.455000000000000000e+02
-1.366812439999999924e+02,-1.680468750000000000e+02,-3.405000000000000000e+02
-1.437124939999999924e+02,-1.557421875000000000e+02,-3.242500000000000000e+02
-1.430093689999999924e+02,-1.652343750000000000e+02,-3.130000000000000000e+02
-1.535562439999999924e+02,-1.736718750000000000e+02,-3.180000000000000000e+02
-1.394937439999999924e+02,-1.539843750000000000e+02,-3.380000000000000000e+02
-1.528531189999999924e+02,-1.553906250000000000e+02,-3.155000000000000000e+02
-1.363296814999999924e+02,-1.638281250000000000e+02,-3.192500000000000000e+02
-1.416031189999999924e+02,-1.712109375000000000e+02,-3.167500000000000000e+02
-1.405484314999999924e+02,-1.617187500000000000e+02,-3.142500000000000000e+02
-1.535562439999999924e+02,-1.546875000000000000e+02,-3.380000000000000000e+02
-1.609390564999999924e+02,-1.589062500000000000e+02,-3.267500000000000000e+02
-1.528531189999999924e+02,-1.782421875000000000e+02,-3.317500000000000000e+02
-1.549624939999999924e+02,-1.567968750000000000e+02,-3.380000000000000000e+02
-1.458218689999999924e+02,-1.525781250000000000e+02,-3.255000000000000000e+02
-1.359781189999999924e+02,-1.638281250000000000e+02,-3.430000000000000000e+02
-1.465249939999999924e+02,-1.782421875000000000e+02,-3.367500000000000000e+02
-1.521499939999999924e+02,-1.546875000000000000e+02,-3.180000000000000000e+02
-1.437124939999999924e+02,-1.652343750000000000e+02,-3.130000000000000000e+02
-1.500406189999999924e+02,-1.536328125000000000e+02,-3.392500000000000000e+02
-1.584781189999999924e+02,-1.627734375000000000e+02,-3.392500000000000000e+02
-1.549624939999999924e+02,-1.617187500000000000e+02,-3.155000000000000000e+02
-1.458218689999999924e+02,-1.532812500000000000e+02,-3.305000000000000000e+02
-1.493374939999999924e+02,-1.729687500000000000e+02,-3.430000000000000000e+02
-1.588296814999999924e+02,-1.652343750000000000e+02,-3.217500000000000000e+02
-1.292984314999999924e+02,-1.631250000000000000e+02,-3.317500000000000000e+02
-1.581265564999999924e+02,-1.575000000000000000e+02,-3.342500000000000000e+02
-1.588296814999999924e+02,-1.659375000000000000e+02,-3.392500000000000000e+02
-1.373843689999999924e+02,-1.708593750000000000e+02,-3.405000000000000000e+02
-1.479312439999999924e+02,-1.536328125000000000e+02,-3.417500000000000000e+02
-1.535562439999999924e+02,-1.582031250000000000e+02,-3.130000000000000000e+02
-1.514468689999999924e+02,-1.775390625000000000e+02,-3.367500000000000000e+02
-1.366812439999999924e+02,-1.575000000000000000e+02,-3.430000000000000000e+02
-1.401968689999999924e+02,-1.761328125000000000e+02,-3.317500000000000000e+02
-1.500406189999999924e+02,-1.511718750000000000e+02,-3.330000000000000000e+02
-1.510953064999999924e+02,-1.610156250000000000e+02,-3.442500000000000000e+02
-1.437124939999999924e+02,-1.543359375000000000e+02,-3.417500000000000000e+02
-1.423062439999999924e+02,-1.582031250000000000e+02,-3.455000000000000000e+02
-1.472281189999999924e+02,-1.789453125000000000e+02,-3.242500000000000000e+02
-1.510953064999999924e+02,-1.750781250000000000e+02,-3.192500000000000000e+02
-1.426578064999999924e+02,-1.694531250000000000e+02,-3.442500000000000000e+02
-1.574234314999999924e+02,-1.708593750000000000e+02,-3.217500000000000000e+02
-1.535562439999999924e+02,-1.504687500000000000e+02,-3.280000000000000000e+02
-1.401968689999999924e+02,-1.525781250000000000e+02,-3.405000000000000000e+02
-1.352749939999999924e+02,-1.550390625000000000e+02,-3.342500000000000000e+02
-1.416031189999999924e+02,-1.729687500000000000e+02,-3.180000000000000000e+02
-1.605874939999999924e+02,-1.631250000000000000e+02,-3.305000000000000000e+02
-1.430093689999999924e+02,-1.539843750000000000e+02,-3.405000000000000000e+02
-1.563687439999999924e+02,-1.691015625000000000e+02,-3.417500000000000000e+02
-1.623453064999999924e+02,-1.694531250000000000e+02,-3.292500000000000000e+02
-1.563687439999999924e+02,-1.729687500000000000e+02,-3.230000000000000000e+02
-1.387906189999999924e+02,-1.539843750000000000e+02,-3.330000000000000000e+02
-1.465249939999999924e+02,-1.771875000000000000e+02,-3.230000000000000000e+02
-1.324624939999999924e+02,-1.589062500000000000e+02,-3.330000000000000000e+02
-1.486343689999999924e+02,-1.546875000000000000e+02,-3.430000000000000000e+02
-1.479312439999999924e+02,-1.761328125000000000e+02,-3.392500000000000000e+02
-1.380874939999999924e+02,-1.652343750000000000e+02,-3.155000000000000000e+02
-1.451187439999999924e+02,-1.743750000000000000e+02,-3.180000000000000000e+02
-1.535562439999999924e+02,-1.610156250000000000e+02,-3.430000000000000000e+02
-1.591812439999999924e+02,-1.575000000000000000e+02,-3.255000000000000000e+02
-1.479312439999999924e+02,-1.532812500000000000e+02,-3.405000000000000000e+02
-1.440640564999999924e+02,-1.645312500000000000e+02,-3.117500000000000000e+02
-1.373843689999999924e+02,-1.736718750000000000e+02,-3.305000000000000000e+02
-1.500406189999999924e+02,-1.532812500000000000e+02,-3.255000000000000000e+02
-1.373843689999999924e+02,-1.617187500000000000e+02,-3.455000000000000000e+02
-1.356265564999999924e+02,-1.708593750000000000e+02,-3.267500000000000000e+02
-1.528531189999999924e+02,-1.518750000000000000e+02,-3.255000000000000000e+02
-1.394937439999999924e+02,-1.539843750000000000e+02,-3.330000000000000000e+02
-1.588296814999999924e+02,-1.652343750000000000e+02,-3.392500000000000000e+02
-1.535562439999999924e+02,-1.546875000000000000e+02,-3.230000000000000000e+02
-1.570718689999999924e+02,-1.575000000000000000e+02,-3.205000000000000000e+02
-1.528531189999999924e+02,-1.792968750000000000e+02,-3.280000000000000000e+02
-1.394937439999999924e+02,-1.701562500000000000e+02,-3.405000000000000000e+02
-1.458218689999999924e+02,-1.785937500000000000e+02,-3.230000000000000000e+02
-1.317593689999999924e+02,-1.606640625000000000e+02,-3.292500000000000000e+02
-1.486343689999999924e+02,-1.575000000000000000e+02,-3.430000000000000000e+02
-1.521499939999999924e+02,-1.771875000000000000e+02,-3.330000000000000000e+02
-1.444156189999999924e+02,-1.592578125000000000e+02,-3.117500000000000000e+02
-1.430093689999999924e+02,-1.564453125000000000e+02,-3.167500000000000000e+02
-1.521499939999999924e+02,-1.550390625000000000e+02,-3.217500000000000000e+02
-1.612906189999999924e+02,-1.652343750000000000e+02,-3.255000000000000000e+02
-1.345718689999999924e+02,-1.687500000000000000e+02,-3.280000000000000000e+02
-1.408999939999999924e+02,-1.680468750000000000e+02,-3.455000000000000000e+02
-1.528531189999999924e+02,-1.715625000000000000e+02,-3.430000000000000000e+02
-1.521499939999999924e+02,-1.652343750000000000e+02,-3.455000000000000000e+02
-1.370328064999999924e+02,-1.722656250000000000e+02,-3.242500000000000000e+02
-1.447671814999999924e+02,-1.553906250000000000e+02,-3.217500000000000000e+02
-1.581265564999999924e+02,-1.582031250000000000e+02,-3.242500000000000000e+02
-1.345718689999999924e+02,-1.712109375000000000e+02,-3.317500000000000000e+02
-1.423062439999999924e+02,-1.722656250000000000e+02,-3.430000000000000000e+02
-1.440640564999999924e+02,-1.764843750000000000e+02,-3.367500000000000000e+02
-1.303531189999999924e+02,-1.620703125000000000e+02,-3.317500000000000000e+02
-1.521499939999999924e+02,-1.504687500000000000e+02,-3.255000000000000000e+02
-1.359781189999999924e+02,-1.560937500000000000e+02,-3.355000000000000000e+02
-1.532046814999999924e+02,-1.743750000000000000e+02,-3.192500000000000000e+02
-1.405484314999999924e+02,-1.553906250000000000e+02,-3.292500000000000000e+02
-1.521499939999999924e+02,-1.694531250000000000e+02,-3.155000000000000000e+02
-1.500406189999999924e+02,-1.603125000000000000e+02,-3.455000000000000000e+02
-1.605874939999999924e+02,-1.645312500000000000e+02,-3.305000000000000000e+02
-1.479312439999999924e+02,-1.518750000000000000e+02,-3.355000000000000000e+02
-1.619937439999999924e+02,-1.645312500000000000e+02,-3.280000000000000000e+02
-1.430093689999999924e+02,-1.757812500000000000e+02,-3.380000000000000000e+02
-1.321109314999999924e+02,-1.687500000000000000e+02,-3.342500000000000000e+02
-1.408999939999999924e+02,-1.666406250000000000e+02,-3.455000000000000000e+02
-1.408999939999999924e+02,-1.617187500000000000e+02,-3.130000000000000000e+02
-1.549624939999999924e+02,-1.553906250000000000e+02,-3.230000000000000000e+02
-1.563687439999999924e+02,-1.631250000000000000e+02,-3.430000000000000000e+02
-1.570718689999999924e+02,-1.729687500000000000e+02,-3.230000000000000000e+02
-1.500406189999999924e+02,-1.792968750000000000e+02,-3.305000000000000000e+02
-1.472281189999999924e+02,-1.785937500000000000e+02,-3.280000000000000000e+02
-1.542593689999999924e+02,-1.729687500000000000e+02,-3.405000000000000000e+02
-1.444156189999999924e+02,-1.575000000000000000e+02,-3.130000000000000000e+02
-1.451187439999999924e+02,-1.722656250000000000e+02,-3.155000000000000000e+02
-1.528531189999999924e+02,-1.511718750000000000e+02,-3.255000000000000000e+02
-1.370328064999999924e+02,-1.603125000000000000e+02,-3.192500000000000000e+02
-1.345718689999999924e+02,-1.645312500000000000e+02,-3.280000000000000000e+02
-1.465249939999999924e+02,-1.757812500000000000e+02,-3.405000000000000000e+02
-1.419546814999999924e+02,-1.546875000000000000e+02,-3.417500000000000000e+02
-1.486343689999999924e+02,-1.543359375000000000e+02,-3.217500000000000000e+02
-1.549624939999999924e+02,-1.603125000000000000e+02,-3.155000000000000000e+02
-1.535562439999999924e+02,-1.571484375000000000e+02,-3.142500000000000000e+02
-1.430093689999999924e+02,-1.631250000000000000e+02,-3.455000000000000000e+02
-1.394937439999999924e+02,-1.705078125000000000e+02,-3.192500000000000000e+02
-1.528531189999999924e+02,-1.624218750000000000e+02,-3.430000000000000000e+02
-1.437124939999999924e+02,-1.673437500000000000e+02,-3.455000000000000000e+02
-1.514468689999999924e+02,-1.539843750000000000e+02,-3.405000000000000000e+02
-1.556656189999999924e+02,-1.582031250000000000e+02,-3.405000000000000000e+02
-1.612906189999999924e+02,-1.705078125000000000e+02,-3.342500000000000000e+02
-1.514468689999999924e+02,-1.673437500000000000e+02,-3.155000000000000000e+02
-1.500406189999999924e+02,-1.617187500000000000e+02,-3.455000000000000000e+02
-1.387906189999999924e+02,-1.567968750000000000e+02,-3.255000000000000000e+02
-1.317593689999999924e+02,-1.589062500000000000e+02,-3.355000000000000000e+02
-1.465249939999999924e+02,-1.543359375000000000e+02,-3.192500000000000000e+02
-1.619937439999999924e+02,-1.659375000000000000e+02,-3.280000000000000000e+02
-1.556656189999999924e+02,-1.705078125000000000e+02,-3.417500000000000000e+02
-1.430093689999999924e+02,-1.557421875000000000e+02,-3.242500000000000000e+02
-1.433609314999999924e+02,-1.778906250000000000e+02,-3.317500000000000000e+02
-1.363296814999999924e+02,-1.617187500000000000e+02,-3.192500000000000000e+02
-1.387906189999999924e+02,-1.582031250000000000e+02,-3.205000000000000000e+02
-1.507437439999999924e+02,-1.504687500000000000e+02,-3.255000000000000000e+02
-1.324624939999999924e+02,-1.592578125000000000e+02,-3.367500000000000000e+02
-1.352749939999999924e+02,-1.719140625000000000e+02,-3.317500000000000000e+02
-1.394937439999999924e+02,-1.603125000000000000e+02,-3.155000000000000000e+02
-1.479312439999999924e+02,-1.603125000000000000e+02,-3.455000000000000000e+02
-1.479312439999999924e+02,-1.782421875000000000e+02,-3.267500000000000000e+02
-1.521499939999999924e+02,-1.557421875000000000e+02,-3.417500000000000000e+02
-1.563687439999999924e+02,-1.680468750000000000e+02,-3.430000000000000000e+02
-1.556656189999999924e+02,-1.659375000000000000e+02,-3.155000000000000000e+02
-1.500406189999999924e+02,-1.687500000000000000e+02,-3.455000000000000000e+02
-1.546109314999999924e+02,-1.511718750000000000e+02,-3.267500000000000000e+02
-1.366812439999999924e+02,-1.631250000000000000e+02,-3.180000000000000000e+02
-1.440640564999999924e+02,-1.638281250000000000e+02,-3.117500000000000000e+02
-1.444156189999999924e+02,-1.567968750000000000e+02,-3.430000000000000000e+02
-1.595328064999999924e+02,-1.694531250000000000e+02,-3.367500000000000000e+02
-1.366812439999999924e+02,-1.722656250000000000e+02,-3.380000000000000000e+02
-1.387906189999999924e+02,-1.631250000000000000e+02,-3.455000000000000000e+02
-1.616421814999999924e+02,-1.652343750000000000e+02,-3.267500000000000000e+02
-1.528531189999999924e+02,-1.736718750000000000e+02,-3.405000000000000000e+02
-1.345718689999999924e+02,-1.705078125000000000e+02,-3.342500000000000000e+02
-1.423062439999999924e+02,-1.687500000000000000e+02,-3.455000000000000000e+02
-1.437124939999999924e+02,-1.694531250000000000e+02,-3.455000000000000000e+02
-1.591812439999999924e+02,-1.736718750000000000e+02,-3.330000000000000000e+02
-1.416031189999999924e+02,-1.764843750000000000e+02,-3.230000000000000000e+02
-1.300015564999999924e+02,-1.624218750000000000e+02,-3.367500000000000000e+02
-1.444156189999999924e+02,-1.560937500000000000e+02,-3.155000000000000000e+02
-1.465249939999999924e+02,-1.522265625000000000e+02,-3.267500000000000000e+02
-1.570718689999999924e+02,-1.553906250000000000e+02,-3.255000000000000000e+02
-1.605874939999999924e+02,-1.659375000000000000e+02,-3.230000000000000000e+02
-1.507437439999999924e+02,-1.603125000000000000e+02,-3.130000000000000000e+02
-1.500406189999999924e+02,-1.553906250000000000e+02,-3.430000000000000000e+02
-1.345718689999999924e+02,-1.610156250000000000e+02,-3.430000000000000000e+02
-1.363296814999999924e+02,-1.673437500000000000e+02,-3.217500000000000000e+02
-1.423062439999999924e+02,-1.518750000000000000e+02,-3.380000000000000000e+02
-1.398453064999999924e+02,-1.750781250000000000e+02,-3.267500000000000000e+02
-1.349234314999999924e+02,-1.680468750000000000e+02,-3.242500000000000000e+02
-1.458218689999999924e+02,-1.771875000000000000e+02,-3.380000000000000000e+02
-1.352749939999999924e+02,-1.666406250000000000e+02,-3.405000000000000000e+02
-1.591812439999999924e+02,-1.666406250000000000e+02,-3.380000000000000000e+02
-1.303531189999999924e+02,-1.610156250000000000e+02,-3.330000000000000000e+02
-1.342203064999999924e+02,-1.638281250000000000e+02,-3.417500000000000000e+02
-1.430093689999999924e+02,-1.585546875000000000e+02,-3.467500000000000000e+02
-1.416031189999999924e+02,-1.585546875000000000e+02,-3.442500000000000000e+02
-1.609390564999999924e+02,-1.708593750000000000e+02,-3.317500000000000000e+02
-1.433609314999999924e+02,-1.624218750000000000e+02,-3.117500000000000000e+02
-1.577749939999999924e+02,-1.589062500000000000e+02,-3.230000000000000000e+02
-1.472281189999999924e+02,-1.652343750000000000e+02,-3.130000000000000000e+02
-1.577749939999999924e+02,-1.610156250000000000e+02,-3.380000000000000000e+02
-1.401968689999999924e+02,-1.733203125000000000e+02,-3.392500000000000000e+02
-1.472281189999999924e+02,-1.782421875000000000e+02,-3.267500000000000000e+02
-1.486343689999999924e+02,-1.518750000000000000e+02,-3.330000000000000000e+02
-1.451187439999999924e+02,-1.525781250000000000e+02,-3.280000000000000000e+02
-1.560171814999999924e+02,-1.680468750000000000e+02,-3.167500000000000000e+02
-1.605874939999999924e+02,-1.680468750000000000e+02,-3.230000000000000000e+02
-1.616421814999999924e+02,-1.666406250000000000e+02,-3.267500000000000000e+02
-1.535562439999999924e+02,-1.666406250000000000e+02,-3.430000000000000000e+02
-1.507437439999999924e+02,-1.532812500000000000e+02,-3.380000000000000000e+02
-1.331656189999999924e+02,-1.599609375000000000e+02,-3.292500000000000000e+02
-1.514468689999999924e+02,-1.708593750000000000e+02,-3.430000000000000000e+02
-1.451187439999999924e+02,-1.743750000000000000e+02,-3.405000000000000000e+02
-1.324624939999999924e+02,-1.564453125000000000e+02,-3.342500000000000000e+02
-1.296499939999999924e+02,-1.638281250000000000e+02,-3.305000000000000000e+02
-1.472281189999999924e+02,-1.729687500000000000e+02,-3.430000000000000000e+02
-1.352749939999999924e+02,-1.578515625000000000e+02,-3.367500000000000000e+02
-1.310562439999999924e+02,-1.571484375000000000e+02,-3.342500000000000000e+02
-1.598843689999999924e+02,-1.729687500000000000e+02,-3.330000000000000000e+02
-1.525015564999999924e+02,-1.645312500000000000e+02,-3.442500000000000000e+02
-1.458218689999999924e+02,-1.525781250000000000e+02,-3.330000000000000000e+02
-1.408999939999999924e+02,-1.715625000000000000e+02,-3.405000000000000000e+02
-1.584781189999999924e+02,-1.698046875000000000e+02,-3.392500000000000000e+02
-1.310562439999999924e+02,-1.589062500000000000e+02,-3.355000000000000000e+02
-1.535562439999999924e+02,-1.522265625000000000e+02,-3.342500000000000000e+02
-1.521499939999999924e+02,-1.515234375000000000e+02,-3.292500000000000000e+02
-1.584781189999999924e+02,-1.669921875000000000e+02,-3.192500000000000000e+02
-1.532046814999999924e+02,-1.546875000000000000e+02,-3.392500000000000000e+02
-1.387906189999999924e+02,-1.536328125000000000e+02,-3.342500000000000000e+02
-1.609390564999999924e+02,-1.694531250000000000e+02,-3.317500000000000000e+02
-1.370328064999999924e+02,-1.617187500000000000e+02,-3.217500000000000000e+02
-1.546109314999999924e+02,-1.504687500000000000e+02,-3.267500000000000000e+02
-1.380874939999999924e+02,-1.582031250000000000e+02,-3.255000000000000000e+02
-1.500406189999999924e+02,-1.666406250000000000e+02,-3.130000000000000000e+02
-1.394937439999999924e+02,-1.536328125000000000e+02,-3.342500000000000000e+02
-1.380874939999999924e+02,-1.624218750000000000e+02,-3.455000000000000000e+02
-1.542593689999999924e+02,-1.708593750000000000e+02,-3.430000000000000000e+02
-1.444156189999999924e+02,-1.560937500000000000e+02,-3.430000000000000000e+02
-1.563687439999999924e+02,-1.610156250000000000e+02,-3.405000000000000000e+02
-1.584781189999999924e+02,-1.652343750000000000e+02,-3.405000000000000000e+02
-1.408999939999999924e+02,-1.617187500000000000e+02,-3.455000000000000000e+02
-1.612906189999999924e+02,-1.701562500000000000e+02,-3.280000000000000000e+02
-1.535562439999999924e+02,-1.715625000000000000e+02,-3.430000000000000000e+02
-1.377359314999999924e+02,-1.666406250000000000e+02,-3.192500000000000000e+02
-1.423062439999999924e+02,-1.525781250000000000e+02,-3.380000000000000000e+02
-1.423062439999999924e+02,-1.610156250000000000e+02,-3.455000000000000000e+02
-1.401968689999999924e+02,-1.571484375000000000e+02,-3.192500000000000000e+02
-1.535562439999999924e+02,-1.525781250000000000e+02,-3.330000000000000000e+02
-1.394937439999999924e+02,-1.575000000000000000e+02,-3.430000000000000000e+02
-1.349234314999999924e+02,-1.603125000000000000e+02,-3.267500000000000000e+02
-1.366812439999999924e+02,-1.589062500000000000e+02,-3.430000000000000000e+02
-1.507437439999999924e+02,-1.553906250000000000e+02,-3.430000000000000000e+02
-1.423062439999999924e+02,-1.687500000000000000e+02,-3.155000000000000000e+02
-1.496890564999999924e+02,-1.532812500000000000e+02,-3.192500000000000000e+02
-1.542593689999999924e+02,-1.624218750000000000e+02,-3.430000000000000000e+02
-1.338687439999999924e+02,-1.705078125000000000e+02,-3.317500000000000000e+02
-1.560171814999999924e+02,-1.764843750000000000e+02,-3.317500000000000000e+02
-1.437124939999999924e+02,-1.785937500000000000e+02,-3.305000000000000000e+02
-1.373843689999999924e+02,-1.662890625000000000e+02,-3.192500000000000000e+02
-1.363296814999999924e+02,-1.582031250000000000e+02,-3.292500000000000000e+02
-1.612906189999999924e+02,-1.627734375000000000e+02,-3.267500000000000000e+02
-1.577749939999999924e+02,-1.747265625000000000e+02,-3.317500000000000000e+02
-1.394937439999999924e+02,-1.553906250000000000e+02,-3.380000000000000000e+02
-1.577749939999999924e+02,-1.610156250000000000e+02,-3.205000000000000000e+02
-1.377359314999999924e+02,-1.575000000000000000e+02,-3.292500000000000000e+02
-1.437124939999999924e+02,-1.627734375000000000e+02,-3.117500000000000000e+02
-1.591812439999999924e+02,-1.645312500000000000e+02,-3.230000000000000000e+02
-1.493374939999999924e+02,-1.638281250000000000e+02,-3.130000000000000000e+02
-1.605874939999999924e+02,-1.652343750000000000e+02,-3.330000000000000000e+02
-1.528531189999999924e+02,-1.694531250000000000e+02,-3.430000000000000000e+02
-1.472281189999999924e+02,-1.543359375000000000e+02,-3.217500000000000000e+02
-1.408999939999999924e+02,-1.694531250000000000e+02,-3.430000000000000000e+02
-1.300015564999999924e+02,-1.610156250000000000e+02,-3.367500000000000000e+02
-1.616421814999999924e+02,-1.659375000000000000e+02,-3.342500000000000000e+02
-1.521499939999999924e+02,-1.673437500000000000e+02,-3.455000000000000000e+02
-1.423062439999999924e+02,-1.740234375000000000e+02,-3.217500000000000000e+02
-1.507437439999999924e+02,-1.673437500000000000e+02,-3.155000000000000000e+02
-1.574234314999999924e+02,-1.560937500000000000e+02,-3.342500000000000000e+02
-1.380874939999999924e+02,-1.564453125000000000e+02,-3.267500000000000000e+02
-1.380874939999999924e+02,-1.539843750000000000e+02,-3.405000000000000000e+02
-1.419546814999999924e+02,-1.722656250000000000e+02,-3.417500000000000000e+02
-1.574234314999999924e+02,-1.610156250000000000e+02,-3.392500000000000000e+02
-1.574234314999999924e+02,-1.736718750000000000e+02,-3.367500000000000000e+02
-1.577749939999999924e+02,-1.712109375000000000e+02,-3.392500000000000000e+02
-1.401968689999999924e+02,-1.596093750000000000e+02,-3.455000000000000000e+02
-1.373843689999999924e+02,-1.726171875000000000e+02,-3.267500000000000000e+02
-1.430093689999999924e+02,-1.532812500000000000e+02,-3.405000000000000000e+02
-1.549624939999999924e+02,-1.529296875000000000e+02,-3.342500000000000000e+02
-1.444156189999999924e+02,-1.778906250000000000e+02,-3.230000000000000000e+02
-1.535562439999999924e+02,-1.694531250000000000e+02,-3.430000000000000000e+02
-1.584781189999999924e+02,-1.575000000000000000e+02,-3.280000000000000000e+02
-1.528531189999999924e+02,-1.747265625000000000e+02,-3.217500000000000000e+02
-1.408999939999999924e+02,-1.567968750000000000e+02,-3.430000000000000000e+02
-1.539078064999999924e+02,-1.778906250000000000e+02,-3.242500000000000000e+02
-1.507437439999999924e+02,-1.673437500000000000e+02,-3.455000000000000000e+02
-1.398453064999999924e+02,-1.596093750000000000e+02,-3.167500000000000000e+02
-1.387906189999999924e+02,-1.652343750000000000e+02,-3.155000000000000000e+02
-1.563687439999999924e+02,-1.687500000000000000e+02,-3.180000000000000000e+02
-1.335171814999999924e+02,-1.617187500000000000e+02,-3.417500000000000000e+02
-1.563687439999999924e+02,-1.582031250000000000e+02,-3.205000000000000000e+02
-1.401968689999999924e+02,-1.560937500000000000e+02,-3.255000000000000000e+02
-1.546109314999999924e+02,-1.771875000000000000e+02,-3.242500000000000000e+02
-1.408999939999999924e+02,-1.624218750000000000e+02,-3.455000000000000000e+02
-1.401968689999999924e+02,-1.747265625000000000e+02,-3.342500000000000000e+02
-1.528531189999999924e+02,-1.648828125000000000e+02,-3.442500000000000000e+02
-1.359781189999999924e+02,-1.585546875000000000e+02,-3.292500000000000000e+02
-1.577749939999999924e+02,-1.673437500000000000e+02,-3.180000000000000000e+02
-1.387906189999999924e+02,-1.539843750000000000e+02,-3.355000000000000000e+02
-1.507437439999999924e+02,-1.764843750000000000e+02,-3.380000000000000000e+02
-1.549624939999999924e+02,-1.624218750000000000e+02,-3.155000000000000000e+02
-1.352749939999999924e+02,-1.610156250000000000e+02,-3.430000000000000000e+02
-1.528531189999999924e+02,-1.701562500000000000e+02,-3.430000000000000000e+02
-1.588296814999999924e+02,-1.750781250000000000e+02,-3.292500000000000000e+02
-1.437124939999999924e+02,-1.726171875000000000e+02,-3.167500000000000000e+02
-1.619937439999999924e+02,-1.687500000000000000e+02,-3.355000000000000000e+02
-1.605874939999999924e+02,-1.666406250000000000e+02,-3.230000000000000000e+02
-1.521499939999999924e+02,-1.575000000000000000e+02,-3.130000000000000000e+02
-1.532046814999999924e+02,-1.567968750000000000e+02,-3.142500000000000000e+02
-1.394937439999999924e+02,-1.638281250000000000e+02,-3.155000000000000000e+02
-1.394937439999999924e+02,-1.740234375000000000e+02,-3.342500000000000000e+02
-1.401968689999999924e+02,-1.557421875000000000e+02,-3.417500000000000000e+02
-1.479312439999999924e+02,-1.764843750000000000e+02,-3.230000000000000000e+02
-1.507437439999999924e+02,-1.511718750000000000e+02,-3.280000000000000000e+02
-1.570718689999999924e+02,-1.680468750000000000e+02,-3.405000000000000000e+02
-1.430093689999999924e+02,-1.567968750000000000e+02,-3.155000000000000000e+02
-1.479312439999999924e+02,-1.715625000000000000e+02,-3.155000000000000000e+02
-1.380874939999999924e+02,-1.539843750000000000e+02,-3.380000000000000000e+02
-1.430093689999999924e+02,-1.754296875000000000e+02,-3.392500000000000000e+02
-1.556656189999999924e+02,-1.652343750000000000e+02,-3.155000000000000000e+02
-1.549624939999999924e+02,-1.652343750000000000e+02,-3.430000000000000000e+02
-1.556656189999999924e+02,-1.596093750000000000e+02,-3.405000000000000000e+02
-1.472281189999999924e+02,-1.771875000000000000e+02,-3.380000000000000000e+02
-1.416031189999999924e+02,-1.743750000000000000e+02,-3.405000000000000000e+02
-1.384390564999999924e+02,-1.722656250000000000e+02,-3.392500000000000000e+02
-1.408999939999999924e+02,-1.768359375000000000e+02,-3.317500000000000000e+02
-1.380874939999999924e+02,-1.719140625000000000e+02,-3.392500000000000000e+02
-1.556656189999999924e+02,-1.782421875000000000e+02,-3.292500000000000000e+02
-1.500406189999999924e+02,-1.567968750000000000e+02,-3.430000000000000000e+02
-1.345718689999999924e+02,-1.603125000000000000e+02,-3.280000000000000000e+02
-1.500406189999999924e+02,-1.673437500000000000e+02,-3.455000000000000000e+02
-1.500406189999999924e+02,-1.652343750000000000e+02,-3.455000000000000000e+02
-1.563687439999999924e+02,-1.736718750000000000e+02,-3.230000000000000000e+02
-1.535562439999999924e+02,-1.771875000000000000e+02,-3.355000000000000000e+02
-1.563687439999999924e+02,-1.539843750000000000e+02,-3.330000000000000000e+02
-1.521499939999999924e+02,-1.757812500000000000e+02,-3.380000000000000000e+02
-1.574234314999999924e+02,-1.764843750000000000e+02,-3.267500000000000000e+02
-1.437124939999999924e+02,-1.536328125000000000e+02,-3.267500000000000000e+02
-1.416031189999999924e+02,-1.550390625000000000e+02,-3.417500000000000000e+02
-1.356265564999999924e+02,-1.722656250000000000e+02,-3.317500000000000000e+02
-1.598843689999999924e+02,-1.571484375000000000e+02,-3.267500000000000000e+02
-1.549624939999999924e+02,-1.775390625000000000e+02,-3.317500000000000000e+02
-1.602359314999999924e+02,-1.666406250000000000e+02,-3.317500000000000000e+02
-1.430093689999999924e+02,-1.589062500000000000e+02,-3.130000000000000000e+02
-1.609390564999999924e+02,-1.596093750000000000e+02,-3.267500000000000000e+02
-1.352749939999999924e+02,-1.645312500000000000e+02,-3.430000000000000000e+02
-1.419546814999999924e+02,-1.771875000000000000e+02,-3.292500000000000000e+02
-1.387906189999999924e+02,-1.740234375000000000e+02,-3.292500000000000000e+02
-1.542593689999999924e+02,-1.582031250000000000e+02,-3.405000000000000000e+02
-1.447671814999999924e+02,-1.771875000000000000e+02,-3.367500000000000000e+02
-1.486343689999999924e+02,-1.757812500000000000e+02,-3.405000000000000000e+02
-1.556656189999999924e+02,-1.733203125000000000e+02,-3.217500000000000000e+02
-1.542593689999999924e+02,-1.575000000000000000e+02,-3.155000000000000000e+02
-1.317593689999999924e+02,-1.589062500000000000e+02,-3.405000000000000000e+02
-1.465249939999999924e+02,-1.789453125000000000e+02,-3.292500000000000000e+02
-1.363296814999999924e+02,-1.539843750000000000e+02,-3.392500000000000000e+02
-1.366812439999999924e+02,-1.680468750000000000e+02,-3.205000000000000000e+02
-1.377359314999999924e+02,-1.715625000000000000e+02,-3.392500000000000000e+02
-1.472281189999999924e+02,-1.676953125000000000e+02,-3.142500000000000000e+02
-1.426578064999999924e+02,-1.757812500000000000e+02,-3.367500000000000000e+02
-1.507437439999999924e+02,-1.638281250000000000e+02,-3.455000000000000000e+02
-1.437124939999999924e+02,-1.532812500000000000e+02,-3.280000000000000000e+02
-1.451187439999999924e+02,-1.571484375000000000e+02,-3.442500000000000000e+02
-1.437124939999999924e+02,-1.722656250000000000e+02,-3.430000000000000000e+02
-1.408999939999999924e+02,-1.694531250000000000e+02,-3.155000000000000000e+02
-1.373843689999999924e+02,-1.715625000000000000e+02,-3.380000000000000000e+02
-1.556656189999999924e+02,-1.539843750000000000e+02,-3.255000000000000000e+02
-1.359781189999999924e+02,-1.627734375000000000e+02,-3.192500000000000000e+02
-1.373843689999999924e+02,-1.560937500000000000e+02,-3.355000000000000000e+02
-1.486343689999999924e+02,-1.673437500000000000e+02,-3.130000000000000000e+02
-1.324624939999999924e+02,-1.624218750000000000e+02,-3.280000000000000000e+02
-1.437124939999999924e+02,-1.764843750000000000e+02,-3.230000000000000000e+02
-1.542593689999999924e+02,-1.585546875000000000e+02,-3.417500000000000000e+02
-1.303531189999999924e+02,-1.645312500000000000e+02,-3.305000000000000000e+02
-1.549624939999999924e+02,-1.733203125000000000e+02,-3.217500000000000000e+02
-1.366812439999999924e+02,-1.673437500000000000e+02,-3.205000000000000000e+02
-1.331656189999999924e+02,-1.575000000000000000e+02,-3.405000000000000000e+02
-1.342203064999999924e+02,-1.624218750000000000e+02,-3.267500000000000000e+02
-1.493374939999999924e+02,-1.694531250000000000e+02,-3.155000000000000000e+02
-1.521499939999999924e+02,-1.546875000000000000e+02,-3.405000000000000000e+02
-1.514468689999999924e+02,-1.691015625000000000e+02,-3.442500000000000000e+02
-1.310562439999999924e+02,-1.575000000000000000e+02,-3.355000000000000000e+02
-1.486343689999999924e+02,-1.726171875000000000e+02,-3.167500000000000000e+02
-1.556656189999999924e+02,-1.603125000000000000e+02,-3.405000000000000000e+02
-1.542593689999999924e+02,-1.694531250000000000e+02,-3.430000000000000000e+02
-1.598843689999999924e+02,-1.599609375000000000e+02,-3.292500000000000000e+02
-1.500406189999999924e+02,-1.508203125000000000e+02,-3.342500000000000000e+02
-1.430093689999999924e+02,-1.736718750000000000e+02,-3.180000000000000000e+02
-1.384390564999999924e+02,-1.736718750000000000e+02,-3.342500000000000000e+02
-1.577749939999999924e+02,-1.567968750000000000e+02,-3.330000000000000000e+02
-1.310562439999999924e+02,-1.648828125000000000e+02,-3.367500000000000000e+02
-1.570718689999999924e+02,-1.743750000000000000e+02,-3.230000000000000000e+02
-1.556656189999999924e+02,-1.571484375000000000e+02,-3.217500000000000000e+02
-1.598843689999999924e+02,-1.631250000000000000e+02,-3.230000000000000000e+02
-1.591812439999999924e+02,-1.740234375000000000e+02,-3.267500000000000000e+02
-1.535562439999999924e+02,-1.785937500000000000e+02,-3.280000000000000000e+02
-1.437124939999999924e+02,-1.567968750000000000e+02,-3.155000000000000000e+02
-1.598843689999999924e+02,-1.575000000000000000e+02,-3.255000000000000000e+02
-1.556656189999999924e+02,-1.694531250000000000e+02,-3.180000000000000000e+02
-1.546109314999999924e+02,-1.736718750000000000e+02,-3.217500000000000000e+02
-1.408999939999999924e+02,-1.539843750000000000e+02,-3.380000000000000000e+02
-1.493374939999999924e+02,-1.596093750000000000e+02,-3.455000000000000000e+02
-1.472281189999999924e+02,-1.701562500000000000e+02,-3.155000000000000000e+02
-1.598843689999999924e+02,-1.722656250000000000e+02,-3.255000000000000000e+02
-1.500406189999999924e+02,-1.694531250000000000e+02,-3.155000000000000000e+02
-1.567203064999999924e+02,-1.589062500000000000e+02,-3.192500000000000000e+02
-1.591812439999999924e+02,-1.680468750000000000e+02,-3.380000000000000000e+02
-1.380874939999999924e+02,-1.736718750000000000e+02,-3.330000000000000000e+02
-1.500406189999999924e+02,-1.764843750000000000e+02,-3.230000000000000000e+02
-1.507437439999999924e+02,-1.603125000000000000e+02,-3.455000000000000000e+02
-1.444156189999999924e+02,-1.666406250000000000e+02,-3.455000000000000000e+02
-1.493374939999999924e+02,-1.722656250000000000e+02,-3.430000000000000000e+02
-1.468765564999999924e+02,-1.575000000000000000e+02,-3.442500000000000000e+02
-1.563687439999999924e+02,-1.546875000000000000e+02,-3.330000000000000000e+02
-1.570718689999999924e+02,-1.564453125000000000e+02,-3.367500000000000000e+02
-1.370328064999999924e+02,-1.652343750000000000e+02,-3.192500000000000000e+02
-1.444156189999999924e+02,-1.715625000000000000e+02,-3.155000000000000000e+02
-1.331656189999999924e+02,-1.589062500000000000e+02,-3.330000000000000000e+02
-1.444156189999999924e+02,-1.771875000000000000e+02,-3.255000000000000000e+02
-1.560171814999999924e+02,-1.617187500000000000e+02,-3.167500000000000000e+02
-1.430093689999999924e+02,-1.546875000000000000e+02,-3.355000000000000000e+02
-1.426578064999999924e+02,-1.757812500000000000e+02,-3.342500000000000000e+02
-1.500406189999999924e+02,-1.539843750000000000e+02,-3.180000000000000000e+02
-1.317593689999999924e+02,-1.567968750000000000e+02,-3.330000000000000000e+02
-1.352749939999999924e+02,-1.596093750000000000e+02,-3.255000000000000000e+02
-1.380874939999999924e+02,-1.532812500000000000e+02,-3.405000000000000000e+02
-1.507437439999999924e+02,-1.754296875000000000e+02,-3.392500000000000000e+02
-1.423062439999999924e+02,-1.764843750000000000e+02,-3.330000000000000000e+02
-1.535562439999999924e+02,-1.740234375000000000e+02,-3.192500000000000000e+02
-1.500406189999999924e+02,-1.546875000000000000e+02,-3.130000000000000000e+02
-1.567203064999999924e+02,-1.553906250000000000e+02,-3.292500000000000000e+02
-1.528531189999999924e+02,-1.680468750000000000e+02,-3.430000000000000000e+02
-1.352749939999999924e+02,-1.694531250000000000e+02,-3.280000000000000000e+02
-1.454703064999999924e+02,-1.525781250000000000e+02,-3.267500000000000000e+02
-1.591812439999999924e+02,-1.743750000000000000e+02,-3.305000000000000000e+02
-1.493374939999999924e+02,-1.532812500000000000e+02,-3.255000000000000000e+02
-1.366812439999999924e+02,-1.701562500000000000e+02,-3.230000000000000000e+02
-1.373843689999999924e+02,-1.694531250000000000e+02,-3.405000000000000000e+02
-1.408999939999999924e+02,-1.560937500000000000e+02,-3.430000000000000000e+02
