-1.839289090000000044e+02,-1.885156240000000025e+02,-4.120000000000000000e+02
-1.835578150000000051e+02,-1.885156240000000025e+02,-4.132500000000000000e+02
-1.835578150000000051e+02,-1.888867180000000019e+02,-4.120000000000000000e+02
-1.839289090000000044e+02,-1.877734360000000038e+02,-4.120000000000000000e+02
-1.835578150000000051e+02,-1.877734360000000038e+02,-4.132500000000000000e+02
-1.835578150000000051e+02,-1.874023420000000044e+02,-4.120000000000000000e+02
-1.831867210000000057e+02,-1.892578120000000013e+02,-4.120000000000000000e+02
-1.828156270000000063e+02,-1.892578120000000013e+02,-4.132500000000000000e+02
-1.828156270000000063e+02,-1.896289060000000006e+02,-4.120000000000000000e+02
-1.831867210000000057e+02,-1.885156240000000025e+02,-4.145000000000000000e+02
-1.828156270000000063e+02,-1.888867180000000019e+02,-4.145000000000000000e+02
-1.831867210000000057e+02,-1.877734360000000038e+02,-4.145000000000000000e+02
-1.831867210000000057e+02,-1.870312480000000050e+02,-4.120000000000000000e+02
-1.828156270000000063e+02,-1.870312480000000050e+02,-4.132500000000000000e+02
-1.828156270000000063e+02,-1.874023420000000044e+02,-4.145000000000000000e+02
-1.831867210000000057e+02,-1.862890600000000063e+02,-4.120000000000000000e+02
-1.828156270000000063e+02,-1.862890600000000063e+02,-4.132500000000000000e+02
-1.828156270000000063e+02,-1.859179660000000069e+02,-4.120000000000000000e+02
-1.824445330000000070e+02,-1.892578120000000013e+02,-4.145000000000000000e+02
-1.820734390000000076e+02,-1.896289060000000006e+02,-4.145000000000000000e+02
-1.820734390000000076e+02,-1.896289060000000006e+02,-4.120000000000000000e+02
-1.820734390000000076e+02,-1.874023420000000044e+02,-4.145000000000000000e+02
-1.820734390000000076e+02,-1.870312480000000050e+02,-4.132500000000000000e+02
-1.820734390000000076e+02,-1.862890600000000063e+02,-4.132500000000000000e+02
-1.820734390000000076e+02,-1.859179660000000069e+02,-4.120000000000000000e+02
-1.813312510000000088e+02,-1.896289060000000006e+02,-4.120000000000000000e+02
-1.813312510000000088e+02,-1.896289060000000006e+02,-4.145000000000000000e+02
-1.813312510000000088e+02,-1.881445300000000032e+02,-4.145000000000000000e+02
-1.817023450000000082e+02,-1.877734360000000038e+02,-4.145000000000000000e+02
-1.813312510000000088e+02,-1.877734360000000038e+02,-4.132500000000000000e+02
-1.813312510000000088e+02,-1.870312480000000050e+02,-4.132500000000000000e+02
-1.813312510000000088e+02,-1.866601540000000057e+02,-4.120000000000000000e+02
-1.817023450000000082e+02,-1.862890600000000063e+02,-4.120000000000000000e+02
-1.809601570000000095e+02,-1.892578120000000013e+02,-4.120000000000000000e+02
-1.805890630000000101e+02,-1.896289060000000006e+02,-4.145000000000000000e+02
-1.805890630000000101e+02,-1.892578120000000013e+02,-4.132500000000000000e+02
-1.809601570000000095e+02,-1.885156240000000025e+02,-4.120000000000000000e+02
-1.805890630000000101e+02,-1.885156240000000025e+02,-4.132500000000000000e+02
-1.809601570000000095e+02,-1.877734360000000038e+02,-4.120000000000000000e+02
-1.805890630000000101e+02,-1.881445300000000032e+02,-4.145000000000000000e+02
-1.809601570000000095e+02,-1.870312480000000050e+02,-4.120000000000000000e+02
-1.802179690000000107e+02,-1.892578120000000013e+02,-4.145000000000000000e+02
-1.802179690000000107e+02,-1.885156240000000025e+02,-4.145000000000000000e+02
