-2.003093749999999886e+02,-2.125124999999999886e+02,-3.827500000000000000e+02
-1.999187499999999886e+02,-2.125124999999999886e+02,-3.840000000000000000e+02
-1.999187499999999886e+02,-2.129031249999999886e+02,-3.827500000000000000e+02
-1.999187499999999886e+02,-2.125124999999999886e+02,-3.815000000000000000e+02
-2.003093749999999886e+02,-2.117312499999999886e+02,-3.827500000000000000e+02
-1.999187499999999886e+02,-2.117312499999999886e+02,-3.840000000000000000e+02
-1.999187499999999886e+02,-2.117312499999999886e+02,-3.815000000000000000e+02
-2.003093749999999886e+02,-2.109499999999999886e+02,-3.827500000000000000e+02
-1.999187499999999886e+02,-2.109499999999999886e+02,-3.840000000000000000e+02
-1.999187499999999886e+02,-2.109499999999999886e+02,-3.815000000000000000e+02
-1.999187499999999886e+02,-2.105593749999999886e+02,-3.827500000000000000e+02
-1.995281249999999886e+02,-2.132937499999999886e+02,-3.827500000000000000e+02
-1.991374999999999886e+02,-2.132937499999999886e+02,-3.840000000000000000e+02
-1.991374999999999886e+02,-2.136843749999999886e+02,-3.827500000000000000e+02
-1.991374999999999886e+02,-2.136843749999999886e+02,-3.802500000000000000e+02
-1.995281249999999886e+02,-2.132937499999999886e+02,-3.802500000000000000e+02
-1.991374999999999886e+02,-2.125124999999999886e+02,-3.840000000000000000e+02
-1.995281249999999886e+02,-2.125124999999999886e+02,-3.802500000000000000e+02
-1.991374999999999886e+02,-2.117312499999999886e+02,-3.840000000000000000e+02
-1.995281249999999886e+02,-2.117312499999999886e+02,-3.802500000000000000e+02
-1.991374999999999886e+02,-2.109499999999999886e+02,-3.840000000000000000e+02
-1.995281249999999886e+02,-2.109499999999999886e+02,-3.802500000000000000e+02
-1.995281249999999886e+02,-2.101687499999999886e+02,-3.827500000000000000e+02
-1.991374999999999886e+02,-2.101687499999999886e+02,-3.840000000000000000e+02
-1.991374999999999886e+02,-2.101687499999999886e+02,-3.815000000000000000e+02
-1.991374999999999886e+02,-2.105593749999999886e+02,-3.802500000000000000e+02
-1.995281249999999886e+02,-2.093874999999999886e+02,-3.827500000000000000e+02
-1.991374999999999886e+02,-2.093874999999999886e+02,-3.840000000000000000e+02
-1.991374999999999886e+02,-2.093874999999999886e+02,-3.815000000000000000e+02
-1.995281249999999886e+02,-2.086062499999999886e+02,-3.827500000000000000e+02
-1.991374999999999886e+02,-2.086062499999999886e+02,-3.840000000000000000e+02
-1.991374999999999886e+02,-2.086062499999999886e+02,-3.815000000000000000e+02
-1.991374999999999886e+02,-2.082156249999999886e+02,-3.827500000000000000e+02
-1.987468749999999886e+02,-2.140749999999999886e+02,-3.827500000000000000e+02
-1.983562499999999886e+02,-2.140749999999999886e+02,-3.840000000000000000e+02
-1.983562499999999886e+02,-2.144656249999999886e+02,-3.827500000000000000e+02
-1.983562499999999886e+02,-2.144656249999999886e+02,-3.802500000000000000e+02
-1.987468749999999886e+02,-2.140749999999999886e+02,-3.802500000000000000e+02
-1.983562499999999886e+02,-2.132937499999999886e+02,-3.840000000000000000e+02
-1.983562499999999886e+02,-2.125124999999999886e+02,-3.840000000000000000e+02
-1.987468749999999886e+02,-2.117312499999999886e+02,-3.852500000000000000e+02
-1.983562499999999886e+02,-2.121218749999999886e+02,-3.852500000000000000e+02
-1.987468749999999886e+02,-2.109499999999999886e+02,-3.852500000000000000e+02
-1.987468749999999886e+02,-2.101687499999999886e+02,-3.852500000000000000e+02
-1.987468749999999886e+02,-2.101687499999999886e+02,-3.802500000000000000e+02
-1.987468749999999886e+02,-2.093874999999999886e+02,-3.852500000000000000e+02
-1.987468749999999886e+02,-2.093874999999999886e+02,-3.802500000000000000e+02
-1.983562499999999886e+02,-2.089968749999999886e+02,-3.852500000000000000e+02
-1.983562499999999886e+02,-2.086062499999999886e+02,-3.840000000000000000e+02
-1.987468749999999886e+02,-2.086062499999999886e+02,-3.802500000000000000e+02
-1.987468749999999886e+02,-2.078249999999999886e+02,-3.827500000000000000e+02
-1.983562499999999886e+02,-2.078249999999999886e+02,-3.840000000000000000e+02
-1.983562499999999886e+02,-2.078249999999999886e+02,-3.815000000000000000e+02
-1.983562499999999886e+02,-2.082156249999999886e+02,-3.802500000000000000e+02
-1.983562499999999886e+02,-2.074343749999999886e+02,-3.827500000000000000e+02
-1.979656249999999886e+02,-2.148562499999999886e+02,-3.827500000000000000e+02
-1.975749999999999886e+02,-2.148562499999999886e+02,-3.840000000000000000e+02
-1.975749999999999886e+02,-2.152468749999999886e+02,-3.827500000000000000e+02
-1.975749999999999886e+02,-2.152468749999999886e+02,-3.802500000000000000e+02
-1.979656249999999886e+02,-2.148562499999999886e+02,-3.802500000000000000e+02
-1.975749999999999886e+02,-2.140749999999999886e+02,-3.840000000000000000e+02
-1.979656249999999886e+02,-2.132937499999999886e+02,-3.852500000000000000e+02
-1.975749999999999886e+02,-2.136843749999999886e+02,-3.852500000000000000e+02
-1.979656249999999886e+02,-2.125124999999999886e+02,-3.852500000000000000e+02
-1.979656249999999886e+02,-2.086062499999999886e+02,-3.852500000000000000e+02
-1.975749999999999886e+02,-2.082156249999999886e+02,-3.852500000000000000e+02
-1.975749999999999886e+02,-2.078249999999999886e+02,-3.840000000000000000e+02
-1.979656249999999886e+02,-2.078249999999999886e+02,-3.802500000000000000e+02
-1.979656249999999886e+02,-2.070437499999999886e+02,-3.827500000000000000e+02
-1.975749999999999886e+02,-2.070437499999999886e+02,-3.840000000000000000e+02
-1.975749999999999886e+02,-2.070437499999999886e+02,-3.815000000000000000e+02
-1.975749999999999886e+02,-2.074343749999999886e+02,-3.802500000000000000e+02
-1.975749999999999886e+02,-2.066531249999999886e+02,-3.827500000000000000e+02
-1.971843749999999886e+02,-2.156374999999999886e+02,-3.827500000000000000e+02
-1.967937499999999886e+02,-2.156374999999999886e+02,-3.840000000000000000e+02
-1.967937499999999886e+02,-2.160281249999999886e+02,-3.827500000000000000e+02
-1.967937499999999886e+02,-2.156374999999999886e+02,-3.815000000000000000e+02
-1.967937499999999886e+02,-2.148562499999999886e+02,-3.840000000000000000e+02
-1.967937499999999886e+02,-2.152468749999999886e+02,-3.802500000000000000e+02
-1.971843749999999886e+02,-2.140749999999999886e+02,-3.852500000000000000e+02
-1.967937499999999886e+02,-2.144656249999999886e+02,-3.852500000000000000e+02
-1.971843749999999886e+02,-2.078249999999999886e+02,-3.852500000000000000e+02
-1.967937499999999886e+02,-2.074343749999999886e+02,-3.852500000000000000e+02
-1.967937499999999886e+02,-2.070437499999999886e+02,-3.840000000000000000e+02
-1.967937499999999886e+02,-2.074343749999999886e+02,-3.802500000000000000e+02
-1.967937499999999886e+02,-2.070437499999999886e+02,-3.815000000000000000e+02
-1.967937499999999886e+02,-2.066531249999999886e+02,-3.827500000000000000e+02
-1.960124999999999886e+02,-2.156374999999999886e+02,-3.840000000000000000e+02
-1.960124999999999886e+02,-2.160281249999999886e+02,-3.827500000000000000e+02
-1.960124999999999886e+02,-2.160281249999999886e+02,-3.802500000000000000e+02
-1.964031249999999886e+02,-2.156374999999999886e+02,-3.802500000000000000e+02
-1.960124999999999886e+02,-2.148562499999999886e+02,-3.840000000000000000e+02
-1.960124999999999886e+02,-2.144656249999999886e+02,-3.852500000000000000e+02
-1.960124999999999886e+02,-2.074343749999999886e+02,-3.852500000000000000e+02
-1.960124999999999886e+02,-2.070437499999999886e+02,-3.840000000000000000e+02
-1.964031249999999886e+02,-2.070437499999999886e+02,-3.802500000000000000e+02
-1.960124999999999886e+02,-2.066531249999999886e+02,-3.827500000000000000e+02
-1.960124999999999886e+02,-2.066531249999999886e+02,-3.802500000000000000e+02
-1.956218749999999886e+02,-2.164187499999999886e+02,-3.802500000000000000e+02
-1.952312499999999886e+02,-2.164187499999999886e+02,-3.815000000000000000e+02
-1.952312499999999886e+02,-2.168093749999999886e+02,-3.802500000000000000e+02
-1.952312499999999886e+02,-2.156374999999999886e+02,-3.840000000000000000e+02
-1.952312499999999886e+02,-2.160281249999999886e+02,-3.827500000000000000e+02
-1.952312499999999886e+02,-2.148562499999999886e+02,-3.840000000000000000e+02
-1.952312499999999886e+02,-2.144656249999999886e+02,-3.852500000000000000e+02
-1.952312499999999886e+02,-2.074343749999999886e+02,-3.852500000000000000e+02
-1.952312499999999886e+02,-2.070437499999999886e+02,-3.840000000000000000e+02
-1.952312499999999886e+02,-2.066531249999999886e+02,-3.827500000000000000e+02
-1.952312499999999886e+02,-2.066531249999999886e+02,-3.802500000000000000e+02
-1.948406249999999886e+02,-2.164187499999999886e+02,-3.802500000000000000e+02
-1.944499999999999886e+02,-2.156374999999999886e+02,-3.840000000000000000e+02
-1.944499999999999886e+02,-2.160281249999999886e+02,-3.827500000000000000e+02
-1.944499999999999886e+02,-2.160281249999999886e+02,-3.802500000000000000e+02
-1.944499999999999886e+02,-2.148562499999999886e+02,-3.840000000000000000e+02
-1.944499999999999886e+02,-2.144656249999999886e+02,-3.852500000000000000e+02
-1.944499999999999886e+02,-2.074343749999999886e+02,-3.852500000000000000e+02
-1.944499999999999886e+02,-2.070437499999999886e+02,-3.840000000000000000e+02
-1.944499999999999886e+02,-2.066531249999999886e+02,-3.827500000000000000e+02
-1.944499999999999886e+02,-2.066531249999999886e+02,-3.802500000000000000e+02
-1.936687499999999886e+02,-2.156374999999999886e+02,-3.840000000000000000e+02
-1.936687499999999886e+02,-2.160281249999999886e+02,-3.827500000000000000e+02
-1.936687499999999886e+02,-2.160281249999999886e+02,-3.802500000000000000e+02
-1.936687499999999886e+02,-2.148562499999999886e+02,-3.840000000000000000e+02
-1.936687499999999886e+02,-2.144656249999999886e+02,-3.852500000000000000e+02
-1.936687499999999886e+02,-2.074343749999999886e+02,-3.852500000000000000e+02
-1.936687499999999886e+02,-2.070437499999999886e+02,-3.840000000000000000e+02
-1.940593749999999886e+02,-2.070437499999999886e+02,-3.802500000000000000e+02
-1.936687499999999886e+02,-2.074343749999999886e+02,-3.802500000000000000e+02
-1.936687499999999886e+02,-2.070437499999999886e+02,-3.815000000000000000e+02
-1.936687499999999886e+02,-2.066531249999999886e+02,-3.827500000000000000e+02
-1.932781249999999886e+02,-2.156374999999999886e+02,-3.827500000000000000e+02
-1.932781249999999886e+02,-2.156374999999999886e+02,-3.802500000000000000e+02
-1.928874999999999886e+02,-2.148562499999999886e+02,-3.840000000000000000e+02
-1.928874999999999886e+02,-2.152468749999999886e+02,-3.827500000000000000e+02
-1.928874999999999886e+02,-2.152468749999999886e+02,-3.802500000000000000e+02
-1.932781249999999886e+02,-2.140749999999999886e+02,-3.852500000000000000e+02
-1.928874999999999886e+02,-2.140749999999999886e+02,-3.840000000000000000e+02
-1.928874999999999886e+02,-2.136843749999999886e+02,-3.852500000000000000e+02
-1.928874999999999886e+02,-2.082156249999999886e+02,-3.852500000000000000e+02
-1.932781249999999886e+02,-2.078249999999999886e+02,-3.852500000000000000e+02
-1.928874999999999886e+02,-2.078249999999999886e+02,-3.840000000000000000e+02
-1.932781249999999886e+02,-2.078249999999999886e+02,-3.802500000000000000e+02
-1.928874999999999886e+02,-2.082156249999999886e+02,-3.802500000000000000e+02
-1.928874999999999886e+02,-2.078249999999999886e+02,-3.815000000000000000e+02
-1.932781249999999886e+02,-2.070437499999999886e+02,-3.827500000000000000e+02
-1.928874999999999886e+02,-2.074343749999999886e+02,-3.827500000000000000e+02
-1.924968749999999886e+02,-2.148562499999999886e+02,-3.827500000000000000e+02
-1.924968749999999886e+02,-2.148562499999999886e+02,-3.802500000000000000e+02
-1.921062499999999886e+02,-2.140749999999999886e+02,-3.840000000000000000e+02
-1.921062499999999886e+02,-2.144656249999999886e+02,-3.827500000000000000e+02
-1.921062499999999886e+02,-2.140749999999999886e+02,-3.815000000000000000e+02
-1.924968749999999886e+02,-2.140749999999999886e+02,-3.802500000000000000e+02
-1.924968749999999886e+02,-2.132937499999999886e+02,-3.852500000000000000e+02
-1.921062499999999886e+02,-2.132937499999999886e+02,-3.840000000000000000e+02
-1.924968749999999886e+02,-2.132937499999999886e+02,-3.802500000000000000e+02
-1.921062499999999886e+02,-2.132937499999999886e+02,-3.815000000000000000e+02
-1.921062499999999886e+02,-2.129031249999999886e+02,-3.852500000000000000e+02
-1.921062499999999886e+02,-2.129031249999999886e+02,-3.802500000000000000e+02
-1.921062499999999886e+02,-2.097781249999999886e+02,-3.852500000000000000e+02
-1.924968749999999886e+02,-2.093874999999999886e+02,-3.852500000000000000e+02
-1.921062499999999886e+02,-2.093874999999999886e+02,-3.840000000000000000e+02
-1.921062499999999886e+02,-2.086062499999999886e+02,-3.840000000000000000e+02
-1.924968749999999886e+02,-2.086062499999999886e+02,-3.852500000000000000e+02
-1.924968749999999886e+02,-2.086062499999999886e+02,-3.802500000000000000e+02
-1.921062499999999886e+02,-2.089968749999999886e+02,-3.802500000000000000e+02
-1.921062499999999886e+02,-2.086062499999999886e+02,-3.815000000000000000e+02
-1.924968749999999886e+02,-2.078249999999999886e+02,-3.827500000000000000e+02
-1.921062499999999886e+02,-2.082156249999999886e+02,-3.827500000000000000e+02
-1.917156249999999886e+02,-2.140749999999999886e+02,-3.827500000000000000e+02
-1.913249999999999886e+02,-2.132937499999999886e+02,-3.840000000000000000e+02
-1.913249999999999886e+02,-2.136843749999999886e+02,-3.827500000000000000e+02
-1.913249999999999886e+02,-2.132937499999999886e+02,-3.815000000000000000e+02
-1.917156249999999886e+02,-2.125124999999999886e+02,-3.852500000000000000e+02
-1.913249999999999886e+02,-2.125124999999999886e+02,-3.840000000000000000e+02
-1.917156249999999886e+02,-2.125124999999999886e+02,-3.802500000000000000e+02
-1.913249999999999886e+02,-2.125124999999999886e+02,-3.815000000000000000e+02
-1.913249999999999886e+02,-2.117312499999999886e+02,-3.840000000000000000e+02
-1.917156249999999886e+02,-2.117312499999999886e+02,-3.852500000000000000e+02
-1.917156249999999886e+02,-2.117312499999999886e+02,-3.802500000000000000e+02
-1.913249999999999886e+02,-2.117312499999999886e+02,-3.815000000000000000e+02
-1.913249999999999886e+02,-2.109499999999999886e+02,-3.840000000000000000e+02
-1.917156249999999886e+02,-2.109499999999999886e+02,-3.852500000000000000e+02
-1.917156249999999886e+02,-2.109499999999999886e+02,-3.802500000000000000e+02
-1.913249999999999886e+02,-2.109499999999999886e+02,-3.815000000000000000e+02
-1.913249999999999886e+02,-2.101687499999999886e+02,-3.840000000000000000e+02
-1.917156249999999886e+02,-2.101687499999999886e+02,-3.852500000000000000e+02
-1.913249999999999886e+02,-2.105593749999999886e+02,-3.802500000000000000e+02
-1.913249999999999886e+02,-2.093874999999999886e+02,-3.840000000000000000e+02
-1.917156249999999886e+02,-2.093874999999999886e+02,-3.802500000000000000e+02
-1.913249999999999886e+02,-2.097781249999999886e+02,-3.802500000000000000e+02
-1.913249999999999886e+02,-2.093874999999999886e+02,-3.815000000000000000e+02
-1.913249999999999886e+02,-2.089968749999999886e+02,-3.827500000000000000e+02
-1.917156249999999886e+02,-2.086062499999999886e+02,-3.827500000000000000e+02
-1.909343749999999886e+02,-2.132937499999999886e+02,-3.827500000000000000e+02
-1.909343749999999886e+02,-2.125124999999999886e+02,-3.827500000000000000e+02
-1.905437499999999886e+02,-2.117312499999999886e+02,-3.840000000000000000e+02
-1.905437499999999886e+02,-2.121218749999999886e+02,-3.827500000000000000e+02
-1.905437499999999886e+02,-2.117312499999999886e+02,-3.815000000000000000e+02
-1.905437499999999886e+02,-2.113406249999999886e+02,-3.827500000000000000e+02
-1.909343749999999886e+02,-2.109499999999999886e+02,-3.827500000000000000e+02
-1.909343749999999886e+02,-2.101687499999999886e+02,-3.827500000000000000e+02
-1.909343749999999886e+02,-2.101687499999999886e+02,-3.802500000000000000e+02
-1.909343749999999886e+02,-2.093874999999999886e+02,-3.827500000000000000e+02
-1.901531249999999886e+02,-2.117312499999999886e+02,-3.827500000000000000e+02
