-2.071093750000000000e+02,-1.984375000000000000e+02,-3.087500000000000000e+02
-2.067187500000000000e+02,-1.984375000000000000e+02,-3.100000000000000000e+02
-2.067187500000000000e+02,-1.988281250000000000e+02,-3.087500000000000000e+02
-2.067187500000000000e+02,-1.980468750000000000e+02,-3.087500000000000000e+02
-2.063281250000000000e+02,-1.984375000000000000e+02,-3.112500000000000000e+02
-2.059375000000000000e+02,-1.988281250000000000e+02,-3.112500000000000000e+02
-2.059375000000000000e+02,-1.988281250000000000e+02,-3.087500000000000000e+02
-2.063281250000000000e+02,-1.976562500000000000e+02,-3.087500000000000000e+02
-2.063281250000000000e+02,-1.976562500000000000e+02,-3.112500000000000000e+02
-2.059375000000000000e+02,-1.972656250000000000e+02,-3.112500000000000000e+02
-2.059375000000000000e+02,-1.972656250000000000e+02,-3.087500000000000000e+02
-2.055468750000000000e+02,-1.992187500000000000e+02,-3.112500000000000000e+02
-2.051562500000000000e+02,-1.996093750000000000e+02,-3.087500000000000000e+02
-2.055468750000000000e+02,-1.992187500000000000e+02,-3.087500000000000000e+02
-2.051562500000000000e+02,-1.996093750000000000e+02,-3.112500000000000000e+02
-2.055468750000000000e+02,-1.968750000000000000e+02,-3.087500000000000000e+02
-2.055468750000000000e+02,-1.968750000000000000e+02,-3.112500000000000000e+02
-2.051562500000000000e+02,-1.964843750000000000e+02,-3.112500000000000000e+02
-2.051562500000000000e+02,-1.964843750000000000e+02,-3.087500000000000000e+02
-2.043750000000000000e+02,-1.992187500000000000e+02,-3.100000000000000000e+02
-2.047656250000000000e+02,-1.992187500000000000e+02,-3.112500000000000000e+02
-2.043750000000000000e+02,-1.996093750000000000e+02,-3.087500000000000000e+02
-2.043750000000000000e+02,-1.988281250000000000e+02,-3.112500000000000000e+02
-2.043750000000000000e+02,-1.964843750000000000e+02,-3.087500000000000000e+02
-2.043750000000000000e+02,-1.964843750000000000e+02,-3.112500000000000000e+02
-2.039843750000000000e+02,-1.992187500000000000e+02,-3.087500000000000000e+02
-2.039843750000000000e+02,-1.984375000000000000e+02,-3.112500000000000000e+02
-2.039843750000000000e+02,-1.984375000000000000e+02,-3.087500000000000000e+02
-2.039843750000000000e+02,-1.976562500000000000e+02,-3.087500000000000000e+02
-2.039843750000000000e+02,-1.976562500000000000e+02,-3.112500000000000000e+02
-2.039843750000000000e+02,-1.968750000000000000e+02,-3.087500000000000000e+02
-2.039843750000000000e+02,-1.968750000000000000e+02,-3.112500000000000000e+02
