-1.639679720000000032e+02,-1.549437580000000025e+02,-2.985000000000000000e+02
-1.636359410000000025e+02,-1.549437580000000025e+02,-2.991250000000000000e+02
-1.636359410000000025e+02,-1.552757890000000032e+02,-2.985000000000000000e+02
-1.636359410000000025e+02,-1.549437580000000025e+02,-2.978750000000000000e+02
-1.636359410000000025e+02,-1.546117270000000019e+02,-2.985000000000000000e+02
-1.633039100000000019e+02,-1.556078200000000038e+02,-2.985000000000000000e+02
-1.629718790000000013e+02,-1.556078200000000038e+02,-2.991250000000000000e+02
-1.629718790000000013e+02,-1.559398510000000044e+02,-2.985000000000000000e+02
-1.629718790000000013e+02,-1.556078200000000038e+02,-2.978750000000000000e+02
-1.629718790000000013e+02,-1.549437580000000025e+02,-2.991250000000000000e+02
-1.629718790000000013e+02,-1.549437580000000025e+02,-2.978750000000000000e+02
-1.633039100000000019e+02,-1.542796960000000013e+02,-2.985000000000000000e+02
-1.629718790000000013e+02,-1.542796960000000013e+02,-2.991250000000000000e+02
-1.629718790000000013e+02,-1.542796960000000013e+02,-2.978750000000000000e+02
-1.629718790000000013e+02,-1.539476650000000006e+02,-2.985000000000000000e+02
-1.626398480000000006e+02,-1.556078200000000038e+02,-2.997500000000000000e+02
-1.623078170000000000e+02,-1.559398510000000044e+02,-2.997500000000000000e+02
-1.623078170000000000e+02,-1.559398510000000044e+02,-2.985000000000000000e+02
-1.623078170000000000e+02,-1.556078200000000038e+02,-2.978750000000000000e+02
-1.626398480000000006e+02,-1.549437580000000025e+02,-2.997500000000000000e+02
-1.623078170000000000e+02,-1.549437580000000025e+02,-2.978750000000000000e+02
-1.623078170000000000e+02,-1.546117270000000019e+02,-2.997500000000000000e+02
-1.623078170000000000e+02,-1.542796960000000013e+02,-2.991250000000000000e+02
-1.623078170000000000e+02,-1.546117270000000019e+02,-2.972500000000000000e+02
-1.626398480000000006e+02,-1.542796960000000013e+02,-2.972500000000000000e+02
-1.623078170000000000e+02,-1.542796960000000013e+02,-2.966250000000000000e+02
-1.623078170000000000e+02,-1.539476650000000006e+02,-2.985000000000000000e+02
-1.623078170000000000e+02,-1.539476650000000006e+02,-2.972500000000000000e+02
-1.619757859999999994e+02,-1.562718820000000051e+02,-2.997500000000000000e+02
-1.616437549999999987e+02,-1.566039130000000057e+02,-2.985000000000000000e+02
-1.619757859999999994e+02,-1.562718820000000051e+02,-2.985000000000000000e+02
-1.616437549999999987e+02,-1.566039130000000057e+02,-2.997500000000000000e+02
-1.616437549999999987e+02,-1.562718820000000051e+02,-2.978750000000000000e+02
-1.616437549999999987e+02,-1.559398510000000044e+02,-2.972500000000000000e+02
-1.619757859999999994e+02,-1.556078200000000038e+02,-2.972500000000000000e+02
-1.616437549999999987e+02,-1.559398510000000044e+02,-2.960000000000000000e+02
-1.619757859999999994e+02,-1.556078200000000038e+02,-2.960000000000000000e+02
-1.616437549999999987e+02,-1.556078200000000038e+02,-2.953750000000000000e+02
-1.619757859999999994e+02,-1.549437580000000025e+02,-2.972500000000000000e+02
-1.619757859999999994e+02,-1.549437580000000025e+02,-2.960000000000000000e+02
-1.616437549999999987e+02,-1.549437580000000025e+02,-2.953750000000000000e+02
-1.619757859999999994e+02,-1.542796960000000013e+02,-2.997500000000000000e+02
-1.619757859999999994e+02,-1.542796960000000013e+02,-2.960000000000000000e+02
-1.616437549999999987e+02,-1.542796960000000013e+02,-2.953750000000000000e+02
-1.616437549999999987e+02,-1.539476650000000006e+02,-2.997500000000000000e+02
-1.616437549999999987e+02,-1.539476650000000006e+02,-2.985000000000000000e+02
-1.619757859999999994e+02,-1.536156340000000000e+02,-2.972500000000000000e+02
-1.616437549999999987e+02,-1.536156340000000000e+02,-2.978750000000000000e+02
-1.619757859999999994e+02,-1.536156340000000000e+02,-2.960000000000000000e+02
-1.616437549999999987e+02,-1.536156340000000000e+02,-2.953750000000000000e+02
-1.616437549999999987e+02,-1.532836029999999994e+02,-2.972500000000000000e+02
-1.619757859999999994e+02,-1.529515719999999988e+02,-2.960000000000000000e+02
-1.616437549999999987e+02,-1.529515719999999988e+02,-2.966250000000000000e+02
-1.616437549999999987e+02,-1.529515719999999988e+02,-2.953750000000000000e+02
-1.616437549999999987e+02,-1.526195409999999981e+02,-2.960000000000000000e+02
-1.613117239999999981e+02,-1.569359440000000063e+02,-2.985000000000000000e+02
-1.609796929999999975e+02,-1.569359440000000063e+02,-2.991250000000000000e+02
-1.609796929999999975e+02,-1.572679750000000070e+02,-2.985000000000000000e+02
-1.609796929999999975e+02,-1.569359440000000063e+02,-2.978750000000000000e+02
-1.609796929999999975e+02,-1.566039130000000057e+02,-2.997500000000000000e+02
-1.609796929999999975e+02,-1.566039130000000057e+02,-2.972500000000000000e+02
-1.613117239999999981e+02,-1.562718820000000051e+02,-2.972500000000000000e+02
-1.609796929999999975e+02,-1.566039130000000057e+02,-2.960000000000000000e+02
-1.613117239999999981e+02,-1.562718820000000051e+02,-2.960000000000000000e+02
-1.609796929999999975e+02,-1.562718820000000051e+02,-2.953750000000000000e+02
-1.609796929999999975e+02,-1.556078200000000038e+02,-2.953750000000000000e+02
-1.609796929999999975e+02,-1.549437580000000025e+02,-2.953750000000000000e+02
-1.609796929999999975e+02,-1.542796960000000013e+02,-2.953750000000000000e+02
-1.613117239999999981e+02,-1.536156340000000000e+02,-2.985000000000000000e+02
-1.613117239999999981e+02,-1.536156340000000000e+02,-2.997500000000000000e+02
-1.609796929999999975e+02,-1.536156340000000000e+02,-2.953750000000000000e+02
-1.609796929999999975e+02,-1.532836029999999994e+02,-2.997500000000000000e+02
-1.609796929999999975e+02,-1.532836029999999994e+02,-2.985000000000000000e+02
-1.609796929999999975e+02,-1.532836029999999994e+02,-2.972500000000000000e+02
-1.609796929999999975e+02,-1.529515719999999988e+02,-2.966250000000000000e+02
-1.609796929999999975e+02,-1.529515719999999988e+02,-2.953750000000000000e+02
-1.609796929999999975e+02,-1.526195409999999981e+02,-2.960000000000000000e+02
-1.603156309999999962e+02,-1.569359440000000063e+02,-2.991250000000000000e+02
-1.603156309999999962e+02,-1.572679750000000070e+02,-2.985000000000000000e+02
-1.603156309999999962e+02,-1.572679750000000070e+02,-2.972500000000000000e+02
-1.606476619999999969e+02,-1.569359440000000063e+02,-2.972500000000000000e+02
-1.603156309999999962e+02,-1.569359440000000063e+02,-2.966250000000000000e+02
-1.606476619999999969e+02,-1.569359440000000063e+02,-2.947500000000000000e+02
-1.603156309999999962e+02,-1.569359440000000063e+02,-2.953750000000000000e+02
-1.603156309999999962e+02,-1.572679750000000070e+02,-2.947500000000000000e+02
-1.603156309999999962e+02,-1.566039130000000057e+02,-2.997500000000000000e+02
-1.603156309999999962e+02,-1.566039130000000057e+02,-2.960000000000000000e+02
-1.606476619999999969e+02,-1.562718820000000051e+02,-2.947500000000000000e+02
-1.606476619999999969e+02,-1.556078200000000038e+02,-2.947500000000000000e+02
-1.606476619999999969e+02,-1.549437580000000025e+02,-2.947500000000000000e+02
-1.606476619999999969e+02,-1.542796960000000013e+02,-2.947500000000000000e+02
-1.606476619999999969e+02,-1.536156340000000000e+02,-2.947500000000000000e+02
-1.603156309999999962e+02,-1.532836029999999994e+02,-2.985000000000000000e+02
-1.603156309999999962e+02,-1.532836029999999994e+02,-2.997500000000000000e+02
-1.603156309999999962e+02,-1.532836029999999994e+02,-2.972500000000000000e+02
-1.603156309999999962e+02,-1.529515719999999988e+02,-2.966250000000000000e+02
-1.603156309999999962e+02,-1.532836029999999994e+02,-2.947500000000000000e+02
-1.603156309999999962e+02,-1.529515719999999988e+02,-2.953750000000000000e+02
-1.603156309999999962e+02,-1.526195409999999981e+02,-2.960000000000000000e+02
-1.596515689999999950e+02,-1.569359440000000063e+02,-2.991250000000000000e+02
-1.596515689999999950e+02,-1.572679750000000070e+02,-2.985000000000000000e+02
-1.596515689999999950e+02,-1.572679750000000070e+02,-2.972500000000000000e+02
-1.596515689999999950e+02,-1.569359440000000063e+02,-2.966250000000000000e+02
-1.596515689999999950e+02,-1.569359440000000063e+02,-2.953750000000000000e+02
-1.596515689999999950e+02,-1.572679750000000070e+02,-2.947500000000000000e+02
-1.596515689999999950e+02,-1.566039130000000057e+02,-2.997500000000000000e+02
-1.596515689999999950e+02,-1.566039130000000057e+02,-2.960000000000000000e+02
-1.596515689999999950e+02,-1.532836029999999994e+02,-2.985000000000000000e+02
-1.596515689999999950e+02,-1.532836029999999994e+02,-2.997500000000000000e+02
-1.599835999999999956e+02,-1.529515719999999988e+02,-2.972500000000000000e+02
-1.596515689999999950e+02,-1.529515719999999988e+02,-2.978750000000000000e+02
-1.596515689999999950e+02,-1.532836029999999994e+02,-2.947500000000000000e+02
-1.596515689999999950e+02,-1.529515719999999988e+02,-2.953750000000000000e+02
-1.596515689999999950e+02,-1.526195409999999981e+02,-2.972500000000000000e+02
-1.596515689999999950e+02,-1.526195409999999981e+02,-2.960000000000000000e+02
-1.593195379999999943e+02,-1.569359440000000063e+02,-2.985000000000000000e+02
-1.589875069999999937e+02,-1.569359440000000063e+02,-2.978750000000000000e+02
-1.589875069999999937e+02,-1.572679750000000070e+02,-2.972500000000000000e+02
-1.589875069999999937e+02,-1.569359440000000063e+02,-2.966250000000000000e+02
-1.589875069999999937e+02,-1.569359440000000063e+02,-2.953750000000000000e+02
-1.589875069999999937e+02,-1.572679750000000070e+02,-2.947500000000000000e+02
-1.593195379999999943e+02,-1.562718820000000051e+02,-2.997500000000000000e+02
-1.589875069999999937e+02,-1.562718820000000051e+02,-2.991250000000000000e+02
-1.589875069999999937e+02,-1.566039130000000057e+02,-2.985000000000000000e+02
-1.589875069999999937e+02,-1.566039130000000057e+02,-2.960000000000000000e+02
-1.589875069999999937e+02,-1.559398510000000044e+02,-2.997500000000000000e+02
-1.589875069999999937e+02,-1.532836029999999994e+02,-2.985000000000000000e+02
-1.589875069999999937e+02,-1.532836029999999994e+02,-2.997500000000000000e+02
-1.589875069999999937e+02,-1.529515719999999988e+02,-2.978750000000000000e+02
-1.589875069999999937e+02,-1.532836029999999994e+02,-2.947500000000000000e+02
-1.589875069999999937e+02,-1.529515719999999988e+02,-2.953750000000000000e+02
-1.589875069999999937e+02,-1.526195409999999981e+02,-2.972500000000000000e+02
-1.589875069999999937e+02,-1.526195409999999981e+02,-2.960000000000000000e+02
-1.586554759999999931e+02,-1.569359440000000063e+02,-2.972500000000000000e+02
-1.583234449999999924e+02,-1.569359440000000063e+02,-2.953750000000000000e+02
-1.583234449999999924e+02,-1.572679750000000070e+02,-2.947500000000000000e+02
-1.586554759999999931e+02,-1.562718820000000051e+02,-2.985000000000000000e+02
-1.583234449999999924e+02,-1.562718820000000051e+02,-2.978750000000000000e+02
-1.583234449999999924e+02,-1.566039130000000057e+02,-2.972500000000000000e+02
-1.586554759999999931e+02,-1.562718820000000051e+02,-2.960000000000000000e+02
-1.583234449999999924e+02,-1.562718820000000051e+02,-2.966250000000000000e+02
-1.583234449999999924e+02,-1.562718820000000051e+02,-2.953750000000000000e+02
-1.586554759999999931e+02,-1.556078200000000038e+02,-2.997500000000000000e+02
-1.583234449999999924e+02,-1.556078200000000038e+02,-2.991250000000000000e+02
-1.583234449999999924e+02,-1.559398510000000044e+02,-2.985000000000000000e+02
-1.583234449999999924e+02,-1.559398510000000044e+02,-2.960000000000000000e+02
-1.583234449999999924e+02,-1.552757890000000032e+02,-2.997500000000000000e+02
-1.583234449999999924e+02,-1.539476650000000006e+02,-2.997500000000000000e+02
-1.586554759999999931e+02,-1.536156340000000000e+02,-2.997500000000000000e+02
-1.583234449999999924e+02,-1.536156340000000000e+02,-2.991250000000000000e+02
-1.583234449999999924e+02,-1.532836029999999994e+02,-2.985000000000000000e+02
-1.586554759999999931e+02,-1.529515719999999988e+02,-2.972500000000000000e+02
-1.583234449999999924e+02,-1.532836029999999994e+02,-2.972500000000000000e+02
-1.583234449999999924e+02,-1.529515719999999988e+02,-2.966250000000000000e+02
-1.583234449999999924e+02,-1.532836029999999994e+02,-2.947500000000000000e+02
-1.583234449999999924e+02,-1.529515719999999988e+02,-2.953750000000000000e+02
-1.583234449999999924e+02,-1.526195409999999981e+02,-2.960000000000000000e+02
-1.579914139999999918e+02,-1.569359440000000063e+02,-2.947500000000000000e+02
-1.579914139999999918e+02,-1.562718820000000051e+02,-2.972500000000000000e+02
-1.576593829999999912e+02,-1.562718820000000051e+02,-2.953750000000000000e+02
-1.576593829999999912e+02,-1.566039130000000057e+02,-2.947500000000000000e+02
-1.579914139999999918e+02,-1.556078200000000038e+02,-2.985000000000000000e+02
-1.579914139999999918e+02,-1.556078200000000038e+02,-2.972500000000000000e+02
-1.576593829999999912e+02,-1.559398510000000044e+02,-2.960000000000000000e+02
-1.576593829999999912e+02,-1.556078200000000038e+02,-2.966250000000000000e+02
-1.579914139999999918e+02,-1.549437580000000025e+02,-2.997500000000000000e+02
-1.579914139999999918e+02,-1.549437580000000025e+02,-2.985000000000000000e+02
-1.576593829999999912e+02,-1.549437580000000025e+02,-2.978750000000000000e+02
-1.576593829999999912e+02,-1.552757890000000032e+02,-2.972500000000000000e+02
-1.579914139999999918e+02,-1.542796960000000013e+02,-2.985000000000000000e+02
-1.579914139999999918e+02,-1.542796960000000013e+02,-2.997500000000000000e+02
-1.576593829999999912e+02,-1.546117270000000019e+02,-2.972500000000000000e+02
-1.579914139999999918e+02,-1.542796960000000013e+02,-2.972500000000000000e+02
-1.576593829999999912e+02,-1.542796960000000013e+02,-2.966250000000000000e+02
-1.579914139999999918e+02,-1.536156340000000000e+02,-2.985000000000000000e+02
-1.579914139999999918e+02,-1.536156340000000000e+02,-2.972500000000000000e+02
-1.576593829999999912e+02,-1.536156340000000000e+02,-2.966250000000000000e+02
-1.579914139999999918e+02,-1.529515719999999988e+02,-2.960000000000000000e+02
-1.576593829999999912e+02,-1.532836029999999994e+02,-2.960000000000000000e+02
-1.576593829999999912e+02,-1.532836029999999994e+02,-2.947500000000000000e+02
-1.573273519999999905e+02,-1.562718820000000051e+02,-2.947500000000000000e+02
-1.573273519999999905e+02,-1.556078200000000038e+02,-2.960000000000000000e+02
-1.569953209999999899e+02,-1.556078200000000038e+02,-2.953750000000000000e+02
-1.569953209999999899e+02,-1.559398510000000044e+02,-2.947500000000000000e+02
-1.573273519999999905e+02,-1.549437580000000025e+02,-2.972500000000000000e+02
-1.569953209999999899e+02,-1.549437580000000025e+02,-2.966250000000000000e+02
-1.569953209999999899e+02,-1.552757890000000032e+02,-2.960000000000000000e+02
-1.569953209999999899e+02,-1.542796960000000013e+02,-2.966250000000000000e+02
-1.569953209999999899e+02,-1.536156340000000000e+02,-2.966250000000000000e+02
-1.569953209999999899e+02,-1.532836029999999994e+02,-2.960000000000000000e+02
-1.569953209999999899e+02,-1.532836029999999994e+02,-2.947500000000000000e+02
-1.566632900000000177e+02,-1.556078200000000038e+02,-2.947500000000000000e+02
-1.566632900000000177e+02,-1.549437580000000025e+02,-2.960000000000000000e+02
-1.566632900000000177e+02,-1.549437580000000025e+02,-2.947500000000000000e+02
-1.566632900000000177e+02,-1.542796960000000013e+02,-2.960000000000000000e+02
-1.566632900000000177e+02,-1.542796960000000013e+02,-2.947500000000000000e+02
-1.566632900000000177e+02,-1.536156340000000000e+02,-2.960000000000000000e+02
-1.566632900000000177e+02,-1.536156340000000000e+02,-2.947500000000000000e+02
