-2.364898440000000051e+02,-1.905375039999999842e+02,-3.620000000000000000e+02
-2.360796880000000044e+02,-1.905375039999999842e+02,-3.632500000000000000e+02
-2.360796880000000044e+02,-1.909476599999999848e+02,-3.620000000000000000e+02
-2.360796880000000044e+02,-1.905375039999999842e+02,-3.607500000000000000e+02
-2.364898440000000051e+02,-1.897171919999999830e+02,-3.620000000000000000e+02
-2.360796880000000044e+02,-1.897171919999999830e+02,-3.632500000000000000e+02
-2.360796880000000044e+02,-1.897171919999999830e+02,-3.607500000000000000e+02
-2.364898440000000051e+02,-1.888968799999999817e+02,-3.620000000000000000e+02
-2.360796880000000044e+02,-1.888968799999999817e+02,-3.632500000000000000e+02
-2.360796880000000044e+02,-1.888968799999999817e+02,-3.607500000000000000e+02
-2.364898440000000051e+02,-1.880765680000000089e+02,-3.620000000000000000e+02
-2.360796880000000044e+02,-1.880765680000000089e+02,-3.632500000000000000e+02
-2.360796880000000044e+02,-1.880765680000000089e+02,-3.607500000000000000e+02
-2.364898440000000051e+02,-1.872562560000000076e+02,-3.620000000000000000e+02
-2.360796880000000044e+02,-1.872562560000000076e+02,-3.632500000000000000e+02
-2.360796880000000044e+02,-1.872562560000000076e+02,-3.607500000000000000e+02
-2.360796880000000044e+02,-1.868461000000000070e+02,-3.620000000000000000e+02
-2.356695320000000038e+02,-1.938187519999999893e+02,-3.620000000000000000e+02
-2.352593760000000032e+02,-1.938187519999999893e+02,-3.632500000000000000e+02
-2.352593760000000032e+02,-1.942289079999999899e+02,-3.620000000000000000e+02
-2.352593760000000032e+02,-1.938187519999999893e+02,-3.607500000000000000e+02
-2.356695320000000038e+02,-1.929984399999999880e+02,-3.620000000000000000e+02
-2.352593760000000032e+02,-1.929984399999999880e+02,-3.632500000000000000e+02
-2.352593760000000032e+02,-1.929984399999999880e+02,-3.607500000000000000e+02
-2.352593760000000032e+02,-1.925882839999999874e+02,-3.620000000000000000e+02
-2.356695320000000038e+02,-1.913578159999999855e+02,-3.620000000000000000e+02
-2.352593760000000032e+02,-1.913578159999999855e+02,-3.632500000000000000e+02
-2.352593760000000032e+02,-1.917679719999999861e+02,-3.620000000000000000e+02
-2.352593760000000032e+02,-1.913578159999999855e+02,-3.607500000000000000e+02
-2.352593760000000032e+02,-1.905375039999999842e+02,-3.632500000000000000e+02
-2.352593760000000032e+02,-1.905375039999999842e+02,-3.607500000000000000e+02
-2.352593760000000032e+02,-1.897171919999999830e+02,-3.632500000000000000e+02
-2.352593760000000032e+02,-1.901273479999999836e+02,-3.595000000000000000e+02
-2.356695320000000038e+02,-1.897171919999999830e+02,-3.595000000000000000e+02
-2.352593760000000032e+02,-1.897171919999999830e+02,-3.582500000000000000e+02
-2.352593760000000032e+02,-1.888968799999999817e+02,-3.632500000000000000e+02
-2.356695320000000038e+02,-1.888968799999999817e+02,-3.595000000000000000e+02
-2.352593760000000032e+02,-1.888968799999999817e+02,-3.582500000000000000e+02
-2.352593760000000032e+02,-1.880765680000000089e+02,-3.632500000000000000e+02
-2.356695320000000038e+02,-1.880765680000000089e+02,-3.595000000000000000e+02
-2.352593760000000032e+02,-1.880765680000000089e+02,-3.582500000000000000e+02
-2.352593760000000032e+02,-1.872562560000000076e+02,-3.632500000000000000e+02
-2.352593760000000032e+02,-1.876664119999999798e+02,-3.595000000000000000e+02
-2.352593760000000032e+02,-1.872562560000000076e+02,-3.607500000000000000e+02
-2.356695320000000038e+02,-1.864359440000000063e+02,-3.620000000000000000e+02
-2.352593760000000032e+02,-1.864359440000000063e+02,-3.632500000000000000e+02
-2.352593760000000032e+02,-1.864359440000000063e+02,-3.607500000000000000e+02
-2.352593760000000032e+02,-1.860257880000000057e+02,-3.620000000000000000e+02
-2.348492200000000025e+02,-1.946390639999999905e+02,-3.620000000000000000e+02
-2.344390640000000019e+02,-1.946390639999999905e+02,-3.632500000000000000e+02
-2.344390640000000019e+02,-1.950492199999999912e+02,-3.620000000000000000e+02
-2.344390640000000019e+02,-1.950492199999999912e+02,-3.595000000000000000e+02
-2.348492200000000025e+02,-1.946390639999999905e+02,-3.595000000000000000e+02
-2.344390640000000019e+02,-1.946390639999999905e+02,-3.582500000000000000e+02
-2.344390640000000019e+02,-1.938187519999999893e+02,-3.632500000000000000e+02
-2.348492200000000025e+02,-1.938187519999999893e+02,-3.595000000000000000e+02
-2.344390640000000019e+02,-1.938187519999999893e+02,-3.582500000000000000e+02
-2.344390640000000019e+02,-1.929984399999999880e+02,-3.632500000000000000e+02
-2.348492200000000025e+02,-1.929984399999999880e+02,-3.595000000000000000e+02
-2.344390640000000019e+02,-1.929984399999999880e+02,-3.582500000000000000e+02
-2.348492200000000025e+02,-1.921781279999999867e+02,-3.620000000000000000e+02
-2.344390640000000019e+02,-1.921781279999999867e+02,-3.632500000000000000e+02
-2.344390640000000019e+02,-1.921781279999999867e+02,-3.607500000000000000e+02
-2.344390640000000019e+02,-1.925882839999999874e+02,-3.595000000000000000e+02
-2.344390640000000019e+02,-1.913578159999999855e+02,-3.632500000000000000e+02
-2.344390640000000019e+02,-1.913578159999999855e+02,-3.607500000000000000e+02
-2.344390640000000019e+02,-1.905375039999999842e+02,-3.632500000000000000e+02
-2.344390640000000019e+02,-1.909476599999999848e+02,-3.595000000000000000e+02
-2.348492200000000025e+02,-1.905375039999999842e+02,-3.595000000000000000e+02
-2.344390640000000019e+02,-1.905375039999999842e+02,-3.582500000000000000e+02
-2.348492200000000025e+02,-1.897171919999999830e+02,-3.645000000000000000e+02
-2.344390640000000019e+02,-1.901273479999999836e+02,-3.645000000000000000e+02
-2.344390640000000019e+02,-1.901273479999999836e+02,-3.570000000000000000e+02
-2.348492200000000025e+02,-1.897171919999999830e+02,-3.570000000000000000e+02
-2.348492200000000025e+02,-1.888968799999999817e+02,-3.645000000000000000e+02
-2.348492200000000025e+02,-1.888968799999999817e+02,-3.570000000000000000e+02
-2.344390640000000019e+02,-1.884867239999999811e+02,-3.645000000000000000e+02
-2.344390640000000019e+02,-1.880765680000000089e+02,-3.632500000000000000e+02
-2.348492200000000025e+02,-1.880765680000000089e+02,-3.570000000000000000e+02
-2.344390640000000019e+02,-1.872562560000000076e+02,-3.632500000000000000e+02
-2.348492200000000025e+02,-1.872562560000000076e+02,-3.595000000000000000e+02
-2.344390640000000019e+02,-1.872562560000000076e+02,-3.582500000000000000e+02
-2.344390640000000019e+02,-1.876664119999999798e+02,-3.570000000000000000e+02
-2.344390640000000019e+02,-1.864359440000000063e+02,-3.632500000000000000e+02
-2.344390640000000019e+02,-1.868461000000000070e+02,-3.595000000000000000e+02
-2.344390640000000019e+02,-1.864359440000000063e+02,-3.607500000000000000e+02
-2.344390640000000019e+02,-1.860257880000000057e+02,-3.620000000000000000e+02
-2.340289080000000013e+02,-1.954593759999999918e+02,-3.595000000000000000e+02
-2.336187520000000006e+02,-1.954593759999999918e+02,-3.607500000000000000e+02
-2.336187520000000006e+02,-1.958695319999999924e+02,-3.595000000000000000e+02
-2.336187520000000006e+02,-1.954593759999999918e+02,-3.582500000000000000e+02
-2.336187520000000006e+02,-1.946390639999999905e+02,-3.632500000000000000e+02
-2.336187520000000006e+02,-1.950492199999999912e+02,-3.620000000000000000e+02
-2.336187520000000006e+02,-1.946390639999999905e+02,-3.582500000000000000e+02
-2.336187520000000006e+02,-1.938187519999999893e+02,-3.632500000000000000e+02
-2.336187520000000006e+02,-1.938187519999999893e+02,-3.582500000000000000e+02
-2.336187520000000006e+02,-1.929984399999999880e+02,-3.632500000000000000e+02
-2.336187520000000006e+02,-1.929984399999999880e+02,-3.582500000000000000e+02
-2.340289080000000013e+02,-1.921781279999999867e+02,-3.645000000000000000e+02
-2.336187520000000006e+02,-1.925882839999999874e+02,-3.645000000000000000e+02
-2.340289080000000013e+02,-1.921781279999999867e+02,-3.595000000000000000e+02
-2.336187520000000006e+02,-1.921781279999999867e+02,-3.582500000000000000e+02
-2.340289080000000013e+02,-1.913578159999999855e+02,-3.645000000000000000e+02
-2.340289080000000013e+02,-1.913578159999999855e+02,-3.595000000000000000e+02
-2.336187520000000006e+02,-1.913578159999999855e+02,-3.582500000000000000e+02
-2.340289080000000013e+02,-1.905375039999999842e+02,-3.645000000000000000e+02
-2.336187520000000006e+02,-1.905375039999999842e+02,-3.582500000000000000e+02
-2.336187520000000006e+02,-1.901273479999999836e+02,-3.570000000000000000e+02
-2.340289080000000013e+02,-1.880765680000000089e+02,-3.645000000000000000e+02
-2.336187520000000006e+02,-1.876664119999999798e+02,-3.645000000000000000e+02
-2.336187520000000006e+02,-1.872562560000000076e+02,-3.632500000000000000e+02
-2.336187520000000006e+02,-1.876664119999999798e+02,-3.570000000000000000e+02
-2.336187520000000006e+02,-1.872562560000000076e+02,-3.582500000000000000e+02
-2.336187520000000006e+02,-1.864359440000000063e+02,-3.632500000000000000e+02
-2.336187520000000006e+02,-1.868461000000000070e+02,-3.595000000000000000e+02
-2.336187520000000006e+02,-1.864359440000000063e+02,-3.607500000000000000e+02
-2.336187520000000006e+02,-1.860257880000000057e+02,-3.620000000000000000e+02
-2.332085960000000000e+02,-1.954593759999999918e+02,-3.620000000000000000e+02
-2.327984399999999994e+02,-1.954593759999999918e+02,-3.632500000000000000e+02
-2.327984399999999994e+02,-1.958695319999999924e+02,-3.620000000000000000e+02
-2.327984399999999994e+02,-1.958695319999999924e+02,-3.595000000000000000e+02
-2.327984399999999994e+02,-1.954593759999999918e+02,-3.582500000000000000e+02
-2.327984399999999994e+02,-1.946390639999999905e+02,-3.632500000000000000e+02
-2.327984399999999994e+02,-1.946390639999999905e+02,-3.582500000000000000e+02
-2.332085960000000000e+02,-1.938187519999999893e+02,-3.645000000000000000e+02
-2.327984399999999994e+02,-1.942289079999999899e+02,-3.645000000000000000e+02
-2.327984399999999994e+02,-1.938187519999999893e+02,-3.582500000000000000e+02
-2.332085960000000000e+02,-1.929984399999999880e+02,-3.645000000000000000e+02
-2.327984399999999994e+02,-1.929984399999999880e+02,-3.582500000000000000e+02
-2.327984399999999994e+02,-1.921781279999999867e+02,-3.582500000000000000e+02
-2.327984399999999994e+02,-1.913578159999999855e+02,-3.582500000000000000e+02
-2.327984399999999994e+02,-1.909476599999999848e+02,-3.570000000000000000e+02
-2.332085960000000000e+02,-1.905375039999999842e+02,-3.570000000000000000e+02
-2.327984399999999994e+02,-1.876664119999999798e+02,-3.645000000000000000e+02
-2.327984399999999994e+02,-1.872562560000000076e+02,-3.632500000000000000e+02
-2.327984399999999994e+02,-1.876664119999999798e+02,-3.570000000000000000e+02
-2.327984399999999994e+02,-1.872562560000000076e+02,-3.582500000000000000e+02
-2.327984399999999994e+02,-1.864359440000000063e+02,-3.632500000000000000e+02
-2.332085960000000000e+02,-1.864359440000000063e+02,-3.595000000000000000e+02
-2.327984399999999994e+02,-1.864359440000000063e+02,-3.582500000000000000e+02
-2.327984399999999994e+02,-1.860257880000000057e+02,-3.620000000000000000e+02
-2.327984399999999994e+02,-1.860257880000000057e+02,-3.595000000000000000e+02
-2.323882839999999987e+02,-1.962796879999999931e+02,-3.620000000000000000e+02
-2.319781279999999981e+02,-1.962796879999999931e+02,-3.632500000000000000e+02
-2.319781279999999981e+02,-1.966898439999999937e+02,-3.620000000000000000e+02
-2.319781279999999981e+02,-1.962796879999999931e+02,-3.607500000000000000e+02
-2.319781279999999981e+02,-1.954593759999999918e+02,-3.632500000000000000e+02
-2.319781279999999981e+02,-1.958695319999999924e+02,-3.595000000000000000e+02
-2.319781279999999981e+02,-1.954593759999999918e+02,-3.582500000000000000e+02
-2.323882839999999987e+02,-1.946390639999999905e+02,-3.645000000000000000e+02
-2.319781279999999981e+02,-1.950492199999999912e+02,-3.645000000000000000e+02
-2.319781279999999981e+02,-1.946390639999999905e+02,-3.582500000000000000e+02
-2.319781279999999981e+02,-1.938187519999999893e+02,-3.582500000000000000e+02
-2.319781279999999981e+02,-1.929984399999999880e+02,-3.582500000000000000e+02
-2.319781279999999981e+02,-1.925882839999999874e+02,-3.570000000000000000e+02
-2.323882839999999987e+02,-1.921781279999999867e+02,-3.570000000000000000e+02
-2.323882839999999987e+02,-1.913578159999999855e+02,-3.570000000000000000e+02
-2.323882839999999987e+02,-1.872562560000000076e+02,-3.645000000000000000e+02
-2.319781279999999981e+02,-1.876664119999999798e+02,-3.570000000000000000e+02
-2.319781279999999981e+02,-1.872562560000000076e+02,-3.582500000000000000e+02
-2.319781279999999981e+02,-1.868461000000000070e+02,-3.645000000000000000e+02
-2.319781279999999981e+02,-1.864359440000000063e+02,-3.632500000000000000e+02
-2.319781279999999981e+02,-1.864359440000000063e+02,-3.582500000000000000e+02
-2.319781279999999981e+02,-1.860257880000000057e+02,-3.620000000000000000e+02
-2.319781279999999981e+02,-1.860257880000000057e+02,-3.595000000000000000e+02
-2.311578159999999968e+02,-1.962796879999999931e+02,-3.632500000000000000e+02
-2.311578159999999968e+02,-1.966898439999999937e+02,-3.620000000000000000e+02
-2.311578159999999968e+02,-1.966898439999999937e+02,-3.595000000000000000e+02
-2.315679719999999975e+02,-1.962796879999999931e+02,-3.595000000000000000e+02
-2.311578159999999968e+02,-1.962796879999999931e+02,-3.582500000000000000e+02
-2.311578159999999968e+02,-1.954593759999999918e+02,-3.632500000000000000e+02
-2.311578159999999968e+02,-1.954593759999999918e+02,-3.582500000000000000e+02
-2.311578159999999968e+02,-1.950492199999999912e+02,-3.645000000000000000e+02
-2.311578159999999968e+02,-1.946390639999999905e+02,-3.582500000000000000e+02
-2.311578159999999968e+02,-1.938187519999999893e+02,-3.582500000000000000e+02
-2.311578159999999968e+02,-1.934085959999999886e+02,-3.570000000000000000e+02
-2.315679719999999975e+02,-1.929984399999999880e+02,-3.570000000000000000e+02
-2.311578159999999968e+02,-1.876664119999999798e+02,-3.570000000000000000e+02
-2.311578159999999968e+02,-1.872562560000000076e+02,-3.582500000000000000e+02
-2.311578159999999968e+02,-1.868461000000000070e+02,-3.645000000000000000e+02
-2.311578159999999968e+02,-1.864359440000000063e+02,-3.632500000000000000e+02
-2.311578159999999968e+02,-1.864359440000000063e+02,-3.582500000000000000e+02
-2.311578159999999968e+02,-1.860257880000000057e+02,-3.620000000000000000e+02
-2.311578159999999968e+02,-1.860257880000000057e+02,-3.595000000000000000e+02
-2.303375039999999956e+02,-1.962796879999999931e+02,-3.632500000000000000e+02
-2.303375039999999956e+02,-1.966898439999999937e+02,-3.620000000000000000e+02
-2.303375039999999956e+02,-1.966898439999999937e+02,-3.595000000000000000e+02
-2.303375039999999956e+02,-1.962796879999999931e+02,-3.582500000000000000e+02
-2.307476599999999962e+02,-1.954593759999999918e+02,-3.645000000000000000e+02
-2.303375039999999956e+02,-1.958695319999999924e+02,-3.645000000000000000e+02
-2.303375039999999956e+02,-1.954593759999999918e+02,-3.582500000000000000e+02
-2.303375039999999956e+02,-1.946390639999999905e+02,-3.582500000000000000e+02
-2.303375039999999956e+02,-1.938187519999999893e+02,-3.582500000000000000e+02
-2.307476599999999962e+02,-1.929984399999999880e+02,-3.570000000000000000e+02
-2.303375039999999956e+02,-1.929984399999999880e+02,-3.582500000000000000e+02
-2.303375039999999956e+02,-1.925882839999999874e+02,-3.570000000000000000e+02
-2.307476599999999962e+02,-1.872562560000000076e+02,-3.570000000000000000e+02
-2.307476599999999962e+02,-1.864359440000000063e+02,-3.645000000000000000e+02
-2.303375039999999956e+02,-1.868461000000000070e+02,-3.570000000000000000e+02
-2.303375039999999956e+02,-1.864359440000000063e+02,-3.582500000000000000e+02
-2.303375039999999956e+02,-1.860257880000000057e+02,-3.645000000000000000e+02
-2.303375039999999956e+02,-1.860257880000000057e+02,-3.620000000000000000e+02
-2.303375039999999956e+02,-1.860257880000000057e+02,-3.595000000000000000e+02
-2.295171919999999943e+02,-1.962796879999999931e+02,-3.632500000000000000e+02
-2.295171919999999943e+02,-1.966898439999999937e+02,-3.620000000000000000e+02
-2.295171919999999943e+02,-1.966898439999999937e+02,-3.595000000000000000e+02
-2.295171919999999943e+02,-1.962796879999999931e+02,-3.582500000000000000e+02
-2.295171919999999943e+02,-1.958695319999999924e+02,-3.645000000000000000e+02
-2.295171919999999943e+02,-1.954593759999999918e+02,-3.582500000000000000e+02
-2.295171919999999943e+02,-1.946390639999999905e+02,-3.582500000000000000e+02
-2.295171919999999943e+02,-1.938187519999999893e+02,-3.582500000000000000e+02
-2.295171919999999943e+02,-1.929984399999999880e+02,-3.582500000000000000e+02
-2.295171919999999943e+02,-1.925882839999999874e+02,-3.570000000000000000e+02
-2.295171919999999943e+02,-1.868461000000000070e+02,-3.645000000000000000e+02
-2.299273479999999950e+02,-1.864359440000000063e+02,-3.645000000000000000e+02
-2.295171919999999943e+02,-1.864359440000000063e+02,-3.632500000000000000e+02
-2.295171919999999943e+02,-1.868461000000000070e+02,-3.570000000000000000e+02
-2.295171919999999943e+02,-1.864359440000000063e+02,-3.582500000000000000e+02
-2.295171919999999943e+02,-1.860257880000000057e+02,-3.620000000000000000e+02
-2.295171919999999943e+02,-1.860257880000000057e+02,-3.595000000000000000e+02
-2.286968799999999931e+02,-1.962796879999999931e+02,-3.632500000000000000e+02
-2.286968799999999931e+02,-1.966898439999999937e+02,-3.620000000000000000e+02
-2.286968799999999931e+02,-1.966898439999999937e+02,-3.595000000000000000e+02
-2.286968799999999931e+02,-1.962796879999999931e+02,-3.582500000000000000e+02
-2.286968799999999931e+02,-1.958695319999999924e+02,-3.645000000000000000e+02
-2.286968799999999931e+02,-1.954593759999999918e+02,-3.582500000000000000e+02
-2.286968799999999931e+02,-1.946390639999999905e+02,-3.582500000000000000e+02
-2.286968799999999931e+02,-1.938187519999999893e+02,-3.582500000000000000e+02
-2.286968799999999931e+02,-1.929984399999999880e+02,-3.582500000000000000e+02
-2.291070359999999937e+02,-1.921781279999999867e+02,-3.570000000000000000e+02
-2.286968799999999931e+02,-1.921781279999999867e+02,-3.582500000000000000e+02
-2.286968799999999931e+02,-1.917679719999999861e+02,-3.570000000000000000e+02
-2.291070359999999937e+02,-1.864359440000000063e+02,-3.620000000000000000e+02
-2.286968799999999931e+02,-1.868461000000000070e+02,-3.620000000000000000e+02
-2.286968799999999931e+02,-1.868461000000000070e+02,-3.645000000000000000e+02
-2.291070359999999937e+02,-1.864359440000000063e+02,-3.595000000000000000e+02
-2.286968799999999931e+02,-1.868461000000000070e+02,-3.595000000000000000e+02
-2.286968799999999931e+02,-1.868461000000000070e+02,-3.570000000000000000e+02
-2.278765680000000202e+02,-1.962796879999999931e+02,-3.632500000000000000e+02
-2.278765680000000202e+02,-1.966898439999999937e+02,-3.620000000000000000e+02
-2.278765680000000202e+02,-1.966898439999999937e+02,-3.595000000000000000e+02
-2.278765680000000202e+02,-1.962796879999999931e+02,-3.582500000000000000e+02
-2.282867239999999924e+02,-1.954593759999999918e+02,-3.645000000000000000e+02
-2.278765680000000202e+02,-1.954593759999999918e+02,-3.632500000000000000e+02
-2.278765680000000202e+02,-1.954593759999999918e+02,-3.582500000000000000e+02
-2.278765680000000202e+02,-1.950492199999999912e+02,-3.645000000000000000e+02
-2.278765680000000202e+02,-1.946390639999999905e+02,-3.582500000000000000e+02
-2.278765680000000202e+02,-1.938187519999999893e+02,-3.582500000000000000e+02
-2.278765680000000202e+02,-1.929984399999999880e+02,-3.582500000000000000e+02
-2.278765680000000202e+02,-1.921781279999999867e+02,-3.582500000000000000e+02
-2.282867239999999924e+02,-1.913578159999999855e+02,-3.570000000000000000e+02
-2.278765680000000202e+02,-1.913578159999999855e+02,-3.582500000000000000e+02
-2.278765680000000202e+02,-1.909476599999999848e+02,-3.570000000000000000e+02
-2.278765680000000202e+02,-1.876664119999999798e+02,-3.645000000000000000e+02
-2.282867239999999924e+02,-1.872562560000000076e+02,-3.645000000000000000e+02
-2.278765680000000202e+02,-1.872562560000000076e+02,-3.632500000000000000e+02
-2.278765680000000202e+02,-1.868461000000000070e+02,-3.620000000000000000e+02
-2.278765680000000202e+02,-1.868461000000000070e+02,-3.595000000000000000e+02
-2.278765680000000202e+02,-1.868461000000000070e+02,-3.570000000000000000e+02
-2.274664119999999912e+02,-1.962796879999999931e+02,-3.620000000000000000e+02
-2.274664119999999912e+02,-1.962796879999999931e+02,-3.595000000000000000e+02
-2.270562560000000190e+02,-1.954593759999999918e+02,-3.632500000000000000e+02
-2.270562560000000190e+02,-1.958695319999999924e+02,-3.620000000000000000e+02
-2.270562560000000190e+02,-1.958695319999999924e+02,-3.595000000000000000e+02
-2.270562560000000190e+02,-1.954593759999999918e+02,-3.582500000000000000e+02
-2.274664119999999912e+02,-1.946390639999999905e+02,-3.645000000000000000e+02
-2.270562560000000190e+02,-1.946390639999999905e+02,-3.632500000000000000e+02
-2.270562560000000190e+02,-1.946390639999999905e+02,-3.582500000000000000e+02
-2.270562560000000190e+02,-1.938187519999999893e+02,-3.632500000000000000e+02
-2.274664119999999912e+02,-1.938187519999999893e+02,-3.645000000000000000e+02
-2.270562560000000190e+02,-1.938187519999999893e+02,-3.582500000000000000e+02
-2.270562560000000190e+02,-1.934085959999999886e+02,-3.645000000000000000e+02
-2.270562560000000190e+02,-1.929984399999999880e+02,-3.582500000000000000e+02
-2.270562560000000190e+02,-1.921781279999999867e+02,-3.582500000000000000e+02
-2.270562560000000190e+02,-1.913578159999999855e+02,-3.582500000000000000e+02
-2.274664119999999912e+02,-1.905375039999999842e+02,-3.570000000000000000e+02
-2.270562560000000190e+02,-1.905375039999999842e+02,-3.582500000000000000e+02
-2.274664119999999912e+02,-1.897171919999999830e+02,-3.570000000000000000e+02
-2.270562560000000190e+02,-1.897171919999999830e+02,-3.582500000000000000e+02
-2.274664119999999912e+02,-1.888968799999999817e+02,-3.570000000000000000e+02
-2.270562560000000190e+02,-1.888968799999999817e+02,-3.582500000000000000e+02
-2.274664119999999912e+02,-1.880765680000000089e+02,-3.595000000000000000e+02
-2.270562560000000190e+02,-1.884867239999999811e+02,-3.595000000000000000e+02
-2.270562560000000190e+02,-1.880765680000000089e+02,-3.607500000000000000e+02
-2.274664119999999912e+02,-1.880765680000000089e+02,-3.570000000000000000e+02
-2.274664119999999912e+02,-1.872562560000000076e+02,-3.620000000000000000e+02
-2.270562560000000190e+02,-1.876664119999999798e+02,-3.620000000000000000e+02
-2.270562560000000190e+02,-1.876664119999999798e+02,-3.645000000000000000e+02
-2.274664119999999912e+02,-1.872562560000000076e+02,-3.595000000000000000e+02
-2.274664119999999912e+02,-1.872562560000000076e+02,-3.570000000000000000e+02
-2.266461000000000183e+02,-1.954593759999999918e+02,-3.620000000000000000e+02
-2.262359440000000177e+02,-1.954593759999999918e+02,-3.607500000000000000e+02
-2.262359440000000177e+02,-1.958695319999999924e+02,-3.595000000000000000e+02
-2.262359440000000177e+02,-1.954593759999999918e+02,-3.582500000000000000e+02
-2.262359440000000177e+02,-1.946390639999999905e+02,-3.632500000000000000e+02
-2.262359440000000177e+02,-1.950492199999999912e+02,-3.620000000000000000e+02
-2.262359440000000177e+02,-1.946390639999999905e+02,-3.582500000000000000e+02
-2.262359440000000177e+02,-1.938187519999999893e+02,-3.632500000000000000e+02
-2.262359440000000177e+02,-1.938187519999999893e+02,-3.582500000000000000e+02
-2.266461000000000183e+02,-1.929984399999999880e+02,-3.645000000000000000e+02
-2.262359440000000177e+02,-1.929984399999999880e+02,-3.632500000000000000e+02
-2.262359440000000177e+02,-1.929984399999999880e+02,-3.582500000000000000e+02
-2.262359440000000177e+02,-1.921781279999999867e+02,-3.632500000000000000e+02
-2.266461000000000183e+02,-1.921781279999999867e+02,-3.645000000000000000e+02
-2.262359440000000177e+02,-1.921781279999999867e+02,-3.582500000000000000e+02
-2.262359440000000177e+02,-1.917679719999999861e+02,-3.645000000000000000e+02
-2.262359440000000177e+02,-1.913578159999999855e+02,-3.582500000000000000e+02
-2.262359440000000177e+02,-1.905375039999999842e+02,-3.582500000000000000e+02
-2.262359440000000177e+02,-1.897171919999999830e+02,-3.582500000000000000e+02
-2.266461000000000183e+02,-1.888968799999999817e+02,-3.595000000000000000e+02
-2.262359440000000177e+02,-1.893070359999999823e+02,-3.595000000000000000e+02
-2.262359440000000177e+02,-1.888968799999999817e+02,-3.607500000000000000e+02
-2.262359440000000177e+02,-1.884867239999999811e+02,-3.645000000000000000e+02
-2.266461000000000183e+02,-1.880765680000000089e+02,-3.645000000000000000e+02
-2.262359440000000177e+02,-1.880765680000000089e+02,-3.632500000000000000e+02
-2.262359440000000177e+02,-1.880765680000000089e+02,-3.607500000000000000e+02
-2.262359440000000177e+02,-1.876664119999999798e+02,-3.620000000000000000e+02
-2.258257880000000171e+02,-1.954593759999999918e+02,-3.595000000000000000e+02
-2.258257880000000171e+02,-1.946390639999999905e+02,-3.620000000000000000e+02
-2.254156320000000164e+02,-1.946390639999999905e+02,-3.607500000000000000e+02
-2.254156320000000164e+02,-1.950492199999999912e+02,-3.595000000000000000e+02
-2.254156320000000164e+02,-1.946390639999999905e+02,-3.582500000000000000e+02
-2.258257880000000171e+02,-1.938187519999999893e+02,-3.620000000000000000e+02
-2.254156320000000164e+02,-1.938187519999999893e+02,-3.607500000000000000e+02
-2.254156320000000164e+02,-1.938187519999999893e+02,-3.582500000000000000e+02
-2.258257880000000171e+02,-1.929984399999999880e+02,-3.620000000000000000e+02
-2.254156320000000164e+02,-1.929984399999999880e+02,-3.607500000000000000e+02
-2.254156320000000164e+02,-1.929984399999999880e+02,-3.582500000000000000e+02
-2.254156320000000164e+02,-1.921781279999999867e+02,-3.632500000000000000e+02
-2.254156320000000164e+02,-1.925882839999999874e+02,-3.620000000000000000e+02
-2.254156320000000164e+02,-1.921781279999999867e+02,-3.582500000000000000e+02
-2.258257880000000171e+02,-1.913578159999999855e+02,-3.645000000000000000e+02
-2.254156320000000164e+02,-1.913578159999999855e+02,-3.632500000000000000e+02
-2.254156320000000164e+02,-1.913578159999999855e+02,-3.582500000000000000e+02
-2.254156320000000164e+02,-1.905375039999999842e+02,-3.632500000000000000e+02
-2.258257880000000171e+02,-1.905375039999999842e+02,-3.645000000000000000e+02
-2.254156320000000164e+02,-1.905375039999999842e+02,-3.582500000000000000e+02
-2.254156320000000164e+02,-1.897171919999999830e+02,-3.632500000000000000e+02
-2.258257880000000171e+02,-1.897171919999999830e+02,-3.645000000000000000e+02
-2.254156320000000164e+02,-1.897171919999999830e+02,-3.582500000000000000e+02
-2.254156320000000164e+02,-1.888968799999999817e+02,-3.632500000000000000e+02
-2.258257880000000171e+02,-1.888968799999999817e+02,-3.645000000000000000e+02
-2.254156320000000164e+02,-1.893070359999999823e+02,-3.595000000000000000e+02
-2.254156320000000164e+02,-1.888968799999999817e+02,-3.607500000000000000e+02
-2.254156320000000164e+02,-1.880765680000000089e+02,-3.632500000000000000e+02
-2.254156320000000164e+02,-1.880765680000000089e+02,-3.607500000000000000e+02
-2.254156320000000164e+02,-1.876664119999999798e+02,-3.620000000000000000e+02
-2.250054760000000158e+02,-1.946390639999999905e+02,-3.595000000000000000e+02
-2.250054760000000158e+02,-1.938187519999999893e+02,-3.595000000000000000e+02
-2.250054760000000158e+02,-1.929984399999999880e+02,-3.595000000000000000e+02
-2.250054760000000158e+02,-1.921781279999999867e+02,-3.620000000000000000e+02
-2.245953200000000152e+02,-1.921781279999999867e+02,-3.607500000000000000e+02
-2.245953200000000152e+02,-1.925882839999999874e+02,-3.595000000000000000e+02
-2.245953200000000152e+02,-1.921781279999999867e+02,-3.582500000000000000e+02
-2.250054760000000158e+02,-1.913578159999999855e+02,-3.620000000000000000e+02
-2.245953200000000152e+02,-1.917679719999999861e+02,-3.595000000000000000e+02
-2.250054760000000158e+02,-1.913578159999999855e+02,-3.595000000000000000e+02
-2.245953200000000152e+02,-1.905375039999999842e+02,-3.632500000000000000e+02
-2.245953200000000152e+02,-1.909476599999999848e+02,-3.620000000000000000e+02
-2.245953200000000152e+02,-1.905375039999999842e+02,-3.607500000000000000e+02
-2.250054760000000158e+02,-1.905375039999999842e+02,-3.595000000000000000e+02
-2.245953200000000152e+02,-1.901273479999999836e+02,-3.620000000000000000e+02
-2.250054760000000158e+02,-1.897171919999999830e+02,-3.620000000000000000e+02
-2.250054760000000158e+02,-1.897171919999999830e+02,-3.595000000000000000e+02
-2.250054760000000158e+02,-1.888968799999999817e+02,-3.620000000000000000e+02
-2.250054760000000158e+02,-1.880765680000000089e+02,-3.620000000000000000e+02
-2.241851640000000145e+02,-1.921781279999999867e+02,-3.595000000000000000e+02
-2.241851640000000145e+02,-1.905375039999999842e+02,-3.620000000000000000e+02
