-1.774679690000000107e+02,-1.441593799999999987e+02,-3.705000000000000000e+02
-1.771359380000000101e+02,-1.441593799999999987e+02,-3.717500000000000000e+02
-1.771359380000000101e+02,-1.444914109999999994e+02,-3.705000000000000000e+02
-1.771359380000000101e+02,-1.444914109999999994e+02,-3.680000000000000000e+02
-1.774679690000000107e+02,-1.441593799999999987e+02,-3.680000000000000000e+02
-1.774679690000000107e+02,-1.434953179999999975e+02,-3.705000000000000000e+02
-1.771359380000000101e+02,-1.434953179999999975e+02,-3.717500000000000000e+02
-1.771359380000000101e+02,-1.434953179999999975e+02,-3.692500000000000000e+02
-1.771359380000000101e+02,-1.438273489999999981e+02,-3.680000000000000000e+02
-1.774679690000000107e+02,-1.428312559999999962e+02,-3.705000000000000000e+02
-1.771359380000000101e+02,-1.428312559999999962e+02,-3.717500000000000000e+02
-1.771359380000000101e+02,-1.428312559999999962e+02,-3.692500000000000000e+02
-1.771359380000000101e+02,-1.424992250000000240e+02,-3.705000000000000000e+02
-1.768039070000000095e+02,-1.461515660000000025e+02,-3.730000000000000000e+02
-1.764718760000000088e+02,-1.461515660000000025e+02,-3.742500000000000000e+02
-1.764718760000000088e+02,-1.464835970000000032e+02,-3.730000000000000000e+02
-1.764718760000000088e+02,-1.461515660000000025e+02,-3.717500000000000000e+02
-1.768039070000000095e+02,-1.454875040000000013e+02,-3.730000000000000000e+02
-1.764718760000000088e+02,-1.454875040000000013e+02,-3.742500000000000000e+02
-1.764718760000000088e+02,-1.458195350000000019e+02,-3.705000000000000000e+02
-1.768039070000000095e+02,-1.454875040000000013e+02,-3.705000000000000000e+02
-1.764718760000000088e+02,-1.454875040000000013e+02,-3.692500000000000000e+02
-1.768039070000000095e+02,-1.448234420000000000e+02,-3.730000000000000000e+02
-1.764718760000000088e+02,-1.448234420000000000e+02,-3.742500000000000000e+02
-1.768039070000000095e+02,-1.448234420000000000e+02,-3.705000000000000000e+02
-1.764718760000000088e+02,-1.451554730000000006e+02,-3.680000000000000000e+02
-1.768039070000000095e+02,-1.448234420000000000e+02,-3.680000000000000000e+02
-1.768039070000000095e+02,-1.441593799999999987e+02,-3.730000000000000000e+02
-1.764718760000000088e+02,-1.441593799999999987e+02,-3.742500000000000000e+02
-1.768039070000000095e+02,-1.434953179999999975e+02,-3.730000000000000000e+02
-1.764718760000000088e+02,-1.434953179999999975e+02,-3.742500000000000000e+02
-1.768039070000000095e+02,-1.434953179999999975e+02,-3.680000000000000000e+02
-1.768039070000000095e+02,-1.428312559999999962e+02,-3.730000000000000000e+02
-1.764718760000000088e+02,-1.428312559999999962e+02,-3.742500000000000000e+02
-1.764718760000000088e+02,-1.431632870000000253e+02,-3.680000000000000000e+02
-1.764718760000000088e+02,-1.428312559999999962e+02,-3.692500000000000000e+02
-1.764718760000000088e+02,-1.424992250000000240e+02,-3.730000000000000000e+02
-1.768039070000000095e+02,-1.421671940000000234e+02,-3.705000000000000000e+02
-1.764718760000000088e+02,-1.421671940000000234e+02,-3.717500000000000000e+02
-1.764718760000000088e+02,-1.421671940000000234e+02,-3.692500000000000000e+02
-1.764718760000000088e+02,-1.418351630000000227e+02,-3.705000000000000000e+02
-1.761398450000000082e+02,-1.468156280000000038e+02,-3.730000000000000000e+02
-1.758078140000000076e+02,-1.468156280000000038e+02,-3.742500000000000000e+02
-1.758078140000000076e+02,-1.471476590000000044e+02,-3.730000000000000000e+02
-1.758078140000000076e+02,-1.471476590000000044e+02,-3.705000000000000000e+02
-1.761398450000000082e+02,-1.468156280000000038e+02,-3.705000000000000000e+02
-1.758078140000000076e+02,-1.468156280000000038e+02,-3.692500000000000000e+02
-1.758078140000000076e+02,-1.461515660000000025e+02,-3.742500000000000000e+02
-1.761398450000000082e+02,-1.461515660000000025e+02,-3.705000000000000000e+02
-1.758078140000000076e+02,-1.461515660000000025e+02,-3.692500000000000000e+02
-1.758078140000000076e+02,-1.454875040000000013e+02,-3.742500000000000000e+02
-1.758078140000000076e+02,-1.458195350000000019e+02,-3.680000000000000000e+02
-1.761398450000000082e+02,-1.454875040000000013e+02,-3.680000000000000000e+02
-1.758078140000000076e+02,-1.448234420000000000e+02,-3.742500000000000000e+02
-1.758078140000000076e+02,-1.441593799999999987e+02,-3.742500000000000000e+02
-1.758078140000000076e+02,-1.434953179999999975e+02,-3.742500000000000000e+02
-1.758078140000000076e+02,-1.428312559999999962e+02,-3.742500000000000000e+02
-1.761398450000000082e+02,-1.428312559999999962e+02,-3.680000000000000000e+02
-1.761398450000000082e+02,-1.421671940000000234e+02,-3.730000000000000000e+02
-1.758078140000000076e+02,-1.421671940000000234e+02,-3.742500000000000000e+02
-1.758078140000000076e+02,-1.424992250000000240e+02,-3.680000000000000000e+02
-1.758078140000000076e+02,-1.421671940000000234e+02,-3.692500000000000000e+02
-1.758078140000000076e+02,-1.418351630000000227e+02,-3.730000000000000000e+02
-1.761398450000000082e+02,-1.415031320000000221e+02,-3.705000000000000000e+02
-1.758078140000000076e+02,-1.415031320000000221e+02,-3.717500000000000000e+02
-1.758078140000000076e+02,-1.415031320000000221e+02,-3.692500000000000000e+02
-1.758078140000000076e+02,-1.411711010000000215e+02,-3.705000000000000000e+02
-1.754757830000000070e+02,-1.481437520000000063e+02,-3.705000000000000000e+02
-1.751437520000000063e+02,-1.481437520000000063e+02,-3.717500000000000000e+02
-1.751437520000000063e+02,-1.484757830000000070e+02,-3.705000000000000000e+02
-1.751437520000000063e+02,-1.481437520000000063e+02,-3.692500000000000000e+02
-1.754757830000000070e+02,-1.474796900000000051e+02,-3.705000000000000000e+02
-1.751437520000000063e+02,-1.474796900000000051e+02,-3.717500000000000000e+02
-1.751437520000000063e+02,-1.474796900000000051e+02,-3.692500000000000000e+02
-1.751437520000000063e+02,-1.468156280000000038e+02,-3.742500000000000000e+02
-1.751437520000000063e+02,-1.471476590000000044e+02,-3.730000000000000000e+02
-1.751437520000000063e+02,-1.471476590000000044e+02,-3.680000000000000000e+02
-1.754757830000000070e+02,-1.468156280000000038e+02,-3.680000000000000000e+02
-1.751437520000000063e+02,-1.461515660000000025e+02,-3.742500000000000000e+02
-1.754757830000000070e+02,-1.461515660000000025e+02,-3.680000000000000000e+02
-1.754757830000000070e+02,-1.454875040000000013e+02,-3.755000000000000000e+02
-1.751437520000000063e+02,-1.454875040000000013e+02,-3.767500000000000000e+02
-1.751437520000000063e+02,-1.458195350000000019e+02,-3.755000000000000000e+02
-1.754757830000000070e+02,-1.448234420000000000e+02,-3.755000000000000000e+02
-1.751437520000000063e+02,-1.448234420000000000e+02,-3.767500000000000000e+02
-1.751437520000000063e+02,-1.444914109999999994e+02,-3.755000000000000000e+02
-1.751437520000000063e+02,-1.441593799999999987e+02,-3.742500000000000000e+02
-1.751437520000000063e+02,-1.434953179999999975e+02,-3.742500000000000000e+02
-1.751437520000000063e+02,-1.428312559999999962e+02,-3.742500000000000000e+02
-1.751437520000000063e+02,-1.421671940000000234e+02,-3.742500000000000000e+02
-1.751437520000000063e+02,-1.424992250000000240e+02,-3.680000000000000000e+02
-1.751437520000000063e+02,-1.421671940000000234e+02,-3.692500000000000000e+02
-1.754757830000000070e+02,-1.415031320000000221e+02,-3.730000000000000000e+02
-1.751437520000000063e+02,-1.415031320000000221e+02,-3.742500000000000000e+02
-1.751437520000000063e+02,-1.415031320000000221e+02,-3.692500000000000000e+02
-1.751437520000000063e+02,-1.411711010000000215e+02,-3.730000000000000000e+02
-1.751437520000000063e+02,-1.411711010000000215e+02,-3.705000000000000000e+02
-1.748117210000000057e+02,-1.481437520000000063e+02,-3.755000000000000000e+02
-1.744796900000000051e+02,-1.481437520000000063e+02,-3.767500000000000000e+02
-1.744796900000000051e+02,-1.484757830000000070e+02,-3.755000000000000000e+02
-1.744796900000000051e+02,-1.481437520000000063e+02,-3.742500000000000000e+02
-1.744796900000000051e+02,-1.481437520000000063e+02,-3.717500000000000000e+02
-1.744796900000000051e+02,-1.484757830000000070e+02,-3.705000000000000000e+02
-1.744796900000000051e+02,-1.481437520000000063e+02,-3.692500000000000000e+02
-1.748117210000000057e+02,-1.474796900000000051e+02,-3.755000000000000000e+02
-1.744796900000000051e+02,-1.474796900000000051e+02,-3.767500000000000000e+02
-1.744796900000000051e+02,-1.478117210000000057e+02,-3.730000000000000000e+02
-1.748117210000000057e+02,-1.474796900000000051e+02,-3.730000000000000000e+02
-1.744796900000000051e+02,-1.478117210000000057e+02,-3.680000000000000000e+02
-1.748117210000000057e+02,-1.474796900000000051e+02,-3.680000000000000000e+02
-1.748117210000000057e+02,-1.468156280000000038e+02,-3.755000000000000000e+02
-1.744796900000000051e+02,-1.468156280000000038e+02,-3.767500000000000000e+02
-1.748117210000000057e+02,-1.461515660000000025e+02,-3.755000000000000000e+02
-1.744796900000000051e+02,-1.461515660000000025e+02,-3.767500000000000000e+02
-1.744796900000000051e+02,-1.454875040000000013e+02,-3.767500000000000000e+02
-1.744796900000000051e+02,-1.448234420000000000e+02,-3.767500000000000000e+02
-1.748117210000000057e+02,-1.441593799999999987e+02,-3.755000000000000000e+02
-1.744796900000000051e+02,-1.441593799999999987e+02,-3.767500000000000000e+02
-1.748117210000000057e+02,-1.434953179999999975e+02,-3.755000000000000000e+02
-1.744796900000000051e+02,-1.434953179999999975e+02,-3.767500000000000000e+02
-1.744796900000000051e+02,-1.431632870000000253e+02,-3.755000000000000000e+02
-1.744796900000000051e+02,-1.428312559999999962e+02,-3.742500000000000000e+02
-1.744796900000000051e+02,-1.421671940000000234e+02,-3.742500000000000000e+02
-1.748117210000000057e+02,-1.421671940000000234e+02,-3.680000000000000000e+02
-1.748117210000000057e+02,-1.415031320000000221e+02,-3.755000000000000000e+02
-1.744796900000000051e+02,-1.415031320000000221e+02,-3.767500000000000000e+02
-1.744796900000000051e+02,-1.418351630000000227e+02,-3.755000000000000000e+02
-1.744796900000000051e+02,-1.418351630000000227e+02,-3.680000000000000000e+02
-1.744796900000000051e+02,-1.415031320000000221e+02,-3.692500000000000000e+02
-1.748117210000000057e+02,-1.408390700000000209e+02,-3.780000000000000000e+02
-1.744796900000000051e+02,-1.408390700000000209e+02,-3.792500000000000000e+02
-1.744796900000000051e+02,-1.411711010000000215e+02,-3.780000000000000000e+02
-1.748117210000000057e+02,-1.408390700000000209e+02,-3.755000000000000000e+02
-1.744796900000000051e+02,-1.411711010000000215e+02,-3.730000000000000000e+02
-1.744796900000000051e+02,-1.408390700000000209e+02,-3.742500000000000000e+02
-1.744796900000000051e+02,-1.411711010000000215e+02,-3.705000000000000000e+02
-1.748117210000000057e+02,-1.401750080000000196e+02,-3.780000000000000000e+02
-1.744796900000000051e+02,-1.401750080000000196e+02,-3.792500000000000000e+02
-1.744796900000000051e+02,-1.401750080000000196e+02,-3.767500000000000000e+02
-1.744796900000000051e+02,-1.405070390000000202e+02,-3.755000000000000000e+02
-1.748117210000000057e+02,-1.395109460000000183e+02,-3.780000000000000000e+02
-1.744796900000000051e+02,-1.395109460000000183e+02,-3.792500000000000000e+02
-1.744796900000000051e+02,-1.395109460000000183e+02,-3.767500000000000000e+02
-1.744796900000000051e+02,-1.391789150000000177e+02,-3.780000000000000000e+02
-1.741476590000000044e+02,-1.488078140000000076e+02,-3.755000000000000000e+02
-1.738156280000000038e+02,-1.488078140000000076e+02,-3.767500000000000000e+02
-1.738156280000000038e+02,-1.491398450000000082e+02,-3.755000000000000000e+02
-1.738156280000000038e+02,-1.488078140000000076e+02,-3.742500000000000000e+02
-1.741476590000000044e+02,-1.488078140000000076e+02,-3.705000000000000000e+02
-1.738156280000000038e+02,-1.488078140000000076e+02,-3.717500000000000000e+02
-1.738156280000000038e+02,-1.491398450000000082e+02,-3.705000000000000000e+02
-1.738156280000000038e+02,-1.488078140000000076e+02,-3.692500000000000000e+02
-1.738156280000000038e+02,-1.481437520000000063e+02,-3.767500000000000000e+02
-1.738156280000000038e+02,-1.481437520000000063e+02,-3.742500000000000000e+02
-1.738156280000000038e+02,-1.481437520000000063e+02,-3.717500000000000000e+02
-1.738156280000000038e+02,-1.481437520000000063e+02,-3.692500000000000000e+02
-1.738156280000000038e+02,-1.474796900000000051e+02,-3.767500000000000000e+02
-1.738156280000000038e+02,-1.478117210000000057e+02,-3.730000000000000000e+02
-1.738156280000000038e+02,-1.478117210000000057e+02,-3.680000000000000000e+02
-1.738156280000000038e+02,-1.468156280000000038e+02,-3.767500000000000000e+02
-1.738156280000000038e+02,-1.461515660000000025e+02,-3.767500000000000000e+02
-1.738156280000000038e+02,-1.454875040000000013e+02,-3.767500000000000000e+02
-1.738156280000000038e+02,-1.448234420000000000e+02,-3.767500000000000000e+02
-1.738156280000000038e+02,-1.441593799999999987e+02,-3.767500000000000000e+02
-1.741476590000000044e+02,-1.434953179999999975e+02,-3.780000000000000000e+02
-1.738156280000000038e+02,-1.434953179999999975e+02,-3.792500000000000000e+02
-1.738156280000000038e+02,-1.438273489999999981e+02,-3.780000000000000000e+02
-1.741476590000000044e+02,-1.428312559999999962e+02,-3.780000000000000000e+02
-1.738156280000000038e+02,-1.428312559999999962e+02,-3.792500000000000000e+02
-1.741476590000000044e+02,-1.428312559999999962e+02,-3.755000000000000000e+02
-1.741476590000000044e+02,-1.421671940000000234e+02,-3.780000000000000000e+02
-1.738156280000000038e+02,-1.421671940000000234e+02,-3.792500000000000000e+02
-1.741476590000000044e+02,-1.421671940000000234e+02,-3.755000000000000000e+02
-1.741476590000000044e+02,-1.415031320000000221e+02,-3.780000000000000000e+02
-1.738156280000000038e+02,-1.415031320000000221e+02,-3.792500000000000000e+02
-1.738156280000000038e+02,-1.418351630000000227e+02,-3.680000000000000000e+02
-1.738156280000000038e+02,-1.415031320000000221e+02,-3.692500000000000000e+02
-1.738156280000000038e+02,-1.408390700000000209e+02,-3.792500000000000000e+02
-1.741476590000000044e+02,-1.408390700000000209e+02,-3.730000000000000000e+02
-1.741476590000000044e+02,-1.408390700000000209e+02,-3.705000000000000000e+02
-1.738156280000000038e+02,-1.408390700000000209e+02,-3.692500000000000000e+02
-1.738156280000000038e+02,-1.401750080000000196e+02,-3.792500000000000000e+02
-1.741476590000000044e+02,-1.401750080000000196e+02,-3.755000000000000000e+02
-1.741476590000000044e+02,-1.401750080000000196e+02,-3.730000000000000000e+02
-1.738156280000000038e+02,-1.401750080000000196e+02,-3.717500000000000000e+02
-1.738156280000000038e+02,-1.405070390000000202e+02,-3.705000000000000000e+02
-1.738156280000000038e+02,-1.395109460000000183e+02,-3.792500000000000000e+02
-1.741476590000000044e+02,-1.395109460000000183e+02,-3.755000000000000000e+02
-1.741476590000000044e+02,-1.395109460000000183e+02,-3.730000000000000000e+02
-1.738156280000000038e+02,-1.395109460000000183e+02,-3.717500000000000000e+02
-1.741476590000000044e+02,-1.388468840000000171e+02,-3.780000000000000000e+02
-1.738156280000000038e+02,-1.388468840000000171e+02,-3.792500000000000000e+02
-1.741476590000000044e+02,-1.388468840000000171e+02,-3.755000000000000000e+02
-1.741476590000000044e+02,-1.388468840000000171e+02,-3.730000000000000000e+02
-1.738156280000000038e+02,-1.388468840000000171e+02,-3.717500000000000000e+02
-1.738156280000000038e+02,-1.385148530000000164e+02,-3.780000000000000000e+02
-1.738156280000000038e+02,-1.385148530000000164e+02,-3.755000000000000000e+02
-1.738156280000000038e+02,-1.385148530000000164e+02,-3.730000000000000000e+02
-1.734835970000000032e+02,-1.494718760000000088e+02,-3.755000000000000000e+02
-1.731515660000000025e+02,-1.494718760000000088e+02,-3.767500000000000000e+02
-1.731515660000000025e+02,-1.498039070000000095e+02,-3.755000000000000000e+02
-1.731515660000000025e+02,-1.494718760000000088e+02,-3.742500000000000000e+02
-1.731515660000000025e+02,-1.488078140000000076e+02,-3.767500000000000000e+02
-1.731515660000000025e+02,-1.488078140000000076e+02,-3.742500000000000000e+02
-1.731515660000000025e+02,-1.488078140000000076e+02,-3.717500000000000000e+02
-1.731515660000000025e+02,-1.491398450000000082e+02,-3.705000000000000000e+02
-1.731515660000000025e+02,-1.488078140000000076e+02,-3.692500000000000000e+02
-1.731515660000000025e+02,-1.481437520000000063e+02,-3.767500000000000000e+02
-1.731515660000000025e+02,-1.484757830000000070e+02,-3.730000000000000000e+02
-1.734835970000000032e+02,-1.481437520000000063e+02,-3.730000000000000000e+02
-1.731515660000000025e+02,-1.484757830000000070e+02,-3.680000000000000000e+02
-1.734835970000000032e+02,-1.481437520000000063e+02,-3.680000000000000000e+02
-1.734835970000000032e+02,-1.474796900000000051e+02,-3.780000000000000000e+02
-1.731515660000000025e+02,-1.474796900000000051e+02,-3.792500000000000000e+02
-1.731515660000000025e+02,-1.478117210000000057e+02,-3.780000000000000000e+02
-1.734835970000000032e+02,-1.468156280000000038e+02,-3.780000000000000000e+02
-1.731515660000000025e+02,-1.468156280000000038e+02,-3.792500000000000000e+02
-1.734835970000000032e+02,-1.461515660000000025e+02,-3.780000000000000000e+02
-1.731515660000000025e+02,-1.461515660000000025e+02,-3.792500000000000000e+02
-1.734835970000000032e+02,-1.454875040000000013e+02,-3.780000000000000000e+02
-1.731515660000000025e+02,-1.454875040000000013e+02,-3.792500000000000000e+02
-1.734835970000000032e+02,-1.448234420000000000e+02,-3.780000000000000000e+02
-1.731515660000000025e+02,-1.448234420000000000e+02,-3.792500000000000000e+02
-1.734835970000000032e+02,-1.441593799999999987e+02,-3.780000000000000000e+02
-1.731515660000000025e+02,-1.441593799999999987e+02,-3.792500000000000000e+02
-1.731515660000000025e+02,-1.434953179999999975e+02,-3.792500000000000000e+02
-1.731515660000000025e+02,-1.428312559999999962e+02,-3.792500000000000000e+02
-1.731515660000000025e+02,-1.421671940000000234e+02,-3.792500000000000000e+02
-1.731515660000000025e+02,-1.415031320000000221e+02,-3.792500000000000000e+02
-1.734835970000000032e+02,-1.415031320000000221e+02,-3.680000000000000000e+02
-1.731515660000000025e+02,-1.408390700000000209e+02,-3.792500000000000000e+02
-1.731515660000000025e+02,-1.411711010000000215e+02,-3.680000000000000000e+02
-1.731515660000000025e+02,-1.408390700000000209e+02,-3.692500000000000000e+02
-1.731515660000000025e+02,-1.401750080000000196e+02,-3.792500000000000000e+02
-1.734835970000000032e+02,-1.401750080000000196e+02,-3.705000000000000000e+02
-1.731515660000000025e+02,-1.401750080000000196e+02,-3.692500000000000000e+02
-1.731515660000000025e+02,-1.395109460000000183e+02,-3.792500000000000000e+02
-1.734835970000000032e+02,-1.395109460000000183e+02,-3.705000000000000000e+02
-1.731515660000000025e+02,-1.395109460000000183e+02,-3.692500000000000000e+02
-1.731515660000000025e+02,-1.388468840000000171e+02,-3.792500000000000000e+02
-1.734835970000000032e+02,-1.388468840000000171e+02,-3.705000000000000000e+02
-1.731515660000000025e+02,-1.388468840000000171e+02,-3.692500000000000000e+02
-1.731515660000000025e+02,-1.385148530000000164e+02,-3.780000000000000000e+02
-1.731515660000000025e+02,-1.385148530000000164e+02,-3.755000000000000000e+02
-1.734835970000000032e+02,-1.381828220000000158e+02,-3.730000000000000000e+02
-1.731515660000000025e+02,-1.381828220000000158e+02,-3.742500000000000000e+02
-1.731515660000000025e+02,-1.381828220000000158e+02,-3.717500000000000000e+02
-1.731515660000000025e+02,-1.385148530000000164e+02,-3.705000000000000000e+02
-1.731515660000000025e+02,-1.378507910000000152e+02,-3.730000000000000000e+02
-1.728195350000000019e+02,-1.501359380000000101e+02,-3.755000000000000000e+02
-1.724875040000000013e+02,-1.501359380000000101e+02,-3.767500000000000000e+02
-1.724875040000000013e+02,-1.504679690000000107e+02,-3.755000000000000000e+02
-1.724875040000000013e+02,-1.501359380000000101e+02,-3.742500000000000000e+02
-1.724875040000000013e+02,-1.494718760000000088e+02,-3.767500000000000000e+02
-1.724875040000000013e+02,-1.494718760000000088e+02,-3.742500000000000000e+02
-1.728195350000000019e+02,-1.494718760000000088e+02,-3.705000000000000000e+02
-1.724875040000000013e+02,-1.494718760000000088e+02,-3.717500000000000000e+02
-1.724875040000000013e+02,-1.498039070000000095e+02,-3.705000000000000000e+02
-1.724875040000000013e+02,-1.494718760000000088e+02,-3.692500000000000000e+02
-1.724875040000000013e+02,-1.488078140000000076e+02,-3.767500000000000000e+02
-1.724875040000000013e+02,-1.491398450000000082e+02,-3.730000000000000000e+02
-1.728195350000000019e+02,-1.488078140000000076e+02,-3.730000000000000000e+02
-1.724875040000000013e+02,-1.488078140000000076e+02,-3.692500000000000000e+02
-1.728195350000000019e+02,-1.481437520000000063e+02,-3.780000000000000000e+02
-1.724875040000000013e+02,-1.481437520000000063e+02,-3.792500000000000000e+02
-1.724875040000000013e+02,-1.484757830000000070e+02,-3.780000000000000000e+02
-1.724875040000000013e+02,-1.484757830000000070e+02,-3.680000000000000000e+02
-1.724875040000000013e+02,-1.474796900000000051e+02,-3.792500000000000000e+02
-1.724875040000000013e+02,-1.468156280000000038e+02,-3.792500000000000000e+02
-1.724875040000000013e+02,-1.461515660000000025e+02,-3.792500000000000000e+02
-1.724875040000000013e+02,-1.454875040000000013e+02,-3.792500000000000000e+02
-1.724875040000000013e+02,-1.448234420000000000e+02,-3.792500000000000000e+02
-1.724875040000000013e+02,-1.441593799999999987e+02,-3.792500000000000000e+02
-1.724875040000000013e+02,-1.434953179999999975e+02,-3.792500000000000000e+02
-1.724875040000000013e+02,-1.428312559999999962e+02,-3.792500000000000000e+02
-1.724875040000000013e+02,-1.421671940000000234e+02,-3.792500000000000000e+02
-1.724875040000000013e+02,-1.415031320000000221e+02,-3.792500000000000000e+02
-1.724875040000000013e+02,-1.408390700000000209e+02,-3.792500000000000000e+02
-1.724875040000000013e+02,-1.411711010000000215e+02,-3.680000000000000000e+02
-1.724875040000000013e+02,-1.408390700000000209e+02,-3.692500000000000000e+02
-1.724875040000000013e+02,-1.401750080000000196e+02,-3.792500000000000000e+02
-1.724875040000000013e+02,-1.401750080000000196e+02,-3.692500000000000000e+02
-1.724875040000000013e+02,-1.395109460000000183e+02,-3.792500000000000000e+02
-1.724875040000000013e+02,-1.395109460000000183e+02,-3.692500000000000000e+02
-1.724875040000000013e+02,-1.388468840000000171e+02,-3.792500000000000000e+02
-1.724875040000000013e+02,-1.388468840000000171e+02,-3.692500000000000000e+02
-1.724875040000000013e+02,-1.385148530000000164e+02,-3.780000000000000000e+02
-1.724875040000000013e+02,-1.385148530000000164e+02,-3.755000000000000000e+02
-1.724875040000000013e+02,-1.381828220000000158e+02,-3.742500000000000000e+02
-1.724875040000000013e+02,-1.385148530000000164e+02,-3.705000000000000000e+02
-1.724875040000000013e+02,-1.381828220000000158e+02,-3.717500000000000000e+02
-1.728195350000000019e+02,-1.375187600000000145e+02,-3.730000000000000000e+02
-1.724875040000000013e+02,-1.375187600000000145e+02,-3.742500000000000000e+02
-1.724875040000000013e+02,-1.375187600000000145e+02,-3.717500000000000000e+02
-1.724875040000000013e+02,-1.371867290000000139e+02,-3.730000000000000000e+02
-1.718234420000000000e+02,-1.501359380000000101e+02,-3.767500000000000000e+02
-1.718234420000000000e+02,-1.504679690000000107e+02,-3.755000000000000000e+02
-1.718234420000000000e+02,-1.501359380000000101e+02,-3.742500000000000000e+02
-1.721554730000000006e+02,-1.494718760000000088e+02,-3.780000000000000000e+02
-1.718234420000000000e+02,-1.494718760000000088e+02,-3.792500000000000000e+02
-1.718234420000000000e+02,-1.498039070000000095e+02,-3.780000000000000000e+02
-1.718234420000000000e+02,-1.494718760000000088e+02,-3.742500000000000000e+02
-1.718234420000000000e+02,-1.494718760000000088e+02,-3.717500000000000000e+02
-1.718234420000000000e+02,-1.498039070000000095e+02,-3.705000000000000000e+02
-1.718234420000000000e+02,-1.494718760000000088e+02,-3.692500000000000000e+02
-1.721554730000000006e+02,-1.488078140000000076e+02,-3.780000000000000000e+02
-1.718234420000000000e+02,-1.488078140000000076e+02,-3.792500000000000000e+02
-1.718234420000000000e+02,-1.491398450000000082e+02,-3.730000000000000000e+02
-1.718234420000000000e+02,-1.488078140000000076e+02,-3.692500000000000000e+02
-1.718234420000000000e+02,-1.481437520000000063e+02,-3.792500000000000000e+02
-1.718234420000000000e+02,-1.484757830000000070e+02,-3.680000000000000000e+02
-1.718234420000000000e+02,-1.474796900000000051e+02,-3.792500000000000000e+02
-1.718234420000000000e+02,-1.468156280000000038e+02,-3.792500000000000000e+02
-1.718234420000000000e+02,-1.461515660000000025e+02,-3.792500000000000000e+02
-1.718234420000000000e+02,-1.454875040000000013e+02,-3.792500000000000000e+02
-1.718234420000000000e+02,-1.448234420000000000e+02,-3.792500000000000000e+02
-1.718234420000000000e+02,-1.441593799999999987e+02,-3.792500000000000000e+02
-1.718234420000000000e+02,-1.434953179999999975e+02,-3.792500000000000000e+02
-1.718234420000000000e+02,-1.428312559999999962e+02,-3.792500000000000000e+02
-1.718234420000000000e+02,-1.421671940000000234e+02,-3.792500000000000000e+02
-1.718234420000000000e+02,-1.415031320000000221e+02,-3.792500000000000000e+02
-1.718234420000000000e+02,-1.408390700000000209e+02,-3.792500000000000000e+02
-1.721554730000000006e+02,-1.408390700000000209e+02,-3.680000000000000000e+02
-1.718234420000000000e+02,-1.401750080000000196e+02,-3.792500000000000000e+02
-1.718234420000000000e+02,-1.405070390000000202e+02,-3.680000000000000000e+02
-1.718234420000000000e+02,-1.401750080000000196e+02,-3.692500000000000000e+02
-1.718234420000000000e+02,-1.395109460000000183e+02,-3.792500000000000000e+02
-1.718234420000000000e+02,-1.395109460000000183e+02,-3.692500000000000000e+02
-1.718234420000000000e+02,-1.388468840000000171e+02,-3.792500000000000000e+02
-1.718234420000000000e+02,-1.388468840000000171e+02,-3.692500000000000000e+02
-1.718234420000000000e+02,-1.385148530000000164e+02,-3.780000000000000000e+02
-1.721554730000000006e+02,-1.381828220000000158e+02,-3.755000000000000000e+02
-1.718234420000000000e+02,-1.381828220000000158e+02,-3.767500000000000000e+02
-1.718234420000000000e+02,-1.385148530000000164e+02,-3.705000000000000000e+02
-1.718234420000000000e+02,-1.381828220000000158e+02,-3.717500000000000000e+02
-1.721554730000000006e+02,-1.375187600000000145e+02,-3.755000000000000000e+02
-1.718234420000000000e+02,-1.375187600000000145e+02,-3.767500000000000000e+02
-1.718234420000000000e+02,-1.375187600000000145e+02,-3.717500000000000000e+02
-1.718234420000000000e+02,-1.371867290000000139e+02,-3.755000000000000000e+02
-1.718234420000000000e+02,-1.371867290000000139e+02,-3.730000000000000000e+02
-1.711593799999999987e+02,-1.501359380000000101e+02,-3.767500000000000000e+02
-1.711593799999999987e+02,-1.504679690000000107e+02,-3.755000000000000000e+02
-1.711593799999999987e+02,-1.501359380000000101e+02,-3.742500000000000000e+02
-1.711593799999999987e+02,-1.494718760000000088e+02,-3.792500000000000000e+02
-1.711593799999999987e+02,-1.498039070000000095e+02,-3.780000000000000000e+02
-1.711593799999999987e+02,-1.498039070000000095e+02,-3.730000000000000000e+02
-1.714914109999999994e+02,-1.494718760000000088e+02,-3.730000000000000000e+02
-1.711593799999999987e+02,-1.498039070000000095e+02,-3.705000000000000000e+02
-1.711593799999999987e+02,-1.494718760000000088e+02,-3.692500000000000000e+02
-1.711593799999999987e+02,-1.488078140000000076e+02,-3.792500000000000000e+02
-1.711593799999999987e+02,-1.488078140000000076e+02,-3.692500000000000000e+02
-1.711593799999999987e+02,-1.481437520000000063e+02,-3.792500000000000000e+02
-1.711593799999999987e+02,-1.484757830000000070e+02,-3.680000000000000000e+02
-1.711593799999999987e+02,-1.474796900000000051e+02,-3.792500000000000000e+02
-1.711593799999999987e+02,-1.468156280000000038e+02,-3.792500000000000000e+02
-1.711593799999999987e+02,-1.461515660000000025e+02,-3.792500000000000000e+02
-1.714914109999999994e+02,-1.454875040000000013e+02,-3.805000000000000000e+02
-1.711593799999999987e+02,-1.458195350000000019e+02,-3.805000000000000000e+02
-1.714914109999999994e+02,-1.448234420000000000e+02,-3.805000000000000000e+02
-1.714914109999999994e+02,-1.441593799999999987e+02,-3.805000000000000000e+02
-1.714914109999999994e+02,-1.434953179999999975e+02,-3.805000000000000000e+02
-1.714914109999999994e+02,-1.428312559999999962e+02,-3.805000000000000000e+02
-1.711593799999999987e+02,-1.424992250000000240e+02,-3.805000000000000000e+02
-1.711593799999999987e+02,-1.421671940000000234e+02,-3.792500000000000000e+02
-1.711593799999999987e+02,-1.415031320000000221e+02,-3.792500000000000000e+02
-1.711593799999999987e+02,-1.408390700000000209e+02,-3.792500000000000000e+02
-1.711593799999999987e+02,-1.401750080000000196e+02,-3.792500000000000000e+02
-1.711593799999999987e+02,-1.405070390000000202e+02,-3.680000000000000000e+02
-1.711593799999999987e+02,-1.401750080000000196e+02,-3.692500000000000000e+02
-1.711593799999999987e+02,-1.395109460000000183e+02,-3.792500000000000000e+02
-1.711593799999999987e+02,-1.395109460000000183e+02,-3.692500000000000000e+02
-1.711593799999999987e+02,-1.388468840000000171e+02,-3.792500000000000000e+02
-1.711593799999999987e+02,-1.388468840000000171e+02,-3.692500000000000000e+02
-1.711593799999999987e+02,-1.385148530000000164e+02,-3.780000000000000000e+02
-1.711593799999999987e+02,-1.381828220000000158e+02,-3.767500000000000000e+02
-1.714914109999999994e+02,-1.381828220000000158e+02,-3.705000000000000000e+02
-1.711593799999999987e+02,-1.381828220000000158e+02,-3.692500000000000000e+02
-1.711593799999999987e+02,-1.375187600000000145e+02,-3.767500000000000000e+02
-1.711593799999999987e+02,-1.378507910000000152e+02,-3.705000000000000000e+02
-1.711593799999999987e+02,-1.375187600000000145e+02,-3.717500000000000000e+02
-1.711593799999999987e+02,-1.371867290000000139e+02,-3.755000000000000000e+02
-1.711593799999999987e+02,-1.371867290000000139e+02,-3.730000000000000000e+02
-1.704953179999999975e+02,-1.501359380000000101e+02,-3.767500000000000000e+02
-1.704953179999999975e+02,-1.504679690000000107e+02,-3.755000000000000000e+02
-1.704953179999999975e+02,-1.501359380000000101e+02,-3.742500000000000000e+02
-1.704953179999999975e+02,-1.494718760000000088e+02,-3.792500000000000000e+02
-1.704953179999999975e+02,-1.498039070000000095e+02,-3.780000000000000000e+02
-1.704953179999999975e+02,-1.498039070000000095e+02,-3.730000000000000000e+02
-1.704953179999999975e+02,-1.498039070000000095e+02,-3.705000000000000000e+02
-1.704953179999999975e+02,-1.494718760000000088e+02,-3.692500000000000000e+02
-1.704953179999999975e+02,-1.488078140000000076e+02,-3.792500000000000000e+02
-1.704953179999999975e+02,-1.488078140000000076e+02,-3.692500000000000000e+02
-1.704953179999999975e+02,-1.481437520000000063e+02,-3.792500000000000000e+02
-1.704953179999999975e+02,-1.484757830000000070e+02,-3.680000000000000000e+02
-1.704953179999999975e+02,-1.474796900000000051e+02,-3.792500000000000000e+02
-1.704953179999999975e+02,-1.468156280000000038e+02,-3.792500000000000000e+02
-1.704953179999999975e+02,-1.461515660000000025e+02,-3.792500000000000000e+02
-1.704953179999999975e+02,-1.458195350000000019e+02,-3.805000000000000000e+02
-1.708273489999999981e+02,-1.421671940000000234e+02,-3.805000000000000000e+02
-1.708273489999999981e+02,-1.415031320000000221e+02,-3.805000000000000000e+02
-1.708273489999999981e+02,-1.408390700000000209e+02,-3.805000000000000000e+02
-1.704953179999999975e+02,-1.405070390000000202e+02,-3.805000000000000000e+02
-1.704953179999999975e+02,-1.401750080000000196e+02,-3.792500000000000000e+02
-1.704953179999999975e+02,-1.405070390000000202e+02,-3.680000000000000000e+02
-1.704953179999999975e+02,-1.401750080000000196e+02,-3.692500000000000000e+02
-1.704953179999999975e+02,-1.395109460000000183e+02,-3.792500000000000000e+02
-1.704953179999999975e+02,-1.395109460000000183e+02,-3.692500000000000000e+02
-1.704953179999999975e+02,-1.388468840000000171e+02,-3.792500000000000000e+02
-1.704953179999999975e+02,-1.388468840000000171e+02,-3.692500000000000000e+02
-1.708273489999999981e+02,-1.381828220000000158e+02,-3.780000000000000000e+02
-1.704953179999999975e+02,-1.381828220000000158e+02,-3.792500000000000000e+02
-1.704953179999999975e+02,-1.381828220000000158e+02,-3.692500000000000000e+02
-1.704953179999999975e+02,-1.378507910000000152e+02,-3.780000000000000000e+02
-1.704953179999999975e+02,-1.375187600000000145e+02,-3.767500000000000000e+02
-1.704953179999999975e+02,-1.378507910000000152e+02,-3.705000000000000000e+02
-1.704953179999999975e+02,-1.375187600000000145e+02,-3.717500000000000000e+02
-1.704953179999999975e+02,-1.371867290000000139e+02,-3.755000000000000000e+02
-1.708273489999999981e+02,-1.368546980000000133e+02,-3.730000000000000000e+02
-1.704953179999999975e+02,-1.368546980000000133e+02,-3.742500000000000000e+02
-1.704953179999999975e+02,-1.368546980000000133e+02,-3.717500000000000000e+02
-1.704953179999999975e+02,-1.365226670000000126e+02,-3.730000000000000000e+02
-1.698312559999999962e+02,-1.501359380000000101e+02,-3.767500000000000000e+02
-1.698312559999999962e+02,-1.504679690000000107e+02,-3.755000000000000000e+02
-1.698312559999999962e+02,-1.501359380000000101e+02,-3.742500000000000000e+02
-1.698312559999999962e+02,-1.494718760000000088e+02,-3.792500000000000000e+02
-1.698312559999999962e+02,-1.498039070000000095e+02,-3.780000000000000000e+02
-1.698312559999999962e+02,-1.498039070000000095e+02,-3.730000000000000000e+02
-1.698312559999999962e+02,-1.498039070000000095e+02,-3.705000000000000000e+02
-1.698312559999999962e+02,-1.494718760000000088e+02,-3.692500000000000000e+02
-1.698312559999999962e+02,-1.488078140000000076e+02,-3.792500000000000000e+02
-1.698312559999999962e+02,-1.488078140000000076e+02,-3.692500000000000000e+02
-1.698312559999999962e+02,-1.481437520000000063e+02,-3.792500000000000000e+02
-1.698312559999999962e+02,-1.484757830000000070e+02,-3.680000000000000000e+02
-1.698312559999999962e+02,-1.474796900000000051e+02,-3.792500000000000000e+02
-1.698312559999999962e+02,-1.468156280000000038e+02,-3.792500000000000000e+02
-1.701632870000000253e+02,-1.461515660000000025e+02,-3.805000000000000000e+02
-1.698312559999999962e+02,-1.464835970000000032e+02,-3.805000000000000000e+02
-1.701632870000000253e+02,-1.401750080000000196e+02,-3.805000000000000000e+02
-1.698312559999999962e+02,-1.405070390000000202e+02,-3.680000000000000000e+02
-1.698312559999999962e+02,-1.401750080000000196e+02,-3.692500000000000000e+02
-1.701632870000000253e+02,-1.395109460000000183e+02,-3.805000000000000000e+02
-1.698312559999999962e+02,-1.395109460000000183e+02,-3.692500000000000000e+02
-1.698312559999999962e+02,-1.391789150000000177e+02,-3.805000000000000000e+02
-1.698312559999999962e+02,-1.388468840000000171e+02,-3.792500000000000000e+02
-1.698312559999999962e+02,-1.388468840000000171e+02,-3.692500000000000000e+02
-1.698312559999999962e+02,-1.381828220000000158e+02,-3.792500000000000000e+02
-1.698312559999999962e+02,-1.381828220000000158e+02,-3.692500000000000000e+02
-1.698312559999999962e+02,-1.378507910000000152e+02,-3.780000000000000000e+02
-1.698312559999999962e+02,-1.375187600000000145e+02,-3.767500000000000000e+02
-1.701632870000000253e+02,-1.375187600000000145e+02,-3.705000000000000000e+02
-1.698312559999999962e+02,-1.375187600000000145e+02,-3.692500000000000000e+02
-1.698312559999999962e+02,-1.371867290000000139e+02,-3.755000000000000000e+02
-1.701632870000000253e+02,-1.368546980000000133e+02,-3.730000000000000000e+02
-1.698312559999999962e+02,-1.371867290000000139e+02,-3.730000000000000000e+02
-1.698312559999999962e+02,-1.371867290000000139e+02,-3.705000000000000000e+02
-1.694992250000000240e+02,-1.501359380000000101e+02,-3.755000000000000000e+02
-1.694992250000000240e+02,-1.494718760000000088e+02,-3.780000000000000000e+02
-1.691671940000000234e+02,-1.494718760000000088e+02,-3.767500000000000000e+02
-1.691671940000000234e+02,-1.498039070000000095e+02,-3.755000000000000000e+02
-1.691671940000000234e+02,-1.498039070000000095e+02,-3.730000000000000000e+02
-1.691671940000000234e+02,-1.498039070000000095e+02,-3.705000000000000000e+02
-1.691671940000000234e+02,-1.494718760000000088e+02,-3.692500000000000000e+02
-1.694992250000000240e+02,-1.488078140000000076e+02,-3.780000000000000000e+02
-1.691671940000000234e+02,-1.488078140000000076e+02,-3.767500000000000000e+02
-1.691671940000000234e+02,-1.488078140000000076e+02,-3.692500000000000000e+02
-1.691671940000000234e+02,-1.481437520000000063e+02,-3.792500000000000000e+02
-1.691671940000000234e+02,-1.484757830000000070e+02,-3.780000000000000000e+02
-1.691671940000000234e+02,-1.484757830000000070e+02,-3.680000000000000000e+02
-1.691671940000000234e+02,-1.474796900000000051e+02,-3.792500000000000000e+02
-1.691671940000000234e+02,-1.468156280000000038e+02,-3.792500000000000000e+02
-1.691671940000000234e+02,-1.464835970000000032e+02,-3.805000000000000000e+02
-1.691671940000000234e+02,-1.405070390000000202e+02,-3.680000000000000000e+02
-1.691671940000000234e+02,-1.401750080000000196e+02,-3.692500000000000000e+02
-1.691671940000000234e+02,-1.395109460000000183e+02,-3.692500000000000000e+02
-1.694992250000000240e+02,-1.388468840000000171e+02,-3.805000000000000000e+02
-1.691671940000000234e+02,-1.388468840000000171e+02,-3.692500000000000000e+02
-1.691671940000000234e+02,-1.385148530000000164e+02,-3.805000000000000000e+02
-1.691671940000000234e+02,-1.381828220000000158e+02,-3.792500000000000000e+02
-1.691671940000000234e+02,-1.381828220000000158e+02,-3.692500000000000000e+02
-1.691671940000000234e+02,-1.378507910000000152e+02,-3.780000000000000000e+02
-1.691671940000000234e+02,-1.375187600000000145e+02,-3.767500000000000000e+02
-1.691671940000000234e+02,-1.375187600000000145e+02,-3.692500000000000000e+02
-1.691671940000000234e+02,-1.371867290000000139e+02,-3.755000000000000000e+02
-1.691671940000000234e+02,-1.371867290000000139e+02,-3.730000000000000000e+02
-1.691671940000000234e+02,-1.371867290000000139e+02,-3.705000000000000000e+02
-1.685031320000000221e+02,-1.494718760000000088e+02,-3.767500000000000000e+02
-1.685031320000000221e+02,-1.498039070000000095e+02,-3.755000000000000000e+02
-1.685031320000000221e+02,-1.498039070000000095e+02,-3.730000000000000000e+02
-1.688351630000000227e+02,-1.494718760000000088e+02,-3.705000000000000000e+02
-1.685031320000000221e+02,-1.494718760000000088e+02,-3.717500000000000000e+02
-1.685031320000000221e+02,-1.488078140000000076e+02,-3.767500000000000000e+02
-1.685031320000000221e+02,-1.491398450000000082e+02,-3.705000000000000000e+02
-1.685031320000000221e+02,-1.488078140000000076e+02,-3.692500000000000000e+02
-1.688351630000000227e+02,-1.481437520000000063e+02,-3.780000000000000000e+02
-1.685031320000000221e+02,-1.481437520000000063e+02,-3.767500000000000000e+02
-1.685031320000000221e+02,-1.484757830000000070e+02,-3.680000000000000000e+02
-1.685031320000000221e+02,-1.474796900000000051e+02,-3.792500000000000000e+02
-1.685031320000000221e+02,-1.478117210000000057e+02,-3.780000000000000000e+02
-1.688351630000000227e+02,-1.468156280000000038e+02,-3.805000000000000000e+02
-1.685031320000000221e+02,-1.471476590000000044e+02,-3.805000000000000000e+02
-1.685031320000000221e+02,-1.405070390000000202e+02,-3.680000000000000000e+02
-1.685031320000000221e+02,-1.401750080000000196e+02,-3.692500000000000000e+02
-1.685031320000000221e+02,-1.395109460000000183e+02,-3.692500000000000000e+02
-1.685031320000000221e+02,-1.388468840000000171e+02,-3.692500000000000000e+02
-1.685031320000000221e+02,-1.385148530000000164e+02,-3.805000000000000000e+02
-1.685031320000000221e+02,-1.381828220000000158e+02,-3.792500000000000000e+02
-1.685031320000000221e+02,-1.381828220000000158e+02,-3.692500000000000000e+02
-1.688351630000000227e+02,-1.375187600000000145e+02,-3.780000000000000000e+02
-1.685031320000000221e+02,-1.375187600000000145e+02,-3.792500000000000000e+02
-1.688351630000000227e+02,-1.375187600000000145e+02,-3.730000000000000000e+02
-1.685031320000000221e+02,-1.378507910000000152e+02,-3.730000000000000000e+02
-1.685031320000000221e+02,-1.375187600000000145e+02,-3.742500000000000000e+02
-1.685031320000000221e+02,-1.375187600000000145e+02,-3.717500000000000000e+02
-1.685031320000000221e+02,-1.375187600000000145e+02,-3.692500000000000000e+02
-1.685031320000000221e+02,-1.371867290000000139e+02,-3.780000000000000000e+02
-1.688351630000000227e+02,-1.368546980000000133e+02,-3.755000000000000000e+02
-1.685031320000000221e+02,-1.368546980000000133e+02,-3.767500000000000000e+02
-1.685031320000000221e+02,-1.368546980000000133e+02,-3.742500000000000000e+02
-1.685031320000000221e+02,-1.371867290000000139e+02,-3.705000000000000000e+02
-1.685031320000000221e+02,-1.365226670000000126e+02,-3.755000000000000000e+02
-1.678390700000000209e+02,-1.494718760000000088e+02,-3.767500000000000000e+02
-1.678390700000000209e+02,-1.498039070000000095e+02,-3.755000000000000000e+02
-1.678390700000000209e+02,-1.498039070000000095e+02,-3.730000000000000000e+02
-1.678390700000000209e+02,-1.494718760000000088e+02,-3.717500000000000000e+02
-1.678390700000000209e+02,-1.488078140000000076e+02,-3.767500000000000000e+02
-1.678390700000000209e+02,-1.491398450000000082e+02,-3.705000000000000000e+02
-1.678390700000000209e+02,-1.488078140000000076e+02,-3.692500000000000000e+02
-1.678390700000000209e+02,-1.481437520000000063e+02,-3.767500000000000000e+02
-1.681711010000000215e+02,-1.481437520000000063e+02,-3.680000000000000000e+02
-1.678390700000000209e+02,-1.481437520000000063e+02,-3.692500000000000000e+02
-1.678390700000000209e+02,-1.474796900000000051e+02,-3.792500000000000000e+02
-1.678390700000000209e+02,-1.478117210000000057e+02,-3.780000000000000000e+02
-1.678390700000000209e+02,-1.478117210000000057e+02,-3.680000000000000000e+02
-1.678390700000000209e+02,-1.471476590000000044e+02,-3.805000000000000000e+02
-1.678390700000000209e+02,-1.405070390000000202e+02,-3.680000000000000000e+02
-1.678390700000000209e+02,-1.401750080000000196e+02,-3.692500000000000000e+02
-1.678390700000000209e+02,-1.395109460000000183e+02,-3.692500000000000000e+02
-1.678390700000000209e+02,-1.388468840000000171e+02,-3.692500000000000000e+02
-1.678390700000000209e+02,-1.385148530000000164e+02,-3.805000000000000000e+02
-1.678390700000000209e+02,-1.381828220000000158e+02,-3.792500000000000000e+02
-1.678390700000000209e+02,-1.381828220000000158e+02,-3.692500000000000000e+02
-1.678390700000000209e+02,-1.378507910000000152e+02,-3.780000000000000000e+02
-1.681711010000000215e+02,-1.375187600000000145e+02,-3.780000000000000000e+02
-1.678390700000000209e+02,-1.375187600000000145e+02,-3.767500000000000000e+02
-1.678390700000000209e+02,-1.378507910000000152e+02,-3.730000000000000000e+02
-1.678390700000000209e+02,-1.375187600000000145e+02,-3.742500000000000000e+02
-1.678390700000000209e+02,-1.375187600000000145e+02,-3.717500000000000000e+02
-1.678390700000000209e+02,-1.375187600000000145e+02,-3.692500000000000000e+02
-1.678390700000000209e+02,-1.368546980000000133e+02,-3.767500000000000000e+02
-1.678390700000000209e+02,-1.368546980000000133e+02,-3.742500000000000000e+02
-1.678390700000000209e+02,-1.371867290000000139e+02,-3.705000000000000000e+02
-1.678390700000000209e+02,-1.365226670000000126e+02,-3.755000000000000000e+02
-1.671750080000000196e+02,-1.494718760000000088e+02,-3.767500000000000000e+02
-1.671750080000000196e+02,-1.498039070000000095e+02,-3.755000000000000000e+02
-1.671750080000000196e+02,-1.498039070000000095e+02,-3.730000000000000000e+02
-1.671750080000000196e+02,-1.494718760000000088e+02,-3.717500000000000000e+02
-1.671750080000000196e+02,-1.488078140000000076e+02,-3.767500000000000000e+02
-1.675070390000000202e+02,-1.488078140000000076e+02,-3.705000000000000000e+02
-1.671750080000000196e+02,-1.488078140000000076e+02,-3.717500000000000000e+02
-1.671750080000000196e+02,-1.481437520000000063e+02,-3.767500000000000000e+02
-1.671750080000000196e+02,-1.484757830000000070e+02,-3.705000000000000000e+02
-1.671750080000000196e+02,-1.481437520000000063e+02,-3.692500000000000000e+02
-1.671750080000000196e+02,-1.474796900000000051e+02,-3.792500000000000000e+02
-1.671750080000000196e+02,-1.478117210000000057e+02,-3.780000000000000000e+02
-1.671750080000000196e+02,-1.478117210000000057e+02,-3.680000000000000000e+02
-1.671750080000000196e+02,-1.471476590000000044e+02,-3.805000000000000000e+02
-1.671750080000000196e+02,-1.405070390000000202e+02,-3.680000000000000000e+02
-1.671750080000000196e+02,-1.401750080000000196e+02,-3.692500000000000000e+02
-1.671750080000000196e+02,-1.395109460000000183e+02,-3.692500000000000000e+02
-1.671750080000000196e+02,-1.388468840000000171e+02,-3.692500000000000000e+02
-1.671750080000000196e+02,-1.385148530000000164e+02,-3.805000000000000000e+02
-1.671750080000000196e+02,-1.381828220000000158e+02,-3.792500000000000000e+02
-1.671750080000000196e+02,-1.381828220000000158e+02,-3.692500000000000000e+02
-1.671750080000000196e+02,-1.378507910000000152e+02,-3.780000000000000000e+02
-1.671750080000000196e+02,-1.375187600000000145e+02,-3.767500000000000000e+02
-1.671750080000000196e+02,-1.378507910000000152e+02,-3.730000000000000000e+02
-1.671750080000000196e+02,-1.375187600000000145e+02,-3.742500000000000000e+02
-1.675070390000000202e+02,-1.375187600000000145e+02,-3.705000000000000000e+02
-1.671750080000000196e+02,-1.378507910000000152e+02,-3.705000000000000000e+02
-1.671750080000000196e+02,-1.371867290000000139e+02,-3.755000000000000000e+02
-1.675070390000000202e+02,-1.368546980000000133e+02,-3.755000000000000000e+02
-1.668429770000000190e+02,-1.494718760000000088e+02,-3.755000000000000000e+02
-1.668429770000000190e+02,-1.494718760000000088e+02,-3.730000000000000000e+02
-1.665109460000000183e+02,-1.488078140000000076e+02,-3.767500000000000000e+02
-1.665109460000000183e+02,-1.491398450000000082e+02,-3.755000000000000000e+02
-1.665109460000000183e+02,-1.491398450000000082e+02,-3.730000000000000000e+02
-1.665109460000000183e+02,-1.488078140000000076e+02,-3.717500000000000000e+02
-1.665109460000000183e+02,-1.481437520000000063e+02,-3.767500000000000000e+02
-1.665109460000000183e+02,-1.484757830000000070e+02,-3.705000000000000000e+02
-1.665109460000000183e+02,-1.481437520000000063e+02,-3.692500000000000000e+02
-1.665109460000000183e+02,-1.474796900000000051e+02,-3.792500000000000000e+02
-1.665109460000000183e+02,-1.478117210000000057e+02,-3.780000000000000000e+02
-1.665109460000000183e+02,-1.478117210000000057e+02,-3.680000000000000000e+02
-1.668429770000000190e+02,-1.468156280000000038e+02,-3.805000000000000000e+02
-1.665109460000000183e+02,-1.468156280000000038e+02,-3.792500000000000000e+02
-1.665109460000000183e+02,-1.464835970000000032e+02,-3.805000000000000000e+02
-1.665109460000000183e+02,-1.405070390000000202e+02,-3.680000000000000000e+02
-1.665109460000000183e+02,-1.401750080000000196e+02,-3.692500000000000000e+02
-1.665109460000000183e+02,-1.395109460000000183e+02,-3.692500000000000000e+02
-1.665109460000000183e+02,-1.391789150000000177e+02,-3.805000000000000000e+02
-1.668429770000000190e+02,-1.388468840000000171e+02,-3.805000000000000000e+02
-1.665109460000000183e+02,-1.388468840000000171e+02,-3.792500000000000000e+02
-1.665109460000000183e+02,-1.388468840000000171e+02,-3.692500000000000000e+02
-1.668429770000000190e+02,-1.381828220000000158e+02,-3.780000000000000000e+02
-1.665109460000000183e+02,-1.385148530000000164e+02,-3.780000000000000000e+02
-1.665109460000000183e+02,-1.381828220000000158e+02,-3.767500000000000000e+02
-1.665109460000000183e+02,-1.381828220000000158e+02,-3.692500000000000000e+02
-1.668429770000000190e+02,-1.375187600000000145e+02,-3.755000000000000000e+02
-1.665109460000000183e+02,-1.378507910000000152e+02,-3.755000000000000000e+02
-1.665109460000000183e+02,-1.378507910000000152e+02,-3.730000000000000000e+02
-1.665109460000000183e+02,-1.378507910000000152e+02,-3.705000000000000000e+02
-1.661789150000000177e+02,-1.488078140000000076e+02,-3.755000000000000000e+02
-1.658468840000000171e+02,-1.488078140000000076e+02,-3.742500000000000000e+02
-1.658468840000000171e+02,-1.491398450000000082e+02,-3.730000000000000000e+02
-1.658468840000000171e+02,-1.488078140000000076e+02,-3.717500000000000000e+02
-1.658468840000000171e+02,-1.481437520000000063e+02,-3.767500000000000000e+02
-1.658468840000000171e+02,-1.484757830000000070e+02,-3.755000000000000000e+02
-1.661789150000000177e+02,-1.481437520000000063e+02,-3.705000000000000000e+02
-1.658468840000000171e+02,-1.481437520000000063e+02,-3.717500000000000000e+02
-1.658468840000000171e+02,-1.474796900000000051e+02,-3.792500000000000000e+02
-1.658468840000000171e+02,-1.478117210000000057e+02,-3.780000000000000000e+02
-1.658468840000000171e+02,-1.478117210000000057e+02,-3.705000000000000000e+02
-1.661789150000000177e+02,-1.474796900000000051e+02,-3.680000000000000000e+02
-1.658468840000000171e+02,-1.474796900000000051e+02,-3.692500000000000000e+02
-1.658468840000000171e+02,-1.468156280000000038e+02,-3.792500000000000000e+02
-1.658468840000000171e+02,-1.471476590000000044e+02,-3.680000000000000000e+02
-1.658468840000000171e+02,-1.464835970000000032e+02,-3.805000000000000000e+02
-1.658468840000000171e+02,-1.405070390000000202e+02,-3.805000000000000000e+02
-1.661789150000000177e+02,-1.401750080000000196e+02,-3.805000000000000000e+02
-1.658468840000000171e+02,-1.401750080000000196e+02,-3.792500000000000000e+02
-1.658468840000000171e+02,-1.405070390000000202e+02,-3.680000000000000000e+02
-1.658468840000000171e+02,-1.401750080000000196e+02,-3.692500000000000000e+02
-1.658468840000000171e+02,-1.398429770000000190e+02,-3.780000000000000000e+02
-1.661789150000000177e+02,-1.395109460000000183e+02,-3.780000000000000000e+02
-1.661789150000000177e+02,-1.395109460000000183e+02,-3.805000000000000000e+02
-1.658468840000000171e+02,-1.395109460000000183e+02,-3.767500000000000000e+02
-1.658468840000000171e+02,-1.395109460000000183e+02,-3.692500000000000000e+02
-1.661789150000000177e+02,-1.388468840000000171e+02,-3.780000000000000000e+02
-1.658468840000000171e+02,-1.388468840000000171e+02,-3.767500000000000000e+02
-1.658468840000000171e+02,-1.388468840000000171e+02,-3.692500000000000000e+02
-1.658468840000000171e+02,-1.381828220000000158e+02,-3.767500000000000000e+02
-1.658468840000000171e+02,-1.381828220000000158e+02,-3.692500000000000000e+02
-1.658468840000000171e+02,-1.378507910000000152e+02,-3.755000000000000000e+02
-1.658468840000000171e+02,-1.378507910000000152e+02,-3.730000000000000000e+02
-1.661789150000000177e+02,-1.375187600000000145e+02,-3.705000000000000000e+02
-1.658468840000000171e+02,-1.375187600000000145e+02,-3.717500000000000000e+02
-1.658468840000000171e+02,-1.375187600000000145e+02,-3.692500000000000000e+02
-1.658468840000000171e+02,-1.371867290000000139e+02,-3.705000000000000000e+02
-1.655148530000000164e+02,-1.488078140000000076e+02,-3.730000000000000000e+02
-1.655148530000000164e+02,-1.481437520000000063e+02,-3.755000000000000000e+02
-1.655148530000000164e+02,-1.481437520000000063e+02,-3.730000000000000000e+02
-1.655148530000000164e+02,-1.474796900000000051e+02,-3.780000000000000000e+02
-1.655148530000000164e+02,-1.474796900000000051e+02,-3.755000000000000000e+02
-1.655148530000000164e+02,-1.474796900000000051e+02,-3.730000000000000000e+02
-1.655148530000000164e+02,-1.474796900000000051e+02,-3.705000000000000000e+02
-1.651828220000000158e+02,-1.468156280000000038e+02,-3.792500000000000000e+02
-1.651828220000000158e+02,-1.471476590000000044e+02,-3.780000000000000000e+02
-1.651828220000000158e+02,-1.471476590000000044e+02,-3.755000000000000000e+02
-1.651828220000000158e+02,-1.471476590000000044e+02,-3.730000000000000000e+02
-1.651828220000000158e+02,-1.471476590000000044e+02,-3.705000000000000000e+02
-1.651828220000000158e+02,-1.471476590000000044e+02,-3.680000000000000000e+02
-1.651828220000000158e+02,-1.464835970000000032e+02,-3.805000000000000000e+02
-1.651828220000000158e+02,-1.424992250000000240e+02,-3.805000000000000000e+02
-1.655148530000000164e+02,-1.421671940000000234e+02,-3.805000000000000000e+02
-1.651828220000000158e+02,-1.421671940000000234e+02,-3.792500000000000000e+02
-1.651828220000000158e+02,-1.415031320000000221e+02,-3.792500000000000000e+02
-1.655148530000000164e+02,-1.415031320000000221e+02,-3.805000000000000000e+02
-1.651828220000000158e+02,-1.408390700000000209e+02,-3.792500000000000000e+02
-1.655148530000000164e+02,-1.408390700000000209e+02,-3.805000000000000000e+02
-1.651828220000000158e+02,-1.401750080000000196e+02,-3.792500000000000000e+02
-1.651828220000000158e+02,-1.405070390000000202e+02,-3.680000000000000000e+02
-1.651828220000000158e+02,-1.401750080000000196e+02,-3.692500000000000000e+02
-1.651828220000000158e+02,-1.398429770000000190e+02,-3.780000000000000000e+02
-1.651828220000000158e+02,-1.395109460000000183e+02,-3.767500000000000000e+02
-1.651828220000000158e+02,-1.395109460000000183e+02,-3.692500000000000000e+02
-1.651828220000000158e+02,-1.388468840000000171e+02,-3.767500000000000000e+02
-1.651828220000000158e+02,-1.388468840000000171e+02,-3.692500000000000000e+02
-1.651828220000000158e+02,-1.385148530000000164e+02,-3.755000000000000000e+02
-1.655148530000000164e+02,-1.381828220000000158e+02,-3.755000000000000000e+02
-1.655148530000000164e+02,-1.381828220000000158e+02,-3.730000000000000000e+02
-1.651828220000000158e+02,-1.385148530000000164e+02,-3.730000000000000000e+02
-1.651828220000000158e+02,-1.381828220000000158e+02,-3.717500000000000000e+02
-1.651828220000000158e+02,-1.381828220000000158e+02,-3.692500000000000000e+02
-1.651828220000000158e+02,-1.375187600000000145e+02,-3.717500000000000000e+02
-1.651828220000000158e+02,-1.375187600000000145e+02,-3.692500000000000000e+02
-1.651828220000000158e+02,-1.371867290000000139e+02,-3.705000000000000000e+02
-1.645187600000000145e+02,-1.468156280000000038e+02,-3.792500000000000000e+02
-1.645187600000000145e+02,-1.471476590000000044e+02,-3.780000000000000000e+02
-1.645187600000000145e+02,-1.471476590000000044e+02,-3.755000000000000000e+02
-1.648507910000000152e+02,-1.468156280000000038e+02,-3.730000000000000000e+02
-1.645187600000000145e+02,-1.468156280000000038e+02,-3.742500000000000000e+02
-1.648507910000000152e+02,-1.468156280000000038e+02,-3.705000000000000000e+02
-1.648507910000000152e+02,-1.468156280000000038e+02,-3.680000000000000000e+02
-1.648507910000000152e+02,-1.461515660000000025e+02,-3.805000000000000000e+02
-1.645187600000000145e+02,-1.461515660000000025e+02,-3.792500000000000000e+02
-1.645187600000000145e+02,-1.464835970000000032e+02,-3.730000000000000000e+02
-1.645187600000000145e+02,-1.464835970000000032e+02,-3.705000000000000000e+02
-1.645187600000000145e+02,-1.464835970000000032e+02,-3.680000000000000000e+02
-1.645187600000000145e+02,-1.458195350000000019e+02,-3.805000000000000000e+02
-1.645187600000000145e+02,-1.438273489999999981e+02,-3.805000000000000000e+02
-1.648507910000000152e+02,-1.434953179999999975e+02,-3.805000000000000000e+02
-1.645187600000000145e+02,-1.434953179999999975e+02,-3.792500000000000000e+02
-1.645187600000000145e+02,-1.428312559999999962e+02,-3.792500000000000000e+02
-1.648507910000000152e+02,-1.428312559999999962e+02,-3.805000000000000000e+02
-1.645187600000000145e+02,-1.421671940000000234e+02,-3.792500000000000000e+02
-1.645187600000000145e+02,-1.415031320000000221e+02,-3.792500000000000000e+02
-1.645187600000000145e+02,-1.408390700000000209e+02,-3.792500000000000000e+02
-1.648507910000000152e+02,-1.408390700000000209e+02,-3.680000000000000000e+02
-1.645187600000000145e+02,-1.411711010000000215e+02,-3.680000000000000000e+02
-1.645187600000000145e+02,-1.408390700000000209e+02,-3.692500000000000000e+02
-1.645187600000000145e+02,-1.401750080000000196e+02,-3.792500000000000000e+02
-1.645187600000000145e+02,-1.401750080000000196e+02,-3.692500000000000000e+02
-1.645187600000000145e+02,-1.398429770000000190e+02,-3.780000000000000000e+02
-1.645187600000000145e+02,-1.395109460000000183e+02,-3.767500000000000000e+02
-1.645187600000000145e+02,-1.395109460000000183e+02,-3.692500000000000000e+02
-1.645187600000000145e+02,-1.388468840000000171e+02,-3.767500000000000000e+02
-1.645187600000000145e+02,-1.388468840000000171e+02,-3.692500000000000000e+02
-1.645187600000000145e+02,-1.385148530000000164e+02,-3.755000000000000000e+02
-1.645187600000000145e+02,-1.385148530000000164e+02,-3.730000000000000000e+02
-1.645187600000000145e+02,-1.381828220000000158e+02,-3.717500000000000000e+02
-1.645187600000000145e+02,-1.381828220000000158e+02,-3.692500000000000000e+02
-1.645187600000000145e+02,-1.375187600000000145e+02,-3.717500000000000000e+02
-1.645187600000000145e+02,-1.375187600000000145e+02,-3.692500000000000000e+02
-1.645187600000000145e+02,-1.371867290000000139e+02,-3.705000000000000000e+02
-1.638546980000000133e+02,-1.468156280000000038e+02,-3.792500000000000000e+02
-1.638546980000000133e+02,-1.471476590000000044e+02,-3.780000000000000000e+02
-1.641867290000000139e+02,-1.468156280000000038e+02,-3.755000000000000000e+02
-1.638546980000000133e+02,-1.468156280000000038e+02,-3.767500000000000000e+02
-1.638546980000000133e+02,-1.461515660000000025e+02,-3.792500000000000000e+02
-1.638546980000000133e+02,-1.464835970000000032e+02,-3.755000000000000000e+02
-1.641867290000000139e+02,-1.461515660000000025e+02,-3.730000000000000000e+02
-1.638546980000000133e+02,-1.461515660000000025e+02,-3.742500000000000000e+02
-1.641867290000000139e+02,-1.461515660000000025e+02,-3.705000000000000000e+02
-1.641867290000000139e+02,-1.461515660000000025e+02,-3.680000000000000000e+02
-1.641867290000000139e+02,-1.454875040000000013e+02,-3.805000000000000000e+02
-1.638546980000000133e+02,-1.454875040000000013e+02,-3.792500000000000000e+02
-1.638546980000000133e+02,-1.458195350000000019e+02,-3.730000000000000000e+02
-1.638546980000000133e+02,-1.458195350000000019e+02,-3.705000000000000000e+02
-1.638546980000000133e+02,-1.454875040000000013e+02,-3.692500000000000000e+02
-1.641867290000000139e+02,-1.454875040000000013e+02,-3.680000000000000000e+02
-1.638546980000000133e+02,-1.448234420000000000e+02,-3.792500000000000000e+02
-1.641867290000000139e+02,-1.448234420000000000e+02,-3.805000000000000000e+02
-1.638546980000000133e+02,-1.451554730000000006e+02,-3.680000000000000000e+02
-1.638546980000000133e+02,-1.441593799999999987e+02,-3.792500000000000000e+02
-1.641867290000000139e+02,-1.441593799999999987e+02,-3.805000000000000000e+02
-1.638546980000000133e+02,-1.434953179999999975e+02,-3.792500000000000000e+02
-1.638546980000000133e+02,-1.428312559999999962e+02,-3.792500000000000000e+02
-1.638546980000000133e+02,-1.421671940000000234e+02,-3.792500000000000000e+02
-1.641867290000000139e+02,-1.421671940000000234e+02,-3.680000000000000000e+02
-1.638546980000000133e+02,-1.424992250000000240e+02,-3.680000000000000000e+02
-1.638546980000000133e+02,-1.421671940000000234e+02,-3.692500000000000000e+02
-1.638546980000000133e+02,-1.415031320000000221e+02,-3.792500000000000000e+02
-1.641867290000000139e+02,-1.415031320000000221e+02,-3.680000000000000000e+02
-1.638546980000000133e+02,-1.415031320000000221e+02,-3.692500000000000000e+02
-1.638546980000000133e+02,-1.411711010000000215e+02,-3.780000000000000000e+02
-1.641867290000000139e+02,-1.408390700000000209e+02,-3.780000000000000000e+02
-1.638546980000000133e+02,-1.408390700000000209e+02,-3.767500000000000000e+02
-1.638546980000000133e+02,-1.408390700000000209e+02,-3.692500000000000000e+02
-1.641867290000000139e+02,-1.401750080000000196e+02,-3.780000000000000000e+02
-1.638546980000000133e+02,-1.401750080000000196e+02,-3.767500000000000000e+02
-1.638546980000000133e+02,-1.401750080000000196e+02,-3.692500000000000000e+02
-1.638546980000000133e+02,-1.395109460000000183e+02,-3.767500000000000000e+02
-1.638546980000000133e+02,-1.395109460000000183e+02,-3.692500000000000000e+02
-1.638546980000000133e+02,-1.388468840000000171e+02,-3.767500000000000000e+02
-1.641867290000000139e+02,-1.388468840000000171e+02,-3.730000000000000000e+02
-1.638546980000000133e+02,-1.391789150000000177e+02,-3.730000000000000000e+02
-1.638546980000000133e+02,-1.388468840000000171e+02,-3.742500000000000000e+02
-1.638546980000000133e+02,-1.388468840000000171e+02,-3.717500000000000000e+02
-1.638546980000000133e+02,-1.388468840000000171e+02,-3.692500000000000000e+02
-1.638546980000000133e+02,-1.385148530000000164e+02,-3.755000000000000000e+02
-1.638546980000000133e+02,-1.381828220000000158e+02,-3.717500000000000000e+02
-1.638546980000000133e+02,-1.381828220000000158e+02,-3.692500000000000000e+02
-1.638546980000000133e+02,-1.375187600000000145e+02,-3.717500000000000000e+02
-1.638546980000000133e+02,-1.375187600000000145e+02,-3.692500000000000000e+02
-1.638546980000000133e+02,-1.371867290000000139e+02,-3.705000000000000000e+02
-1.635226670000000126e+02,-1.468156280000000038e+02,-3.780000000000000000e+02
-1.635226670000000126e+02,-1.461515660000000025e+02,-3.780000000000000000e+02
-1.635226670000000126e+02,-1.461515660000000025e+02,-3.755000000000000000e+02
-1.631906360000000120e+02,-1.454875040000000013e+02,-3.792500000000000000e+02
-1.631906360000000120e+02,-1.458195350000000019e+02,-3.780000000000000000e+02
-1.631906360000000120e+02,-1.458195350000000019e+02,-3.755000000000000000e+02
-1.631906360000000120e+02,-1.458195350000000019e+02,-3.730000000000000000e+02
-1.635226670000000126e+02,-1.454875040000000013e+02,-3.705000000000000000e+02
-1.631906360000000120e+02,-1.454875040000000013e+02,-3.717500000000000000e+02
-1.631906360000000120e+02,-1.448234420000000000e+02,-3.792500000000000000e+02
-1.631906360000000120e+02,-1.451554730000000006e+02,-3.705000000000000000e+02
-1.635226670000000126e+02,-1.448234420000000000e+02,-3.680000000000000000e+02
-1.631906360000000120e+02,-1.448234420000000000e+02,-3.692500000000000000e+02
-1.631906360000000120e+02,-1.441593799999999987e+02,-3.792500000000000000e+02
-1.635226670000000126e+02,-1.441593799999999987e+02,-3.680000000000000000e+02
-1.631906360000000120e+02,-1.441593799999999987e+02,-3.692500000000000000e+02
-1.631906360000000120e+02,-1.434953179999999975e+02,-3.792500000000000000e+02
-1.635226670000000126e+02,-1.434953179999999975e+02,-3.680000000000000000e+02
-1.631906360000000120e+02,-1.434953179999999975e+02,-3.692500000000000000e+02
-1.631906360000000120e+02,-1.428312559999999962e+02,-3.792500000000000000e+02
-1.635226670000000126e+02,-1.428312559999999962e+02,-3.680000000000000000e+02
-1.631906360000000120e+02,-1.428312559999999962e+02,-3.692500000000000000e+02
-1.631906360000000120e+02,-1.421671940000000234e+02,-3.792500000000000000e+02
-1.631906360000000120e+02,-1.421671940000000234e+02,-3.692500000000000000e+02
-1.631906360000000120e+02,-1.418351630000000227e+02,-3.780000000000000000e+02
-1.635226670000000126e+02,-1.415031320000000221e+02,-3.780000000000000000e+02
-1.631906360000000120e+02,-1.415031320000000221e+02,-3.767500000000000000e+02
-1.631906360000000120e+02,-1.415031320000000221e+02,-3.692500000000000000e+02
-1.631906360000000120e+02,-1.408390700000000209e+02,-3.767500000000000000e+02
-1.631906360000000120e+02,-1.408390700000000209e+02,-3.692500000000000000e+02
-1.631906360000000120e+02,-1.401750080000000196e+02,-3.767500000000000000e+02
-1.631906360000000120e+02,-1.401750080000000196e+02,-3.692500000000000000e+02
-1.631906360000000120e+02,-1.395109460000000183e+02,-3.767500000000000000e+02
-1.635226670000000126e+02,-1.395109460000000183e+02,-3.730000000000000000e+02
-1.631906360000000120e+02,-1.398429770000000190e+02,-3.730000000000000000e+02
-1.631906360000000120e+02,-1.395109460000000183e+02,-3.742500000000000000e+02
-1.635226670000000126e+02,-1.395109460000000183e+02,-3.705000000000000000e+02
-1.631906360000000120e+02,-1.398429770000000190e+02,-3.705000000000000000e+02
-1.631906360000000120e+02,-1.391789150000000177e+02,-3.755000000000000000e+02
-1.635226670000000126e+02,-1.388468840000000171e+02,-3.755000000000000000e+02
-1.635226670000000126e+02,-1.388468840000000171e+02,-3.705000000000000000e+02
-1.635226670000000126e+02,-1.381828220000000158e+02,-3.705000000000000000e+02
-1.635226670000000126e+02,-1.375187600000000145e+02,-3.705000000000000000e+02
-1.628586050000000114e+02,-1.454875040000000013e+02,-3.780000000000000000e+02
-1.628586050000000114e+02,-1.454875040000000013e+02,-3.755000000000000000e+02
-1.628586050000000114e+02,-1.454875040000000013e+02,-3.730000000000000000e+02
-1.628586050000000114e+02,-1.448234420000000000e+02,-3.780000000000000000e+02
-1.628586050000000114e+02,-1.448234420000000000e+02,-3.755000000000000000e+02
-1.625265740000000108e+02,-1.448234420000000000e+02,-3.742500000000000000e+02
-1.625265740000000108e+02,-1.451554730000000006e+02,-3.730000000000000000e+02
-1.628586050000000114e+02,-1.448234420000000000e+02,-3.705000000000000000e+02
-1.625265740000000108e+02,-1.448234420000000000e+02,-3.717500000000000000e+02
-1.628586050000000114e+02,-1.441593799999999987e+02,-3.780000000000000000e+02
-1.628586050000000114e+02,-1.441593799999999987e+02,-3.755000000000000000e+02
-1.625265740000000108e+02,-1.441593799999999987e+02,-3.742500000000000000e+02
-1.628586050000000114e+02,-1.441593799999999987e+02,-3.705000000000000000e+02
-1.625265740000000108e+02,-1.441593799999999987e+02,-3.717500000000000000e+02
-1.628586050000000114e+02,-1.434953179999999975e+02,-3.780000000000000000e+02
-1.628586050000000114e+02,-1.434953179999999975e+02,-3.755000000000000000e+02
-1.625265740000000108e+02,-1.434953179999999975e+02,-3.742500000000000000e+02
-1.628586050000000114e+02,-1.434953179999999975e+02,-3.705000000000000000e+02
-1.625265740000000108e+02,-1.434953179999999975e+02,-3.717500000000000000e+02
-1.628586050000000114e+02,-1.428312559999999962e+02,-3.780000000000000000e+02
-1.628586050000000114e+02,-1.428312559999999962e+02,-3.755000000000000000e+02
-1.625265740000000108e+02,-1.428312559999999962e+02,-3.742500000000000000e+02
-1.628586050000000114e+02,-1.428312559999999962e+02,-3.705000000000000000e+02
-1.625265740000000108e+02,-1.428312559999999962e+02,-3.717500000000000000e+02
-1.628586050000000114e+02,-1.421671940000000234e+02,-3.780000000000000000e+02
-1.625265740000000108e+02,-1.421671940000000234e+02,-3.767500000000000000e+02
-1.625265740000000108e+02,-1.424992250000000240e+02,-3.755000000000000000e+02
-1.625265740000000108e+02,-1.424992250000000240e+02,-3.705000000000000000e+02
-1.625265740000000108e+02,-1.421671940000000234e+02,-3.692500000000000000e+02
-1.625265740000000108e+02,-1.415031320000000221e+02,-3.767500000000000000e+02
-1.625265740000000108e+02,-1.415031320000000221e+02,-3.692500000000000000e+02
-1.625265740000000108e+02,-1.408390700000000209e+02,-3.767500000000000000e+02
-1.628586050000000114e+02,-1.408390700000000209e+02,-3.705000000000000000e+02
-1.625265740000000108e+02,-1.411711010000000215e+02,-3.705000000000000000e+02
-1.625265740000000108e+02,-1.408390700000000209e+02,-3.717500000000000000e+02
-1.625265740000000108e+02,-1.405070390000000202e+02,-3.755000000000000000e+02
-1.628586050000000114e+02,-1.401750080000000196e+02,-3.755000000000000000e+02
-1.628586050000000114e+02,-1.401750080000000196e+02,-3.730000000000000000e+02
-1.625265740000000108e+02,-1.405070390000000202e+02,-3.730000000000000000e+02
-1.628586050000000114e+02,-1.401750080000000196e+02,-3.705000000000000000e+02
-1.628586050000000114e+02,-1.395109460000000183e+02,-3.755000000000000000e+02
-1.621945430000000101e+02,-1.448234420000000000e+02,-3.730000000000000000e+02
-1.618625120000000095e+02,-1.441593799999999987e+02,-3.742500000000000000e+02
-1.618625120000000095e+02,-1.444914109999999994e+02,-3.730000000000000000e+02
-1.618625120000000095e+02,-1.441593799999999987e+02,-3.717500000000000000e+02
-1.618625120000000095e+02,-1.434953179999999975e+02,-3.742500000000000000e+02
-1.618625120000000095e+02,-1.434953179999999975e+02,-3.717500000000000000e+02
-1.618625120000000095e+02,-1.428312559999999962e+02,-3.742500000000000000e+02
-1.618625120000000095e+02,-1.428312559999999962e+02,-3.717500000000000000e+02
-1.621945430000000101e+02,-1.421671940000000234e+02,-3.755000000000000000e+02
-1.618625120000000095e+02,-1.421671940000000234e+02,-3.742500000000000000e+02
-1.621945430000000101e+02,-1.421671940000000234e+02,-3.705000000000000000e+02
-1.618625120000000095e+02,-1.421671940000000234e+02,-3.717500000000000000e+02
-1.621945430000000101e+02,-1.415031320000000221e+02,-3.755000000000000000e+02
-1.618625120000000095e+02,-1.418351630000000227e+02,-3.730000000000000000e+02
-1.621945430000000101e+02,-1.415031320000000221e+02,-3.730000000000000000e+02
-1.621945430000000101e+02,-1.415031320000000221e+02,-3.705000000000000000e+02
-1.621945430000000101e+02,-1.408390700000000209e+02,-3.755000000000000000e+02
-1.621945430000000101e+02,-1.408390700000000209e+02,-3.730000000000000000e+02
-1.615304810000000089e+02,-1.441593799999999987e+02,-3.730000000000000000e+02
-1.615304810000000089e+02,-1.434953179999999975e+02,-3.730000000000000000e+02
-1.615304810000000089e+02,-1.428312559999999962e+02,-3.730000000000000000e+02
-1.615304810000000089e+02,-1.421671940000000234e+02,-3.730000000000000000e+02
