-2.106452979999999968e+02,-2.250585910000000069e+02,-3.430000000000000000e+02
-2.250203059999999766e+02,-2.246093720000000076e+02,-3.342500000000000000e+02
-2.286140580000000000e+02,-2.138281159999999943e+02,-3.342500000000000000e+02
-2.349031239999999912e+02,-2.228124960000000101e+02,-3.392500000000000000e+02
-2.124421739999999943e+02,-2.088867070000000012e+02,-3.380000000000000000e+02
-2.223249919999999804e+02,-2.264062480000000050e+02,-3.342500000000000000e+02
-2.169343639999999880e+02,-2.273046860000000038e+02,-3.367500000000000000e+02
-2.286140580000000000e+02,-2.174218679999999893e+02,-3.317500000000000000e+02
-2.187312399999999855e+02,-2.070898310000000038e+02,-3.405000000000000000e+02
-2.124421739999999943e+02,-2.273046860000000038e+02,-3.317500000000000000e+02
-2.052546699999999760e+02,-2.183203059999999880e+02,-3.367500000000000000e+02
-2.223249919999999804e+02,-2.255078100000000063e+02,-3.317500000000000000e+02
-2.106452979999999968e+02,-2.246093720000000076e+02,-3.342500000000000000e+02
-2.061531079999999747e+02,-2.120312399999999968e+02,-3.417500000000000000e+02
-2.187312399999999855e+02,-2.259570290000000057e+02,-3.280000000000000000e+02
-2.052546699999999760e+02,-2.115820209999999975e+02,-3.430000000000000000e+02
-2.187312399999999855e+02,-2.273046860000000038e+02,-3.317500000000000000e+02
-2.232234299999999791e+02,-2.075390500000000031e+02,-3.417500000000000000e+02
-2.124421739999999943e+02,-2.120312399999999968e+02,-3.317500000000000000e+02
-2.173835829999999874e+02,-2.268554670000000044e+02,-3.367500000000000000e+02
-2.106452979999999968e+02,-2.255078100000000063e+02,-3.292500000000000000e+02
-2.304109339999999975e+02,-2.129296779999999956e+02,-3.367500000000000000e+02
-2.304109339999999975e+02,-2.277539050000000032e+02,-3.430000000000000000e+02
-2.124421739999999943e+02,-2.273046860000000038e+02,-3.367500000000000000e+02
-2.223249919999999804e+02,-2.093359260000000006e+02,-3.342500000000000000e+02
-2.205281159999999829e+02,-2.120312399999999968e+02,-3.317500000000000000e+02
-2.259187440000000038e+02,-2.264062480000000050e+02,-3.342500000000000000e+02
-2.223249919999999804e+02,-2.066406120000000044e+02,-3.417500000000000000e+02
-2.092976409999999987e+02,-2.093359260000000006e+02,-3.380000000000000000e+02
-2.223249919999999804e+02,-2.250585910000000069e+02,-3.380000000000000000e+02
-2.057038890000000038e+02,-2.210156200000000126e+02,-3.430000000000000000e+02
-2.326570289999999943e+02,-2.147265539999999930e+02,-3.405000000000000000e+02
-2.178328019999999867e+02,-2.079882690000000025e+02,-3.355000000000000000e+02
-2.124421739999999943e+02,-2.102343639999999994e+02,-3.342500000000000000e+02
-2.075007650000000012e+02,-2.264062480000000050e+02,-3.280000000000000000e+02
-2.268171820000000025e+02,-2.264062480000000050e+02,-3.417500000000000000e+02
-2.281648390000000006e+02,-2.228124960000000101e+02,-3.355000000000000000e+02
-2.178328019999999867e+02,-2.255078100000000063e+02,-3.392500000000000000e+02
-2.101960789999999974e+02,-2.228124960000000101e+02,-3.355000000000000000e+02
-2.236726489999999785e+02,-2.057421740000000057e+02,-3.380000000000000000e+02
-2.124421739999999943e+02,-2.097851450000000000e+02,-3.355000000000000000e+02
-2.349031239999999912e+02,-2.201171820000000139e+02,-3.417500000000000000e+02
-2.304109339999999975e+02,-2.228124960000000101e+02,-3.367500000000000000e+02
-2.119929549999999949e+02,-2.255078100000000063e+02,-3.380000000000000000e+02
-2.106452979999999968e+02,-2.102343639999999994e+02,-3.367500000000000000e+02
-2.119929549999999949e+02,-2.246093720000000076e+02,-3.430000000000000000e+02
-2.295124959999999987e+02,-2.259570290000000057e+02,-3.380000000000000000e+02
-2.124421739999999943e+02,-2.120312399999999968e+02,-3.292500000000000000e+02
-2.250203059999999766e+02,-2.102343639999999994e+02,-3.342500000000000000e+02
-2.160359259999999892e+02,-2.259570290000000057e+02,-3.280000000000000000e+02
-2.070515460000000019e+02,-2.255078100000000063e+02,-3.292500000000000000e+02
-2.295124959999999987e+02,-2.219140580000000114e+02,-3.342500000000000000e+02
-2.232234299999999791e+02,-2.273046860000000038e+02,-3.417500000000000000e+02
-2.205281159999999829e+02,-2.246093720000000076e+02,-3.417500000000000000e+02
-2.106452979999999968e+02,-2.273046860000000038e+02,-3.292500000000000000e+02
-2.133406119999999930e+02,-2.255078100000000063e+02,-3.392500000000000000e+02
-2.353523429999999905e+02,-2.228124960000000101e+02,-3.380000000000000000e+02
-2.281648390000000006e+02,-2.093359260000000006e+02,-3.380000000000000000e+02
-2.223249919999999804e+02,-2.084374880000000019e+02,-3.417500000000000000e+02
-2.227742109999999798e+02,-2.273046860000000038e+02,-3.330000000000000000e+02
-2.299617149999999981e+02,-2.246093720000000076e+02,-3.380000000000000000e+02
-2.178328019999999867e+02,-2.124804589999999962e+02,-3.330000000000000000e+02
-2.241218679999999779e+02,-2.061913930000000050e+02,-3.380000000000000000e+02
-2.304109339999999975e+02,-2.102343639999999994e+02,-3.367500000000000000e+02
-2.214265539999999817e+02,-2.093359260000000006e+02,-3.342500000000000000e+02
-2.115437359999999956e+02,-2.138281159999999943e+02,-3.342500000000000000e+02
-2.205281159999999829e+02,-2.151757729999999924e+02,-3.280000000000000000e+02
-2.254695249999999760e+02,-2.192187440000000151e+02,-3.305000000000000000e+02
-2.313093719999999962e+02,-2.237109340000000088e+02,-3.367500000000000000e+02
-2.236726489999999785e+02,-2.237109340000000088e+02,-3.330000000000000000e+02
-2.286140580000000000e+02,-2.219140580000000114e+02,-3.342500000000000000e+02
-2.232234299999999791e+02,-2.174218679999999893e+02,-3.292500000000000000e+02
-2.061531079999999747e+02,-2.129296779999999956e+02,-3.367500000000000000e+02
-2.241218679999999779e+02,-2.093359260000000006e+02,-3.342500000000000000e+02
-2.142390499999999918e+02,-2.120312399999999968e+02,-3.292500000000000000e+02
-2.061531079999999747e+02,-2.205664010000000133e+02,-3.330000000000000000e+02
-2.268171820000000025e+02,-2.106835829999999987e+02,-3.430000000000000000e+02
-2.187312399999999855e+02,-2.273046860000000038e+02,-3.367500000000000000e+02
-2.241218679999999779e+02,-2.066406120000000044e+02,-3.417500000000000000e+02
-2.277156200000000013e+02,-2.232617150000000095e+02,-3.355000000000000000e+02
-2.241218679999999779e+02,-2.075390500000000031e+02,-3.367500000000000000e+02
-2.205281159999999829e+02,-2.241601530000000082e+02,-3.430000000000000000e+02
-2.187312399999999855e+02,-2.282031240000000025e+02,-3.367500000000000000e+02
-2.070515460000000019e+02,-2.174218679999999893e+02,-3.367500000000000000e+02
-2.061531079999999747e+02,-2.232617150000000095e+02,-3.430000000000000000e+02
-2.088484219999999993e+02,-2.183203059999999880e+02,-3.292500000000000000e+02
-2.241218679999999779e+02,-2.075390500000000031e+02,-3.417500000000000000e+02
-2.057038890000000038e+02,-2.192187440000000151e+02,-3.430000000000000000e+02
-2.205281159999999829e+02,-2.111328019999999981e+02,-3.317500000000000000e+02
-2.151374879999999905e+02,-2.273046860000000038e+02,-3.367500000000000000e+02
-2.097468599999999981e+02,-2.169726489999999899e+02,-3.280000000000000000e+02
-2.322078099999999949e+02,-2.192187440000000151e+02,-3.342500000000000000e+02
-2.115437359999999956e+02,-2.277539050000000032e+02,-3.355000000000000000e+02
-2.358015619999999899e+02,-2.201171820000000139e+02,-3.417500000000000000e+02
-2.178328019999999867e+02,-2.138281159999999943e+02,-3.292500000000000000e+02
-2.066023270000000025e+02,-2.210156200000000126e+02,-3.330000000000000000e+02
-2.178328019999999867e+02,-2.160742109999999911e+02,-3.280000000000000000e+02
-2.223249919999999804e+02,-2.115820209999999975e+02,-3.330000000000000000e+02
-2.133406119999999930e+02,-2.138281159999999943e+02,-3.292500000000000000e+02
-2.223249919999999804e+02,-2.273046860000000038e+02,-3.317500000000000000e+02
-2.106452979999999968e+02,-2.111328019999999981e+02,-3.417500000000000000e+02
-2.196296779999999842e+02,-2.264062480000000050e+02,-3.342500000000000000e+02
-2.079499840000000006e+02,-2.255078100000000063e+02,-3.292500000000000000e+02
-2.196296779999999842e+02,-2.277539050000000032e+02,-3.330000000000000000e+02
-2.052546699999999760e+02,-2.147265539999999930e+02,-3.367500000000000000e+02
-2.326570289999999943e+02,-2.183203059999999880e+02,-3.355000000000000000e+02
-2.304109339999999975e+02,-2.111328019999999981e+02,-3.367500000000000000e+02
-2.124421739999999943e+02,-2.111328019999999981e+02,-3.417500000000000000e+02
-2.151374879999999905e+02,-2.277539050000000032e+02,-3.355000000000000000e+02
-2.245710869999999773e+02,-2.093359260000000006e+02,-3.355000000000000000e+02
-2.326570289999999943e+02,-2.273046860000000038e+02,-3.405000000000000000e+02
-2.272664010000000019e+02,-2.075390500000000031e+02,-3.430000000000000000e+02
-2.331062479999999937e+02,-2.183203059999999880e+02,-3.392500000000000000e+02
-2.241218679999999779e+02,-2.255078100000000063e+02,-3.417500000000000000e+02
-2.039070130000000063e+02,-2.183203059999999880e+02,-3.430000000000000000e+02
-2.187312399999999855e+02,-2.120312399999999968e+02,-3.317500000000000000e+02
-2.196296779999999842e+02,-2.084374880000000019e+02,-3.392500000000000000e+02
-2.277156200000000013e+02,-2.273046860000000038e+02,-3.392500000000000000e+02
-2.223249919999999804e+02,-2.255078100000000063e+02,-3.417500000000000000e+02
-2.169343639999999880e+02,-2.259570290000000057e+02,-3.380000000000000000e+02
-2.133406119999999930e+02,-2.129296779999999956e+02,-3.342500000000000000e+02
-2.133406119999999930e+02,-2.097851450000000000e+02,-3.405000000000000000e+02
-2.308601529999999968e+02,-2.237109340000000088e+02,-3.380000000000000000e+02
-2.268171820000000025e+02,-2.255078100000000063e+02,-3.342500000000000000e+02
-2.254695249999999760e+02,-2.219140580000000114e+02,-3.330000000000000000e+02
-2.277156200000000013e+02,-2.129296779999999956e+02,-3.342500000000000000e+02
-2.124421739999999943e+02,-2.169726489999999899e+02,-3.280000000000000000e+02
-2.115437359999999956e+02,-2.147265539999999930e+02,-3.317500000000000000e+02
-2.335554669999999930e+02,-2.237109340000000088e+02,-3.430000000000000000e+02
-2.250203059999999766e+02,-2.201171820000000139e+02,-3.292500000000000000e+02
-2.232234299999999791e+02,-2.066406120000000044e+02,-3.367500000000000000e+02
-2.151374879999999905e+02,-2.273046860000000038e+02,-3.292500000000000000e+02
-2.286140580000000000e+02,-2.183203059999999880e+02,-3.317500000000000000e+02
-2.281648390000000006e+02,-2.075390500000000031e+02,-3.380000000000000000e+02
-2.178328019999999867e+02,-2.111328019999999981e+02,-3.417500000000000000e+02
-2.124421739999999943e+02,-2.138281159999999943e+02,-3.317500000000000000e+02
-2.277156200000000013e+02,-2.192187440000000151e+02,-3.317500000000000000e+02
-2.057038890000000038e+02,-2.228124960000000101e+02,-3.355000000000000000e+02
-2.259187440000000038e+02,-2.129296779999999956e+02,-3.342500000000000000e+02
-2.205281159999999829e+02,-2.147265539999999930e+02,-3.292500000000000000e+02
-2.232234299999999791e+02,-2.241601530000000082e+02,-3.430000000000000000e+02
-2.187312399999999855e+02,-2.255078100000000063e+02,-3.392500000000000000e+02
-2.070515460000000019e+02,-2.178710869999999886e+02,-3.280000000000000000e+02
-2.335554669999999930e+02,-2.147265539999999930e+02,-3.380000000000000000e+02
-2.196296779999999842e+02,-2.075390500000000031e+02,-3.342500000000000000e+02
-2.155867069999999899e+02,-2.264062480000000050e+02,-3.380000000000000000e+02
-2.272664010000000019e+02,-2.250585910000000069e+02,-3.367500000000000000e+02
-2.290632769999999994e+02,-2.093359260000000006e+02,-3.430000000000000000e+02
-2.088484219999999993e+02,-2.115820209999999975e+02,-3.405000000000000000e+02
-2.322078099999999949e+02,-2.133788969999999949e+02,-3.430000000000000000e+02
-2.331062479999999937e+02,-2.273046860000000038e+02,-3.417500000000000000e+02
-2.160359259999999892e+02,-2.264062480000000050e+02,-3.317500000000000000e+02
-2.151374879999999905e+02,-2.129296779999999956e+02,-3.292500000000000000e+02
-2.097468599999999981e+02,-2.111328019999999981e+02,-3.417500000000000000e+02
-2.232234299999999791e+02,-2.201171820000000139e+02,-3.292500000000000000e+02
-2.106452979999999968e+02,-2.264062480000000050e+02,-3.317500000000000000e+02
-2.092976409999999987e+02,-2.210156200000000126e+02,-3.305000000000000000e+02
-2.340046859999999924e+02,-2.219140580000000114e+02,-3.417500000000000000e+02
-2.223249919999999804e+02,-2.241601530000000082e+02,-3.430000000000000000e+02
-2.061531079999999747e+02,-2.138281159999999943e+02,-3.367500000000000000e+02
-2.187312399999999855e+02,-2.115820209999999975e+02,-3.430000000000000000e+02
-2.151374879999999905e+02,-2.277539050000000032e+02,-3.330000000000000000e+02
-2.097468599999999981e+02,-2.151757729999999924e+02,-3.330000000000000000e+02
-2.034577939999999785e+02,-2.120312399999999968e+02,-3.417500000000000000e+02
-2.322078099999999949e+02,-2.142773349999999937e+02,-3.405000000000000000e+02
-2.052546699999999760e+02,-2.174218679999999893e+02,-3.367500000000000000e+02
-2.088484219999999993e+02,-2.219140580000000114e+02,-3.292500000000000000e+02
-2.200788969999999836e+02,-2.264062480000000050e+02,-3.405000000000000000e+02
-2.097468599999999981e+02,-2.102343639999999994e+02,-3.392500000000000000e+02
-2.115437359999999956e+02,-2.246093720000000076e+02,-3.392500000000000000e+02
-2.295124959999999987e+02,-2.273046860000000038e+02,-3.392500000000000000e+02
-2.124421739999999943e+02,-2.147265539999999930e+02,-3.317500000000000000e+02
-2.241218679999999779e+02,-2.111328019999999981e+02,-3.317500000000000000e+02
-2.277156200000000013e+02,-2.111328019999999981e+02,-3.342500000000000000e+02
-2.061531079999999747e+02,-2.232617150000000095e+02,-3.380000000000000000e+02
-2.124421739999999943e+02,-2.102343639999999994e+02,-3.417500000000000000e+02
-2.335554669999999930e+02,-2.156249919999999918e+02,-3.380000000000000000e+02
-2.340046859999999924e+02,-2.228124960000000101e+02,-3.367500000000000000e+02
-2.178328019999999867e+02,-2.084374880000000019e+02,-3.342500000000000000e+02
-2.268171820000000025e+02,-2.138281159999999943e+02,-3.317500000000000000e+02
-2.124421739999999943e+02,-2.165234299999999905e+02,-3.292500000000000000e+02
-2.106452979999999968e+02,-2.264062480000000050e+02,-3.342500000000000000e+02
-2.052546699999999760e+02,-2.124804589999999962e+02,-3.405000000000000000e+02
-2.057038890000000038e+02,-2.228124960000000101e+02,-3.380000000000000000e+02
-2.039070130000000063e+02,-2.147265539999999930e+02,-3.405000000000000000e+02
-2.281648390000000006e+02,-2.075390500000000031e+02,-3.430000000000000000e+02
-2.259187440000000038e+02,-2.255078100000000063e+02,-3.392500000000000000e+02
-2.223249919999999804e+02,-2.075390500000000031e+02,-3.417500000000000000e+02
-2.048054510000000050e+02,-2.138281159999999943e+02,-3.380000000000000000e+02
-2.106452979999999968e+02,-2.273046860000000038e+02,-3.342500000000000000e+02
-2.245710869999999773e+02,-2.111328019999999981e+02,-3.330000000000000000e+02
-2.250203059999999766e+02,-2.264062480000000050e+02,-3.367500000000000000e+02
-2.079499840000000006e+02,-2.201171820000000139e+02,-3.292500000000000000e+02
-2.254695249999999760e+02,-2.201171820000000139e+02,-3.305000000000000000e+02
-2.142390499999999918e+02,-2.264062480000000050e+02,-3.317500000000000000e+02
-2.331062479999999937e+02,-2.264062480000000050e+02,-3.417500000000000000e+02
-2.263679629999999747e+02,-2.111328019999999981e+02,-3.430000000000000000e+02
-2.331062479999999937e+02,-2.205664010000000133e+02,-3.380000000000000000e+02
-2.259187440000000038e+02,-2.228124960000000101e+02,-3.342500000000000000e+02
-2.340046859999999924e+02,-2.277539050000000032e+02,-3.430000000000000000e+02
-2.259187440000000038e+02,-2.115820209999999975e+02,-3.430000000000000000e+02
-2.169343639999999880e+02,-2.259570290000000057e+02,-3.280000000000000000e+02
-2.151374879999999905e+02,-2.255078100000000063e+02,-3.292500000000000000e+02
-2.223249919999999804e+02,-2.129296779999999956e+02,-3.317500000000000000e+02
-2.250203059999999766e+02,-2.250585910000000069e+02,-3.430000000000000000e+02
-2.295124959999999987e+02,-2.210156200000000126e+02,-3.342500000000000000e+02
-2.205281159999999829e+02,-2.093359260000000006e+02,-3.342500000000000000e+02
-2.115437359999999956e+02,-2.102343639999999994e+02,-3.367500000000000000e+02
-2.295124959999999987e+02,-2.183203059999999880e+02,-3.342500000000000000e+02
-2.236726489999999785e+02,-2.165234299999999905e+02,-3.305000000000000000e+02
-2.286140580000000000e+02,-2.097851450000000000e+02,-3.355000000000000000e+02
-2.295124959999999987e+02,-2.147265539999999930e+02,-3.317500000000000000e+02
-2.268171820000000025e+02,-2.250585910000000069e+02,-3.380000000000000000e+02
-2.317585909999999956e+02,-2.120312399999999968e+02,-3.430000000000000000e+02
-2.259187440000000038e+02,-2.075390500000000031e+02,-3.417500000000000000e+02
-2.187312399999999855e+02,-2.264062480000000050e+02,-3.367500000000000000e+02
-2.200788969999999836e+02,-2.084374880000000019e+02,-3.380000000000000000e+02
-2.232234299999999791e+02,-2.264062480000000050e+02,-3.392500000000000000e+02
-2.250203059999999766e+02,-2.111328019999999981e+02,-3.342500000000000000e+02
-2.205281159999999829e+02,-2.264062480000000050e+02,-3.317500000000000000e+02
-2.250203059999999766e+02,-2.273046860000000038e+02,-3.417500000000000000e+02
-2.286140580000000000e+02,-2.259570290000000057e+02,-3.380000000000000000e+02
-2.187312399999999855e+02,-2.250585910000000069e+02,-3.405000000000000000e+02
-2.070515460000000019e+02,-2.120312399999999968e+02,-3.417500000000000000e+02
-2.169343639999999880e+02,-2.241601530000000082e+02,-3.430000000000000000e+02
-2.115437359999999956e+02,-2.151757729999999924e+02,-3.330000000000000000e+02
-2.097468599999999981e+02,-2.232617150000000095e+02,-3.305000000000000000e+02
-2.061531079999999747e+02,-2.210156200000000126e+02,-3.292500000000000000e+02
-2.232234299999999791e+02,-2.115820209999999975e+02,-3.430000000000000000e+02
-2.277156200000000013e+02,-2.255078100000000063e+02,-3.367500000000000000e+02
-2.097468599999999981e+02,-2.241601530000000082e+02,-3.405000000000000000e+02
-2.133406119999999930e+02,-2.129296779999999956e+02,-3.317500000000000000e+02
-2.137898309999999924e+02,-2.282031240000000025e+02,-3.330000000000000000e+02
-2.250203059999999766e+02,-2.066406120000000044e+02,-3.392500000000000000e+02
-2.048054510000000050e+02,-2.156249919999999918e+02,-3.380000000000000000e+02
-2.214265539999999817e+02,-2.075390500000000031e+02,-3.342500000000000000e+02
-2.232234299999999791e+02,-2.084374880000000019e+02,-3.342500000000000000e+02
-2.178328019999999867e+02,-2.084374880000000019e+02,-3.367500000000000000e+02
-2.277156200000000013e+02,-2.097851450000000000e+02,-3.355000000000000000e+02
-2.169343639999999880e+02,-2.129296779999999956e+02,-3.292500000000000000e+02
-2.250203059999999766e+02,-2.264062480000000050e+02,-3.417500000000000000e+02
-2.223249919999999804e+02,-2.084374880000000019e+02,-3.342500000000000000e+02
-2.241218679999999779e+02,-2.246093720000000076e+02,-3.342500000000000000e+02
-2.151374879999999905e+02,-2.115820209999999975e+02,-3.305000000000000000e+02
-2.326570289999999943e+02,-2.138281159999999943e+02,-3.430000000000000000e+02
-2.268171820000000025e+02,-2.174218679999999893e+02,-3.317500000000000000e+02
-2.196296779999999842e+02,-2.061913930000000050e+02,-3.405000000000000000e+02
-2.106452979999999968e+02,-2.147265539999999930e+02,-3.342500000000000000e+02
-2.034577939999999785e+02,-2.151757729999999924e+02,-3.405000000000000000e+02
-2.268171820000000025e+02,-2.102343639999999994e+02,-3.417500000000000000e+02
-2.115437359999999956e+02,-2.246093720000000076e+02,-3.367500000000000000e+02
-2.232234299999999791e+02,-2.192187440000000151e+02,-3.292500000000000000e+02
-2.169343639999999880e+02,-2.277539050000000032e+02,-3.355000000000000000e+02
-2.151374879999999905e+02,-2.250585910000000069e+02,-3.305000000000000000e+02
-2.250203059999999766e+02,-2.115820209999999975e+02,-3.430000000000000000e+02
-2.115437359999999956e+02,-2.133788969999999949e+02,-3.305000000000000000e+02
-2.214265539999999817e+02,-2.273046860000000038e+02,-3.342500000000000000e+02
-2.169343639999999880e+02,-2.111328019999999981e+02,-3.417500000000000000e+02
-2.187312399999999855e+02,-2.084374880000000019e+02,-3.392500000000000000e+02
-2.079499840000000006e+02,-2.232617150000000095e+02,-3.380000000000000000e+02
-2.052546699999999760e+02,-2.219140580000000114e+02,-3.367500000000000000e+02
-2.133406119999999930e+02,-2.268554670000000044e+02,-3.380000000000000000e+02
-2.178328019999999867e+02,-2.115820209999999975e+02,-3.430000000000000000e+02
-2.295124959999999987e+02,-2.097851450000000000e+02,-3.380000000000000000e+02
-2.070515460000000019e+02,-2.201171820000000139e+02,-3.292500000000000000e+02
-2.299617149999999981e+02,-2.129296779999999956e+02,-3.355000000000000000e+02
-2.187312399999999855e+02,-2.129296779999999956e+02,-3.292500000000000000e+02
-2.191804589999999848e+02,-2.066406120000000044e+02,-3.405000000000000000e+02
-2.232234299999999791e+02,-2.102343639999999994e+02,-3.417500000000000000e+02
-2.232234299999999791e+02,-2.237109340000000088e+02,-3.317500000000000000e+02
-2.133406119999999930e+02,-2.277539050000000032e+02,-3.330000000000000000e+02
-2.133406119999999930e+02,-2.250585910000000069e+02,-3.405000000000000000e+02
-2.088484219999999993e+02,-2.129296779999999956e+02,-3.367500000000000000e+02
-2.331062479999999937e+02,-2.169726489999999899e+02,-3.380000000000000000e+02
-2.205281159999999829e+02,-2.264062480000000050e+02,-3.417500000000000000e+02
-2.173835829999999874e+02,-2.264062480000000050e+02,-3.380000000000000000e+02
-2.187312399999999855e+02,-2.102343639999999994e+02,-3.317500000000000000e+02
-2.142390499999999918e+02,-2.277539050000000032e+02,-3.280000000000000000e+02
-2.115437359999999956e+02,-2.115820209999999975e+02,-3.430000000000000000e+02
-2.326570289999999943e+02,-2.237109340000000088e+02,-3.405000000000000000e+02
-2.106452979999999968e+02,-2.097851450000000000e+02,-3.405000000000000000e+02
-2.250203059999999766e+02,-2.210156200000000126e+02,-3.292500000000000000e+02
-2.151374879999999905e+02,-2.160742109999999911e+02,-3.280000000000000000e+02
-2.124421739999999943e+02,-2.129296779999999956e+02,-3.292500000000000000e+02
-2.155867069999999899e+02,-2.273046860000000038e+02,-3.280000000000000000e+02
-2.097468599999999981e+02,-2.174218679999999893e+02,-3.292500000000000000e+02
-2.124421739999999943e+02,-2.246093720000000076e+02,-3.417500000000000000e+02
-2.160359259999999892e+02,-2.120312399999999968e+02,-3.292500000000000000e+02
-2.066023270000000025e+02,-2.219140580000000114e+02,-3.330000000000000000e+02
-2.232234299999999791e+02,-2.052929550000000063e+02,-3.405000000000000000e+02
-2.322078099999999949e+02,-2.282031240000000025e+02,-3.417500000000000000e+02
-2.070515460000000019e+02,-2.124804589999999962e+02,-3.405000000000000000e+02
-2.115437359999999956e+02,-2.093359260000000006e+02,-3.392500000000000000e+02
-2.075007650000000012e+02,-2.165234299999999905e+02,-3.355000000000000000e+02
-2.200788969999999836e+02,-2.057421740000000057e+02,-3.405000000000000000e+02
-2.048054510000000050e+02,-2.210156200000000126e+02,-3.380000000000000000e+02
-2.313093719999999962e+02,-2.192187440000000151e+02,-3.342500000000000000e+02
-2.286140580000000000e+02,-2.165234299999999905e+02,-3.317500000000000000e+02
-2.232234299999999791e+02,-2.111328019999999981e+02,-3.317500000000000000e+02
-2.079499840000000006e+02,-2.250585910000000069e+02,-3.430000000000000000e+02
-2.079499840000000006e+02,-2.192187440000000151e+02,-3.342500000000000000e+02
-2.142390499999999918e+02,-2.264062480000000050e+02,-3.292500000000000000e+02
-2.205281159999999829e+02,-2.057421740000000057e+02,-3.417500000000000000e+02
-2.106452979999999968e+02,-2.282031240000000025e+02,-3.317500000000000000e+02
-2.196296779999999842e+02,-2.097851450000000000e+02,-3.330000000000000000e+02
-2.034577939999999785e+02,-2.115820209999999975e+02,-3.430000000000000000e+02
-2.326570289999999943e+02,-2.138281159999999943e+02,-3.380000000000000000e+02
-2.173835829999999874e+02,-2.084374880000000019e+02,-3.405000000000000000e+02
-2.160359259999999892e+02,-2.250585910000000069e+02,-3.305000000000000000e+02
-2.223249919999999804e+02,-2.246093720000000076e+02,-3.417500000000000000e+02
-2.097468599999999981e+02,-2.129296779999999956e+02,-3.367500000000000000e+02
-2.052546699999999760e+02,-2.201171820000000139e+02,-3.417500000000000000e+02
-2.151374879999999905e+02,-2.264062480000000050e+02,-3.292500000000000000e+02
-2.214265539999999817e+02,-2.057421740000000057e+02,-3.417500000000000000e+02
-2.268171820000000025e+02,-2.156249919999999918e+02,-3.317500000000000000e+02
-2.250203059999999766e+02,-2.111328019999999981e+02,-3.417500000000000000e+02
-2.232234299999999791e+02,-2.183203059999999880e+02,-3.292500000000000000e+02
-2.164851449999999886e+02,-2.120312399999999968e+02,-3.305000000000000000e+02
-2.030085750000000075e+02,-2.129296779999999956e+02,-3.430000000000000000e+02
-2.133406119999999930e+02,-2.241601530000000082e+02,-3.430000000000000000e+02
-2.205281159999999829e+02,-2.273046860000000038e+02,-3.317500000000000000e+02
-2.043562319999999772e+02,-2.210156200000000126e+02,-3.367500000000000000e+02
-2.187312399999999855e+02,-2.255078100000000063e+02,-3.292500000000000000e+02
-2.340046859999999924e+02,-2.183203059999999880e+02,-3.417500000000000000e+02
-2.169343639999999880e+02,-2.111328019999999981e+02,-3.342500000000000000e+02
-2.277156200000000013e+02,-2.183203059999999880e+02,-3.317500000000000000e+02
-2.232234299999999791e+02,-2.219140580000000114e+02,-3.292500000000000000e+02
-2.245710869999999773e+02,-2.120312399999999968e+02,-3.330000000000000000e+02
-2.286140580000000000e+02,-2.088867070000000012e+02,-3.430000000000000000e+02
-2.295124959999999987e+02,-2.201171820000000139e+02,-3.342500000000000000e+02
-2.079499840000000006e+02,-2.232617150000000095e+02,-3.330000000000000000e+02
-2.214265539999999817e+02,-2.133788969999999949e+02,-3.305000000000000000e+02
-2.241218679999999779e+02,-2.277539050000000032e+02,-3.405000000000000000e+02
-2.277156200000000013e+02,-2.264062480000000050e+02,-3.392500000000000000e+02
-2.079499840000000006e+02,-2.232617150000000095e+02,-3.355000000000000000e+02
-2.088484219999999993e+02,-2.133788969999999949e+02,-3.355000000000000000e+02
-2.097468599999999981e+02,-2.120312399999999968e+02,-3.367500000000000000e+02
-2.335554669999999930e+02,-2.201171820000000139e+02,-3.380000000000000000e+02
-2.304109339999999975e+02,-2.169726489999999899e+02,-3.330000000000000000e+02
-2.218757729999999810e+02,-2.246093720000000076e+02,-3.305000000000000000e+02
-2.133406119999999930e+02,-2.264062480000000050e+02,-3.392500000000000000e+02
-2.160359259999999892e+02,-2.115820209999999975e+02,-3.430000000000000000e+02
-2.088484219999999993e+02,-2.106835829999999987e+02,-3.380000000000000000e+02
-2.304109339999999975e+02,-2.093359260000000006e+02,-3.417500000000000000e+02
-2.097468599999999981e+02,-2.093359260000000006e+02,-3.392500000000000000e+02
-2.295124959999999987e+02,-2.273046860000000038e+02,-3.417500000000000000e+02
-2.088484219999999993e+02,-2.228124960000000101e+02,-3.292500000000000000e+02
-2.331062479999999937e+02,-2.237109340000000088e+02,-3.367500000000000000e+02
-2.057038890000000038e+02,-2.228124960000000101e+02,-3.280000000000000000e+02
-2.227742109999999798e+02,-2.165234299999999905e+02,-3.280000000000000000e+02
-2.331062479999999937e+02,-2.228124960000000101e+02,-3.392500000000000000e+02
-2.245710869999999773e+02,-2.174218679999999893e+02,-3.305000000000000000e+02
-2.124421739999999943e+02,-2.277539050000000032e+02,-3.330000000000000000e+02
-2.214265539999999817e+02,-2.070898310000000038e+02,-3.355000000000000000e+02
-2.106452979999999968e+02,-2.093359260000000006e+02,-3.367500000000000000e+02
-2.353523429999999905e+02,-2.237109340000000088e+02,-3.380000000000000000e+02
-2.286140580000000000e+02,-2.246093720000000076e+02,-3.367500000000000000e+02
-2.295124959999999987e+02,-2.079882690000000025e+02,-3.405000000000000000e+02
-2.241218679999999779e+02,-2.268554670000000044e+02,-3.355000000000000000e+02
-2.124421739999999943e+02,-2.138281159999999943e+02,-3.342500000000000000e+02
-2.241218679999999779e+02,-2.273046860000000038e+02,-3.392500000000000000e+02
-2.241218679999999779e+02,-2.093359260000000006e+02,-3.417500000000000000e+02
-2.236726489999999785e+02,-2.156249919999999918e+02,-3.305000000000000000e+02
-2.124421739999999943e+02,-2.151757729999999924e+02,-3.330000000000000000e+02
-2.268171820000000025e+02,-2.079882690000000025e+02,-3.380000000000000000e+02
-2.178328019999999867e+02,-2.102343639999999994e+02,-3.342500000000000000e+02
-2.277156200000000013e+02,-2.210156200000000126e+02,-3.342500000000000000e+02
-2.272664010000000019e+02,-2.255078100000000063e+02,-3.355000000000000000e+02
-2.052546699999999760e+02,-2.156249919999999918e+02,-3.367500000000000000e+02
-2.079499840000000006e+02,-2.133788969999999949e+02,-3.355000000000000000e+02
-2.304109339999999975e+02,-2.282031240000000025e+02,-3.392500000000000000e+02
-2.317585909999999956e+02,-2.129296779999999956e+02,-3.430000000000000000e+02
-2.227742109999999798e+02,-2.048437360000000069e+02,-3.405000000000000000e+02
-2.101960789999999974e+02,-2.273046860000000038e+02,-3.330000000000000000e+02
-2.119929549999999949e+02,-2.129296779999999956e+02,-3.305000000000000000e+02
-2.205281159999999829e+02,-2.093359260000000006e+02,-3.417500000000000000e+02
-2.043562319999999772e+02,-2.192187440000000151e+02,-3.417500000000000000e+02
-2.052546699999999760e+02,-2.201171820000000139e+02,-3.367500000000000000e+02
-2.304109339999999975e+02,-2.282031240000000025e+02,-3.417500000000000000e+02
-2.160359259999999892e+02,-2.097851450000000000e+02,-3.355000000000000000e+02
-2.241218679999999779e+02,-2.120312399999999968e+02,-3.317500000000000000e+02
-2.268171820000000025e+02,-2.075390500000000031e+02,-3.342500000000000000e+02
-2.250203059999999766e+02,-2.183203059999999880e+02,-3.292500000000000000e+02
-2.164851449999999886e+02,-2.093359260000000006e+02,-3.355000000000000000e+02
-2.209773349999999823e+02,-2.129296779999999956e+02,-3.305000000000000000e+02
-2.142390499999999918e+02,-2.259570290000000057e+02,-3.305000000000000000e+02
-2.295124959999999987e+02,-2.192187440000000151e+02,-3.342500000000000000e+02
-2.097468599999999981e+02,-2.088867070000000012e+02,-3.380000000000000000e+02
-2.250203059999999766e+02,-2.255078100000000063e+02,-3.392500000000000000e+02
-2.169343639999999880e+02,-2.093359260000000006e+02,-3.417500000000000000e+02
-2.115437359999999956e+02,-2.250585910000000069e+02,-3.405000000000000000e+02
-2.214265539999999817e+02,-2.241601530000000082e+02,-3.430000000000000000e+02
-2.124421739999999943e+02,-2.273046860000000038e+02,-3.292500000000000000e+02
-2.057038890000000038e+02,-2.201171820000000139e+02,-3.330000000000000000e+02
-2.308601529999999968e+02,-2.102343639999999994e+02,-3.405000000000000000e+02
-2.106452979999999968e+02,-2.138281159999999943e+02,-3.342500000000000000e+02
-2.075007650000000012e+02,-2.282031240000000025e+02,-3.280000000000000000e+02
-2.241218679999999779e+02,-2.102343639999999994e+02,-3.342500000000000000e+02
-2.286140580000000000e+02,-2.237109340000000088e+02,-3.367500000000000000e+02
-2.137898309999999924e+02,-2.138281159999999943e+02,-3.330000000000000000e+02
-2.160359259999999892e+02,-2.129296779999999956e+02,-3.292500000000000000e+02
-2.340046859999999924e+02,-2.237109340000000088e+02,-3.392500000000000000e+02
-2.250203059999999766e+02,-2.228124960000000101e+02,-3.342500000000000000e+02
-2.223249919999999804e+02,-2.273046860000000038e+02,-3.392500000000000000e+02
-2.043562319999999772e+02,-2.201171820000000139e+02,-3.392500000000000000e+02
-2.268171820000000025e+02,-2.255078100000000063e+02,-3.367500000000000000e+02
-2.331062479999999937e+02,-2.147265539999999930e+02,-3.417500000000000000e+02
-2.232234299999999791e+02,-2.250585910000000069e+02,-3.380000000000000000e+02
-2.061531079999999747e+02,-2.165234299999999905e+02,-3.367500000000000000e+02
-2.160359259999999892e+02,-2.277539050000000032e+02,-3.330000000000000000e+02
-2.232234299999999791e+02,-2.232617150000000095e+02,-3.305000000000000000e+02
-2.241218679999999779e+02,-2.106835829999999987e+02,-3.330000000000000000e+02
-2.182820209999999861e+02,-2.111328019999999981e+02,-3.330000000000000000e+02
-2.250203059999999766e+02,-2.237109340000000088e+02,-3.342500000000000000e+02
-2.115437359999999956e+02,-2.111328019999999981e+02,-3.367500000000000000e+02
-2.057038890000000038e+02,-2.192187440000000151e+02,-3.280000000000000000e+02
-2.052546699999999760e+02,-2.192187440000000151e+02,-3.417500000000000000e+02
-2.286140580000000000e+02,-2.268554670000000044e+02,-3.430000000000000000e+02
-2.227742109999999798e+02,-2.075390500000000031e+02,-3.355000000000000000e+02
-2.106452979999999968e+02,-2.232617150000000095e+02,-3.355000000000000000e+02
-2.079499840000000006e+02,-2.174218679999999893e+02,-3.292500000000000000e+02
-2.142390499999999918e+02,-2.097851450000000000e+02,-3.355000000000000000e+02
-2.151374879999999905e+02,-2.277539050000000032e+02,-3.280000000000000000e+02
-2.299617149999999981e+02,-2.084374880000000019e+02,-3.405000000000000000e+02
-2.092976409999999987e+02,-2.201171820000000139e+02,-3.305000000000000000e+02
-2.232234299999999791e+02,-2.268554670000000044e+02,-3.330000000000000000e+02
-2.079499840000000006e+02,-2.156249919999999918e+02,-3.342500000000000000e+02
-2.286140580000000000e+02,-2.277539050000000032e+02,-3.405000000000000000e+02
-2.124421739999999943e+02,-2.138281159999999943e+02,-3.292500000000000000e+02
-2.133406119999999930e+02,-2.120312399999999968e+02,-3.342500000000000000e+02
-2.061531079999999747e+02,-2.205664010000000133e+02,-3.355000000000000000e+02
-2.218757729999999810e+02,-2.264062480000000050e+02,-3.380000000000000000e+02
-2.196296779999999842e+02,-2.255078100000000063e+02,-3.292500000000000000e+02
-2.250203059999999766e+02,-2.093359260000000006e+02,-3.367500000000000000e+02
-2.133406119999999930e+02,-2.115820209999999975e+02,-3.430000000000000000e+02
-2.057038890000000038e+02,-2.246093720000000076e+02,-3.280000000000000000e+02
-2.124421739999999943e+02,-2.097851450000000000e+02,-3.405000000000000000e+02
-2.313093719999999962e+02,-2.205664010000000133e+02,-3.355000000000000000e+02
-2.250203059999999766e+02,-2.219140580000000114e+02,-3.317500000000000000e+02
-2.340046859999999924e+02,-2.174218679999999893e+02,-3.417500000000000000e+02
-2.115437359999999956e+02,-2.277539050000000032e+02,-3.280000000000000000e+02
-2.232234299999999791e+02,-2.264062480000000050e+02,-3.367500000000000000e+02
-2.245710869999999773e+02,-2.246093720000000076e+02,-3.430000000000000000e+02
-2.313093719999999962e+02,-2.286523430000000019e+02,-3.405000000000000000e+02
-2.335554669999999930e+02,-2.264062480000000050e+02,-3.430000000000000000e+02
-2.223249919999999804e+02,-2.241601530000000082e+02,-3.280000000000000000e+02
-2.196296779999999842e+02,-2.075390500000000031e+02,-3.392500000000000000e+02
-2.178328019999999867e+02,-2.273046860000000038e+02,-3.367500000000000000e+02
-2.133406119999999930e+02,-2.120312399999999968e+02,-3.292500000000000000e+02
-2.223249919999999804e+02,-2.120312399999999968e+02,-3.317500000000000000e+02
-2.191804589999999848e+02,-2.156249919999999918e+02,-3.280000000000000000e+02
-2.322078099999999949e+02,-2.228124960000000101e+02,-3.367500000000000000e+02
-2.142390499999999918e+02,-2.115820209999999975e+02,-3.305000000000000000e+02
-2.218757729999999810e+02,-2.156249919999999918e+02,-3.280000000000000000e+02
-2.290632769999999994e+02,-2.282031240000000025e+02,-3.405000000000000000e+02
-2.313093719999999962e+02,-2.273046860000000038e+02,-3.392500000000000000e+02
-2.160359259999999892e+02,-2.246093720000000076e+02,-3.417500000000000000e+02
-2.178328019999999867e+02,-2.268554670000000044e+02,-3.355000000000000000e+02
-2.151374879999999905e+02,-2.120312399999999968e+02,-3.292500000000000000e+02
-2.254695249999999760e+02,-2.183203059999999880e+02,-3.305000000000000000e+02
-2.241218679999999779e+02,-2.084374880000000019e+02,-3.367500000000000000e+02
-2.196296779999999842e+02,-2.066406120000000044e+02,-3.392500000000000000e+02
-2.088484219999999993e+02,-2.156249919999999918e+02,-3.317500000000000000e+02
-2.340046859999999924e+02,-2.192187440000000151e+02,-3.392500000000000000e+02
-2.277156200000000013e+02,-2.246093720000000076e+02,-3.367500000000000000e+02
-2.340046859999999924e+02,-2.291015620000000013e+02,-3.417500000000000000e+02
-2.205281159999999829e+02,-2.106835829999999987e+02,-3.330000000000000000e+02
-2.295124959999999987e+02,-2.093359260000000006e+02,-3.417500000000000000e+02
-2.160359259999999892e+02,-2.156249919999999918e+02,-3.292500000000000000e+02
-2.052546699999999760e+02,-2.214648390000000120e+02,-3.380000000000000000e+02
-2.200788969999999836e+02,-2.282031240000000025e+02,-3.380000000000000000e+02
-2.178328019999999867e+02,-2.255078100000000063e+02,-3.292500000000000000e+02
-2.331062479999999937e+02,-2.147265539999999930e+02,-3.367500000000000000e+02
-2.088484219999999993e+02,-2.183203059999999880e+02,-3.317500000000000000e+02
-2.043562319999999772e+02,-2.214648390000000120e+02,-3.405000000000000000e+02
-2.173835829999999874e+02,-2.120312399999999968e+02,-3.330000000000000000e+02
-2.088484219999999993e+02,-2.277539050000000032e+02,-3.280000000000000000e+02
-2.250203059999999766e+02,-2.147265539999999930e+02,-3.317500000000000000e+02
-2.034577939999999785e+02,-2.174218679999999893e+02,-3.392500000000000000e+02
-2.349031239999999912e+02,-2.192187440000000151e+02,-3.417500000000000000e+02
-2.205281159999999829e+02,-2.066406120000000044e+02,-3.417500000000000000e+02
-2.313093719999999962e+02,-2.174218679999999893e+02,-3.342500000000000000e+02
-2.340046859999999924e+02,-2.228124960000000101e+02,-3.392500000000000000e+02
-2.133406119999999930e+02,-2.138281159999999943e+02,-3.342500000000000000e+02
-2.039070130000000063e+02,-2.201171820000000139e+02,-3.405000000000000000e+02
-2.250203059999999766e+02,-2.250585910000000069e+02,-3.380000000000000000e+02
-2.151374879999999905e+02,-2.138281159999999943e+02,-3.292500000000000000e+02
-2.272664010000000019e+02,-2.075390500000000031e+02,-3.380000000000000000e+02
-2.106452979999999968e+02,-2.093359260000000006e+02,-3.392500000000000000e+02
-2.295124959999999987e+02,-2.156249919999999918e+02,-3.317500000000000000e+02
-2.259187440000000038e+02,-2.093359260000000006e+02,-3.417500000000000000e+02
-2.295124959999999987e+02,-2.246093720000000076e+02,-3.367500000000000000e+02
-2.092976409999999987e+02,-2.228124960000000101e+02,-3.305000000000000000e+02
-2.048054510000000050e+02,-2.201171820000000139e+02,-3.380000000000000000e+02
-2.223249919999999804e+02,-2.102343639999999994e+02,-3.417500000000000000e+02
-2.286140580000000000e+02,-2.273046860000000038e+02,-3.392500000000000000e+02
-2.079499840000000006e+02,-2.219140580000000114e+02,-3.317500000000000000e+02
-2.124421739999999943e+02,-2.255078100000000063e+02,-3.392500000000000000e+02
-2.196296779999999842e+02,-2.111328019999999981e+02,-3.417500000000000000e+02
-2.259187440000000038e+02,-2.079882690000000025e+02,-3.380000000000000000e+02
-2.066023270000000025e+02,-2.237109340000000088e+02,-3.405000000000000000e+02
-2.313093719999999962e+02,-2.210156200000000126e+02,-3.367500000000000000e+02
-2.232234299999999791e+02,-2.264062480000000050e+02,-3.417500000000000000e+02
-2.070515460000000019e+02,-2.219140580000000114e+02,-3.317500000000000000e+02
-2.178328019999999867e+02,-2.264062480000000050e+02,-3.392500000000000000e+02
-2.142390499999999918e+02,-2.111328019999999981e+02,-3.342500000000000000e+02
-2.313093719999999962e+02,-2.120312399999999968e+02,-3.367500000000000000e+02
-2.268171820000000025e+02,-2.075390500000000031e+02,-3.417500000000000000e+02
-2.196296779999999842e+02,-2.088867070000000012e+02,-3.380000000000000000e+02
-2.187312399999999855e+02,-2.084374880000000019e+02,-3.367500000000000000e+02
-2.061531079999999747e+02,-2.156249919999999918e+02,-3.367500000000000000e+02
-2.241218679999999779e+02,-2.223632770000000107e+02,-3.305000000000000000e+02
-2.097468599999999981e+02,-2.165234299999999905e+02,-3.317500000000000000e+02
-2.142390499999999918e+02,-2.111328019999999981e+02,-3.417500000000000000e+02
-2.223249919999999804e+02,-2.111328019999999981e+02,-3.342500000000000000e+02
-2.052546699999999760e+02,-2.205664010000000133e+02,-3.355000000000000000e+02
-2.070515460000000019e+02,-2.183203059999999880e+02,-3.292500000000000000e+02
-2.295124959999999987e+02,-2.264062480000000050e+02,-3.392500000000000000e+02
-2.160359259999999892e+02,-2.093359260000000006e+02,-3.417500000000000000e+02
-2.313093719999999962e+02,-2.219140580000000114e+02,-3.367500000000000000e+02
-2.182820209999999861e+02,-2.102343639999999994e+02,-3.330000000000000000e+02
-2.214265539999999817e+02,-2.057421740000000057e+02,-3.392500000000000000e+02
-2.030085750000000075e+02,-2.156249919999999918e+02,-3.430000000000000000e+02
-2.232234299999999791e+02,-2.264062480000000050e+02,-3.317500000000000000e+02
-2.223249919999999804e+02,-2.264062480000000050e+02,-3.417500000000000000e+02
-2.178328019999999867e+02,-2.277539050000000032e+02,-3.380000000000000000e+02
-2.259187440000000038e+02,-2.255078100000000063e+02,-3.342500000000000000e+02
-2.133406119999999930e+02,-2.120312399999999968e+02,-3.317500000000000000e+02
-2.160359259999999892e+02,-2.160742109999999911e+02,-3.280000000000000000e+02
-2.232234299999999791e+02,-2.075390500000000031e+02,-3.367500000000000000e+02
-2.268171820000000025e+02,-2.084374880000000019e+02,-3.417500000000000000e+02
-2.160359259999999892e+02,-2.250585910000000069e+02,-3.405000000000000000e+02
-2.101960789999999974e+02,-2.255078100000000063e+02,-3.330000000000000000e+02
-2.214265539999999817e+02,-2.255078100000000063e+02,-3.317500000000000000e+02
-2.133406119999999930e+02,-2.277539050000000032e+02,-3.280000000000000000e+02
-2.295124959999999987e+02,-2.282031240000000025e+02,-3.417500000000000000e+02
-2.070515460000000019e+02,-2.138281159999999943e+02,-3.367500000000000000e+02
-2.331062479999999937e+02,-2.174218679999999893e+02,-3.392500000000000000e+02
-2.241218679999999779e+02,-2.264062480000000050e+02,-3.342500000000000000e+02
-2.146882689999999911e+02,-2.255078100000000063e+02,-3.305000000000000000e+02
-2.160359259999999892e+02,-2.102343639999999994e+02,-3.417500000000000000e+02
-2.079499840000000006e+02,-2.237109340000000088e+02,-3.292500000000000000e+02
-2.268171820000000025e+02,-2.075390500000000031e+02,-3.392500000000000000e+02
-2.151374879999999905e+02,-2.147265539999999930e+02,-3.292500000000000000e+02
-2.308601529999999968e+02,-2.156249919999999918e+02,-3.330000000000000000e+02
-2.187312399999999855e+02,-2.259570290000000057e+02,-3.355000000000000000e+02
-2.196296779999999842e+02,-2.273046860000000038e+02,-3.392500000000000000e+02
-2.281648390000000006e+02,-2.084374880000000019e+02,-3.380000000000000000e+02
-2.088484219999999993e+02,-2.201171820000000139e+02,-3.317500000000000000e+02
-2.232234299999999791e+02,-2.277539050000000032e+02,-3.405000000000000000e+02
-2.079499840000000006e+02,-2.196679629999999861e+02,-3.330000000000000000e+02
-2.232234299999999791e+02,-2.147265539999999930e+02,-3.292500000000000000e+02
-2.214265539999999817e+02,-2.273046860000000038e+02,-3.317500000000000000e+02
-2.169343639999999880e+02,-2.255078100000000063e+02,-3.317500000000000000e+02
-2.214265539999999817e+02,-2.264062480000000050e+02,-3.367500000000000000e+02
-2.151374879999999905e+02,-2.264062480000000050e+02,-3.392500000000000000e+02
-2.308601529999999968e+02,-2.102343639999999994e+02,-3.380000000000000000e+02
-2.061531079999999747e+02,-2.255078100000000063e+02,-3.292500000000000000e+02
-2.030085750000000075e+02,-2.183203059999999880e+02,-3.405000000000000000e+02
-2.034577939999999785e+02,-2.183203059999999880e+02,-3.392500000000000000e+02
-2.304109339999999975e+02,-2.246093720000000076e+02,-3.392500000000000000e+02
-2.133406119999999930e+02,-2.156249919999999918e+02,-3.292500000000000000e+02
-2.115437359999999956e+02,-2.138281159999999943e+02,-3.292500000000000000e+02
-2.088484219999999993e+02,-2.174218679999999893e+02,-3.317500000000000000e+02
-2.030085750000000075e+02,-2.165234299999999905e+02,-3.430000000000000000e+02
-2.187312399999999855e+02,-2.138281159999999943e+02,-3.292500000000000000e+02
-2.232234299999999791e+02,-2.246093720000000076e+02,-3.317500000000000000e+02
-2.169343639999999880e+02,-2.156249919999999918e+02,-3.292500000000000000e+02
-2.070515460000000019e+02,-2.241601530000000082e+02,-3.430000000000000000e+02
-2.097468599999999981e+02,-2.106835829999999987e+02,-3.405000000000000000e+02
-2.178328019999999867e+02,-2.273046860000000038e+02,-3.317500000000000000e+02
-2.052546699999999760e+02,-2.219140580000000114e+02,-3.392500000000000000e+02
-2.043562319999999772e+02,-2.201171820000000139e+02,-3.417500000000000000e+02
-2.101960789999999974e+02,-2.174218679999999893e+02,-3.305000000000000000e+02
-2.052546699999999760e+02,-2.187695249999999874e+02,-3.430000000000000000e+02
-2.259187440000000038e+02,-2.138281159999999943e+02,-3.317500000000000000e+02
-2.048054510000000050e+02,-2.192187440000000151e+02,-3.380000000000000000e+02
-2.052546699999999760e+02,-2.120312399999999968e+02,-3.417500000000000000e+02
-2.214265539999999817e+02,-2.250585910000000069e+02,-3.305000000000000000e+02
-2.115437359999999956e+02,-2.273046860000000038e+02,-3.292500000000000000e+02
-2.250203059999999766e+02,-2.075390500000000031e+02,-3.417500000000000000e+02
-2.133406119999999930e+02,-2.129296779999999956e+02,-3.292500000000000000e+02
-2.142390499999999918e+02,-2.246093720000000076e+02,-3.417500000000000000e+02
-2.259187440000000038e+02,-2.219140580000000114e+02,-3.342500000000000000e+02
-2.142390499999999918e+02,-2.286523430000000019e+02,-3.330000000000000000e+02
-2.034577939999999785e+02,-2.138281159999999943e+02,-3.417500000000000000e+02
-2.169343639999999880e+02,-2.088867070000000012e+02,-3.355000000000000000e+02
-2.232234299999999791e+02,-2.165234299999999905e+02,-3.292500000000000000e+02
-2.277156200000000013e+02,-2.156249919999999918e+02,-3.317500000000000000e+02
-2.214265539999999817e+02,-2.052929550000000063e+02,-3.405000000000000000e+02
-2.030085750000000075e+02,-2.138281159999999943e+02,-3.430000000000000000e+02
-2.272664010000000019e+02,-2.079882690000000025e+02,-3.367500000000000000e+02
-2.043562319999999772e+02,-2.165234299999999905e+02,-3.392500000000000000e+02
-2.088484219999999993e+02,-2.246093720000000076e+02,-3.417500000000000000e+02
-2.124421739999999943e+02,-2.156249919999999918e+02,-3.292500000000000000e+02
-2.110945169999999962e+02,-2.237109340000000088e+02,-3.355000000000000000e+02
-2.241218679999999779e+02,-2.165234299999999905e+02,-3.317500000000000000e+02
-2.200788969999999836e+02,-2.075390500000000031e+02,-3.380000000000000000e+02
-2.241218679999999779e+02,-2.237109340000000088e+02,-3.342500000000000000e+02
-2.268171820000000025e+02,-2.219140580000000114e+02,-3.342500000000000000e+02
-2.142390499999999918e+02,-2.165234299999999905e+02,-3.292500000000000000e+02
-2.169343639999999880e+02,-2.264062480000000050e+02,-3.367500000000000000e+02
-2.227742109999999798e+02,-2.210156200000000126e+02,-3.280000000000000000e+02
-2.232234299999999791e+02,-2.093359260000000006e+02,-3.342500000000000000e+02
-2.079499840000000006e+02,-2.138281159999999943e+02,-3.342500000000000000e+02
-2.322078099999999949e+02,-2.133788969999999949e+02,-3.380000000000000000e+02
-2.268171820000000025e+02,-2.084374880000000019e+02,-3.342500000000000000e+02
-2.115437359999999956e+02,-2.147265539999999930e+02,-3.342500000000000000e+02
-2.331062479999999937e+02,-2.201171820000000139e+02,-3.367500000000000000e+02
-2.223249919999999804e+02,-2.264062480000000050e+02,-3.317500000000000000e+02
-2.142390499999999918e+02,-2.115820209999999975e+02,-3.430000000000000000e+02
-2.259187440000000038e+02,-2.237109340000000088e+02,-3.342500000000000000e+02
-2.088484219999999993e+02,-2.120312399999999968e+02,-3.367500000000000000e+02
-2.092976409999999987e+02,-2.102343639999999994e+02,-3.380000000000000000e+02
-2.205281159999999829e+02,-2.057421740000000057e+02,-3.392500000000000000e+02
-2.227742109999999798e+02,-2.264062480000000050e+02,-3.355000000000000000e+02
-2.232234299999999791e+02,-2.246093720000000076e+02,-3.417500000000000000e+02
-2.160359259999999892e+02,-2.273046860000000038e+02,-3.317500000000000000e+02
-2.295124959999999987e+02,-2.282031240000000025e+02,-3.392500000000000000e+02
-2.196296779999999842e+02,-2.102343639999999994e+02,-3.417500000000000000e+02
-2.250203059999999766e+02,-2.268554670000000044e+02,-3.355000000000000000e+02
-2.034577939999999785e+02,-2.129296779999999956e+02,-3.417500000000000000e+02
-2.313093719999999962e+02,-2.120312399999999968e+02,-3.392500000000000000e+02
-2.124421739999999943e+02,-2.093359260000000006e+02,-3.367500000000000000e+02
-2.052546699999999760e+02,-2.165234299999999905e+02,-3.367500000000000000e+02
-2.322078099999999949e+02,-2.277539050000000032e+02,-3.405000000000000000e+02
-2.048054510000000050e+02,-2.219140580000000114e+02,-3.405000000000000000e+02
-2.205281159999999829e+02,-2.264062480000000050e+02,-3.342500000000000000e+02
-2.070515460000000019e+02,-2.246093720000000076e+02,-3.292500000000000000e+02
-2.178328019999999867e+02,-2.273046860000000038e+02,-3.342500000000000000e+02
-2.331062479999999937e+02,-2.192187440000000151e+02,-3.367500000000000000e+02
-2.322078099999999949e+02,-2.201171820000000139e+02,-3.367500000000000000e+02
-2.115437359999999956e+02,-2.097851450000000000e+02,-3.405000000000000000e+02
-2.241218679999999779e+02,-2.057421740000000057e+02,-3.417500000000000000e+02
-2.133406119999999930e+02,-2.268554670000000044e+02,-3.305000000000000000e+02
-2.340046859999999924e+02,-2.187695249999999874e+02,-3.405000000000000000e+02
-2.070515460000000019e+02,-2.201171820000000139e+02,-3.317500000000000000e+02
-2.268171820000000025e+02,-2.075390500000000031e+02,-3.367500000000000000e+02
-2.268171820000000025e+02,-2.183203059999999880e+02,-3.317500000000000000e+02
-2.340046859999999924e+02,-2.237109340000000088e+02,-3.367500000000000000e+02
-2.083992030000000000e+02,-2.183203059999999880e+02,-3.330000000000000000e+02
-2.110945169999999962e+02,-2.246093720000000076e+02,-3.355000000000000000e+02
-2.169343639999999880e+02,-2.255078100000000063e+02,-3.292500000000000000e+02
-2.079499840000000006e+02,-2.174218679999999893e+02,-3.342500000000000000e+02
-2.214265539999999817e+02,-2.138281159999999943e+02,-3.292500000000000000e+02
-2.308601529999999968e+02,-2.138281159999999943e+02,-3.355000000000000000e+02
-2.304109339999999975e+02,-2.192187440000000151e+02,-3.342500000000000000e+02
-2.178328019999999867e+02,-2.264062480000000050e+02,-3.317500000000000000e+02
-2.268171820000000025e+02,-2.255078100000000063e+02,-3.392500000000000000e+02
-2.335554669999999930e+02,-2.183203059999999880e+02,-3.405000000000000000e+02
-2.088484219999999993e+02,-2.237109340000000088e+02,-3.292500000000000000e+02
-2.268171820000000025e+02,-2.129296779999999956e+02,-3.342500000000000000e+02
-2.151374879999999905e+02,-2.264062480000000050e+02,-3.317500000000000000e+02
-2.151374879999999905e+02,-2.115820209999999975e+02,-3.330000000000000000e+02
-2.178328019999999867e+02,-2.250585910000000069e+02,-3.405000000000000000e+02
-2.106452979999999968e+02,-2.156249919999999918e+02,-3.292500000000000000e+02
-2.241218679999999779e+02,-2.057421740000000057e+02,-3.392500000000000000e+02
-2.196296779999999842e+02,-2.264062480000000050e+02,-3.317500000000000000e+02
-2.313093719999999962e+02,-2.138281159999999943e+02,-3.367500000000000000e+02
-2.142390499999999918e+02,-2.097851450000000000e+02,-3.405000000000000000e+02
-2.223249919999999804e+02,-2.255078100000000063e+02,-3.392500000000000000e+02
-2.169343639999999880e+02,-2.147265539999999930e+02,-3.292500000000000000e+02
-2.241218679999999779e+02,-2.129296779999999956e+02,-3.317500000000000000e+02
-2.160359259999999892e+02,-2.093359260000000006e+02,-3.367500000000000000e+02
-2.169343639999999880e+02,-2.088867070000000012e+02,-3.405000000000000000e+02
-2.061531079999999747e+02,-2.259570290000000057e+02,-3.280000000000000000e+02
-2.241218679999999779e+02,-2.264062480000000050e+02,-3.392500000000000000e+02
-2.259187440000000038e+02,-2.273046860000000038e+02,-3.392500000000000000e+02
-2.295124959999999987e+02,-2.241601530000000082e+02,-3.380000000000000000e+02
-2.250203059999999766e+02,-2.165234299999999905e+02,-3.317500000000000000e+02
-2.295124959999999987e+02,-2.102343639999999994e+02,-3.367500000000000000e+02
-2.304109339999999975e+02,-2.156249919999999918e+02,-3.317500000000000000e+02
-2.308601529999999968e+02,-2.165234299999999905e+02,-3.330000000000000000e+02
-2.259187440000000038e+02,-2.066406120000000044e+02,-3.417500000000000000e+02
-2.227742109999999798e+02,-2.192187440000000151e+02,-3.280000000000000000e+02
-2.124421739999999943e+02,-2.268554670000000044e+02,-3.380000000000000000e+02
-2.160359259999999892e+02,-2.111328019999999981e+02,-3.417500000000000000e+02
-2.083992030000000000e+02,-2.111328019999999981e+02,-3.380000000000000000e+02
-2.187312399999999855e+02,-2.111328019999999981e+02,-3.317500000000000000e+02
-2.308601529999999968e+02,-2.111328019999999981e+02,-3.380000000000000000e+02
-2.295124959999999987e+02,-2.084374880000000019e+02,-3.417500000000000000e+02
-2.331062479999999937e+02,-2.286523430000000019e+02,-3.430000000000000000e+02
-2.070515460000000019e+02,-2.210156200000000126e+02,-3.317500000000000000e+02
-2.061531079999999747e+02,-2.219140580000000114e+02,-3.342500000000000000e+02
-2.295124959999999987e+02,-2.232617150000000095e+02,-3.380000000000000000e+02
-2.241218679999999779e+02,-2.264062480000000050e+02,-3.367500000000000000e+02
-2.196296779999999842e+02,-2.282031240000000025e+02,-3.392500000000000000e+02
-2.304109339999999975e+02,-2.255078100000000063e+02,-3.392500000000000000e+02
-2.187312399999999855e+02,-2.286523430000000019e+02,-3.380000000000000000e+02
-2.227742109999999798e+02,-2.183203059999999880e+02,-3.280000000000000000e+02
-2.039070130000000063e+02,-2.174218679999999893e+02,-3.430000000000000000e+02
-2.272664010000000019e+02,-2.255078100000000063e+02,-3.380000000000000000e+02
-2.066023270000000025e+02,-2.201171820000000139e+02,-3.355000000000000000e+02
-2.160359259999999892e+02,-2.277539050000000032e+02,-3.355000000000000000e+02
-2.124421739999999943e+02,-2.268554670000000044e+02,-3.305000000000000000e+02
-2.205281159999999829e+02,-2.273046860000000038e+02,-3.367500000000000000e+02
-2.196296779999999842e+02,-2.259570290000000057e+02,-3.405000000000000000e+02
-2.142390499999999918e+02,-2.093359260000000006e+02,-3.367500000000000000e+02
-2.241218679999999779e+02,-2.088867070000000012e+02,-3.355000000000000000e+02
-2.205281159999999829e+02,-2.102343639999999994e+02,-3.417500000000000000e+02
-2.232234299999999791e+02,-2.084374880000000019e+02,-3.417500000000000000e+02
-2.331062479999999937e+02,-2.156249919999999918e+02,-3.367500000000000000e+02
-2.335554669999999930e+02,-2.165234299999999905e+02,-3.405000000000000000e+02
-2.259187440000000038e+02,-2.102343639999999994e+02,-3.417500000000000000e+02
-2.187312399999999855e+02,-2.264062480000000050e+02,-3.392500000000000000e+02
-2.196296779999999842e+02,-2.259570290000000057e+02,-3.280000000000000000e+02
-2.178328019999999867e+02,-2.250585910000000069e+02,-3.305000000000000000e+02
-2.039070130000000063e+02,-2.210156200000000126e+02,-3.405000000000000000e+02
-2.227742109999999798e+02,-2.174218679999999893e+02,-3.280000000000000000e+02
-2.034577939999999785e+02,-2.187695249999999874e+02,-3.405000000000000000e+02
-2.043562319999999772e+02,-2.174218679999999893e+02,-3.392500000000000000e+02
-2.070515460000000019e+02,-2.237109340000000088e+02,-3.392500000000000000e+02
-2.110945169999999962e+02,-2.246093720000000076e+02,-3.405000000000000000e+02
-2.254695249999999760e+02,-2.075390500000000031e+02,-3.380000000000000000e+02
-2.223249919999999804e+02,-2.052929550000000063e+02,-3.380000000000000000e+02
-2.097468599999999981e+02,-2.277539050000000032e+02,-3.280000000000000000e+02
-2.110945169999999962e+02,-2.273046860000000038e+02,-3.355000000000000000e+02
-2.331062479999999937e+02,-2.228124960000000101e+02,-3.417500000000000000e+02
-2.304109339999999975e+02,-2.120312399999999968e+02,-3.367500000000000000e+02
-2.182820209999999861e+02,-2.282031240000000025e+02,-3.380000000000000000e+02
-2.160359259999999892e+02,-2.255078100000000063e+02,-3.292500000000000000e+02
-2.223249919999999804e+02,-2.048437360000000069e+02,-3.392500000000000000e+02
-2.241218679999999779e+02,-2.192187440000000151e+02,-3.292500000000000000e+02
-2.340046859999999924e+02,-2.160742109999999911e+02,-3.430000000000000000e+02
-2.259187440000000038e+02,-2.264062480000000050e+02,-3.392500000000000000e+02
-2.344539049999999918e+02,-2.219140580000000114e+02,-3.430000000000000000e+02
-2.263679629999999747e+02,-2.264062480000000050e+02,-3.355000000000000000e+02
-2.196296779999999842e+02,-2.255078100000000063e+02,-3.417500000000000000e+02
-2.088484219999999993e+02,-2.192187440000000151e+02,-3.317500000000000000e+02
-2.169343639999999880e+02,-2.250585910000000069e+02,-3.405000000000000000e+02
-2.295124959999999987e+02,-2.286523430000000019e+02,-3.405000000000000000e+02
-2.124421739999999943e+02,-2.277539050000000032e+02,-3.355000000000000000e+02
-2.097468599999999981e+02,-2.246093720000000076e+02,-3.292500000000000000e+02
-2.205281159999999829e+02,-2.273046860000000038e+02,-3.342500000000000000e+02
-2.322078099999999949e+02,-2.183203059999999880e+02,-3.342500000000000000e+02
-2.263679629999999747e+02,-2.210156200000000126e+02,-3.330000000000000000e+02
-2.155867069999999899e+02,-2.093359260000000006e+02,-3.405000000000000000e+02
-2.115437359999999956e+02,-2.138281159999999943e+02,-3.317500000000000000e+02
-2.075007650000000012e+02,-2.183203059999999880e+02,-3.355000000000000000e+02
-2.313093719999999962e+02,-2.120312399999999968e+02,-3.417500000000000000e+02
-2.335554669999999930e+02,-2.156249919999999918e+02,-3.405000000000000000e+02
-2.160359259999999892e+02,-2.115820209999999975e+02,-3.305000000000000000e+02
-2.061531079999999747e+02,-2.210156200000000126e+02,-3.342500000000000000e+02
-2.205281159999999829e+02,-2.070898310000000038e+02,-3.355000000000000000e+02
-2.115437359999999956e+02,-2.129296779999999956e+02,-3.367500000000000000e+02
-2.313093719999999962e+02,-2.129296779999999956e+02,-3.392500000000000000e+02
-2.349031239999999912e+02,-2.174218679999999893e+02,-3.417500000000000000e+02
-2.254695249999999760e+02,-2.129296779999999956e+02,-3.330000000000000000e+02
-2.119929549999999949e+02,-2.129296779999999956e+02,-3.355000000000000000e+02
-2.115437359999999956e+02,-2.120312399999999968e+02,-3.367500000000000000e+02
-2.214265539999999817e+02,-2.255078100000000063e+02,-3.417500000000000000e+02
-2.241218679999999779e+02,-2.115820209999999975e+02,-3.430000000000000000e+02
-2.178328019999999867e+02,-2.088867070000000012e+02,-3.380000000000000000e+02
-2.250203059999999766e+02,-2.129296779999999956e+02,-3.317500000000000000e+02
-2.128913929999999937e+02,-2.147265539999999930e+02,-3.330000000000000000e+02
-2.223249919999999804e+02,-2.273046860000000038e+02,-3.417500000000000000e+02
-2.137898309999999924e+02,-2.120312399999999968e+02,-3.330000000000000000e+02
-2.178328019999999867e+02,-2.246093720000000076e+02,-3.417500000000000000e+02
-2.277156200000000013e+02,-2.070898310000000038e+02,-3.405000000000000000e+02
-2.331062479999999937e+02,-2.246093720000000076e+02,-3.417500000000000000e+02
-2.218757729999999810e+02,-2.273046860000000038e+02,-3.405000000000000000e+02
-2.151374879999999905e+02,-2.102343639999999994e+02,-3.417500000000000000e+02
-2.101960789999999974e+02,-2.282031240000000025e+02,-3.330000000000000000e+02
-2.205281159999999829e+02,-2.084374880000000019e+02,-3.342500000000000000e+02
-2.349031239999999912e+02,-2.237109340000000088e+02,-3.392500000000000000e+02
-2.133406119999999930e+02,-2.111328019999999981e+02,-3.417500000000000000e+02
-2.245710869999999773e+02,-2.228124960000000101e+02,-3.330000000000000000e+02
-2.187312399999999855e+02,-2.124804589999999962e+02,-3.305000000000000000e+02
-2.178328019999999867e+02,-2.093359260000000006e+02,-3.417500000000000000e+02
-2.088484219999999993e+02,-2.147265539999999930e+02,-3.342500000000000000e+02
-2.070515460000000019e+02,-2.115820209999999975e+02,-3.430000000000000000e+02
-2.088484219999999993e+02,-2.174218679999999893e+02,-3.292500000000000000e+02
-2.236726489999999785e+02,-2.084374880000000019e+02,-3.355000000000000000e+02
-2.070515460000000019e+02,-2.219140580000000114e+02,-3.292500000000000000e+02
-2.097468599999999981e+02,-2.273046860000000038e+02,-3.292500000000000000e+02
-2.124421739999999943e+02,-2.277539050000000032e+02,-3.280000000000000000e+02
-2.331062479999999937e+02,-2.223632770000000107e+02,-3.380000000000000000e+02
-2.043562319999999772e+02,-2.120312399999999968e+02,-3.417500000000000000e+02
-2.241218679999999779e+02,-2.232617150000000095e+02,-3.330000000000000000e+02
-2.106452979999999968e+02,-2.255078100000000063e+02,-3.342500000000000000e+02
-2.169343639999999880e+02,-2.255078100000000063e+02,-3.392500000000000000e+02
-2.048054510000000050e+02,-2.219140580000000114e+02,-3.355000000000000000e+02
-2.214265539999999817e+02,-2.111328019999999981e+02,-3.417500000000000000e+02
-2.223249919999999804e+02,-2.093359260000000006e+02,-3.417500000000000000e+02
-2.277156200000000013e+02,-2.147265539999999930e+02,-3.317500000000000000e+02
-2.227742109999999798e+02,-2.237109340000000088e+02,-3.280000000000000000e+02
-2.079499840000000006e+02,-2.282031240000000025e+02,-3.292500000000000000e+02
-2.133406119999999930e+02,-2.165234299999999905e+02,-3.292500000000000000e+02
-2.250203059999999766e+02,-2.093359260000000006e+02,-3.417500000000000000e+02
-2.241218679999999779e+02,-2.138281159999999943e+02,-3.317500000000000000e+02
-2.106452979999999968e+02,-2.264062480000000050e+02,-3.292500000000000000e+02
-2.178328019999999867e+02,-2.129296779999999956e+02,-3.292500000000000000e+02
-2.034577939999999785e+02,-2.147265539999999930e+02,-3.417500000000000000e+02
-2.097468599999999981e+02,-2.232617150000000095e+02,-3.330000000000000000e+02
-2.079499840000000006e+02,-2.165234299999999905e+02,-3.342500000000000000e+02
-2.277156200000000013e+02,-2.259570290000000057e+02,-3.430000000000000000e+02
-2.196296779999999842e+02,-2.147265539999999930e+02,-3.292500000000000000e+02
-2.178328019999999867e+02,-2.156249919999999918e+02,-3.292500000000000000e+02
-2.187312399999999855e+02,-2.111328019999999981e+02,-3.417500000000000000e+02
-2.259187440000000038e+02,-2.264062480000000050e+02,-3.417500000000000000e+02
-2.097468599999999981e+02,-2.133788969999999949e+02,-3.355000000000000000e+02
-2.272664010000000019e+02,-2.066406120000000044e+02,-3.405000000000000000e+02
-2.052546699999999760e+02,-2.192187440000000151e+02,-3.367500000000000000e+02
-2.061531079999999747e+02,-2.232617150000000095e+02,-3.355000000000000000e+02
-2.169343639999999880e+02,-2.246093720000000076e+02,-3.417500000000000000e+02
-2.187312399999999855e+02,-2.273046860000000038e+02,-3.342500000000000000e+02
-2.043562319999999772e+02,-2.156249919999999918e+02,-3.392500000000000000e+02
-2.340046859999999924e+02,-2.214648390000000120e+02,-3.405000000000000000e+02
-2.048054510000000050e+02,-2.129296779999999956e+02,-3.380000000000000000e+02
-2.088484219999999993e+02,-2.237109340000000088e+02,-3.392500000000000000e+02
-2.259187440000000038e+02,-2.084374880000000019e+02,-3.417500000000000000e+02
-2.196296779999999842e+02,-2.246093720000000076e+02,-3.417500000000000000e+02
-2.268171820000000025e+02,-2.210156200000000126e+02,-3.342500000000000000e+02
-2.232234299999999791e+02,-2.106835829999999987e+02,-3.330000000000000000e+02
-2.313093719999999962e+02,-2.165234299999999905e+02,-3.342500000000000000e+02
-2.259187440000000038e+02,-2.156249919999999918e+02,-3.317500000000000000e+02
-2.304109339999999975e+02,-2.106835829999999987e+02,-3.430000000000000000e+02
-2.326570289999999943e+02,-2.246093720000000076e+02,-3.405000000000000000e+02
-2.205281159999999829e+02,-2.259570290000000057e+02,-3.280000000000000000e+02
-2.205281159999999829e+02,-2.052929550000000063e+02,-3.405000000000000000e+02
-2.115437359999999956e+02,-2.102343639999999994e+02,-3.417500000000000000e+02
-2.097468599999999981e+02,-2.093359260000000006e+02,-3.367500000000000000e+02
-2.057038890000000038e+02,-2.219140580000000114e+02,-3.380000000000000000e+02
-2.124421739999999943e+02,-2.115820209999999975e+02,-3.305000000000000000e+02
-2.030085750000000075e+02,-2.156249919999999918e+02,-3.405000000000000000e+02
-2.097468599999999981e+02,-2.246093720000000076e+02,-3.417500000000000000e+02
-2.196296779999999842e+02,-2.282031240000000025e+02,-3.367500000000000000e+02
-2.151374879999999905e+02,-2.250585910000000069e+02,-3.405000000000000000e+02
-2.331062479999999937e+02,-2.223632770000000107e+02,-3.405000000000000000e+02
-2.259187440000000038e+02,-2.201171820000000139e+02,-3.317500000000000000e+02
-2.250203059999999766e+02,-2.097851450000000000e+02,-3.355000000000000000e+02
-2.061531079999999747e+02,-2.183203059999999880e+02,-3.367500000000000000e+02
-2.223249919999999804e+02,-2.147265539999999930e+02,-3.292500000000000000e+02
-2.169343639999999880e+02,-2.093359260000000006e+02,-3.342500000000000000e+02
-2.331062479999999937e+02,-2.142773349999999937e+02,-3.430000000000000000e+02
-2.106452979999999968e+02,-2.151757729999999924e+02,-3.330000000000000000e+02
-2.268171820000000025e+02,-2.192187440000000151e+02,-3.317500000000000000e+02
-2.281648390000000006e+02,-2.084374880000000019e+02,-3.430000000000000000e+02
-2.061531079999999747e+02,-2.201171820000000139e+02,-3.367500000000000000e+02
-2.227742109999999798e+02,-2.111328019999999981e+02,-3.330000000000000000e+02
-2.272664010000000019e+02,-2.084374880000000019e+02,-3.430000000000000000e+02
-2.070515460000000019e+02,-2.147265539999999930e+02,-3.367500000000000000e+02
-2.052546699999999760e+02,-2.223632770000000107e+02,-3.355000000000000000e+02
-2.322078099999999949e+02,-2.264062480000000050e+02,-3.392500000000000000e+02
-2.272664010000000019e+02,-2.084374880000000019e+02,-3.355000000000000000e+02
-2.070515460000000019e+02,-2.183203059999999880e+02,-3.367500000000000000e+02
-2.259187440000000038e+02,-2.255078100000000063e+02,-3.367500000000000000e+02
-2.259187440000000038e+02,-2.250585910000000069e+02,-3.380000000000000000e+02
-2.133406119999999930e+02,-2.142773349999999937e+02,-3.330000000000000000e+02
-2.241218679999999779e+02,-2.111328019999999981e+02,-3.417500000000000000e+02
-2.214265539999999817e+02,-2.102343639999999994e+02,-3.417500000000000000e+02
-2.079499840000000006e+02,-2.246093720000000076e+02,-3.292500000000000000e+02
-2.075007650000000012e+02,-2.192187440000000151e+02,-3.355000000000000000e+02
-2.286140580000000000e+02,-2.255078100000000063e+02,-3.367500000000000000e+02
-2.187312399999999855e+02,-2.264062480000000050e+02,-3.317500000000000000e+02
-2.268171820000000025e+02,-2.165234299999999905e+02,-3.317500000000000000e+02
-2.268171820000000025e+02,-2.070898310000000038e+02,-3.355000000000000000e+02
-2.196296779999999842e+02,-2.273046860000000038e+02,-3.342500000000000000e+02
-2.304109339999999975e+02,-2.273046860000000038e+02,-3.392500000000000000e+02
-2.048054510000000050e+02,-2.174218679999999893e+02,-3.380000000000000000e+02
-2.313093719999999962e+02,-2.129296779999999956e+02,-3.417500000000000000e+02
-2.151374879999999905e+02,-2.273046860000000038e+02,-3.317500000000000000e+02
-2.232234299999999791e+02,-2.228124960000000101e+02,-3.292500000000000000e+02
-2.205281159999999829e+02,-2.070898310000000038e+02,-3.380000000000000000e+02
-2.088484219999999993e+02,-2.232617150000000095e+02,-3.330000000000000000e+02
-2.178328019999999867e+02,-2.277539050000000032e+02,-3.330000000000000000e+02
-2.079499840000000006e+02,-2.129296779999999956e+02,-3.367500000000000000e+02
-2.075007650000000012e+02,-2.174218679999999893e+02,-3.355000000000000000e+02
-2.223249919999999804e+02,-2.070898310000000038e+02,-3.355000000000000000e+02
-2.272664010000000019e+02,-2.093359260000000006e+02,-3.430000000000000000e+02
-2.097468599999999981e+02,-2.232617150000000095e+02,-3.380000000000000000e+02
-2.196296779999999842e+02,-2.273046860000000038e+02,-3.317500000000000000e+02
-2.196296779999999842e+02,-2.124804589999999962e+02,-3.305000000000000000e+02
-2.349031239999999912e+02,-2.169726489999999899e+02,-3.430000000000000000e+02
-2.241218679999999779e+02,-2.174218679999999893e+02,-3.292500000000000000e+02
-2.232234299999999791e+02,-2.066406120000000044e+02,-3.417500000000000000e+02
-2.043562319999999772e+02,-2.205664010000000133e+02,-3.355000000000000000e+02
-2.268171820000000025e+02,-2.259570290000000057e+02,-3.430000000000000000e+02
-2.142390499999999918e+02,-2.264062480000000050e+02,-3.392500000000000000e+02
-2.187312399999999855e+02,-2.277539050000000032e+02,-3.330000000000000000e+02
-2.106452979999999968e+02,-2.277539050000000032e+02,-3.280000000000000000e+02
-2.160359259999999892e+02,-2.264062480000000050e+02,-3.367500000000000000e+02
-2.115437359999999956e+02,-2.165234299999999905e+02,-3.292500000000000000e+02
-2.133406119999999930e+02,-2.138281159999999943e+02,-3.317500000000000000e+02
-2.133406119999999930e+02,-2.093359260000000006e+02,-3.367500000000000000e+02
-2.223249919999999804e+02,-2.160742109999999911e+02,-3.280000000000000000e+02
-2.263679629999999747e+02,-2.255078100000000063e+02,-3.430000000000000000e+02
-2.250203059999999766e+02,-2.273046860000000038e+02,-3.392500000000000000e+02
-2.308601529999999968e+02,-2.120312399999999968e+02,-3.405000000000000000e+02
-2.124421739999999943e+02,-2.093359260000000006e+02,-3.392500000000000000e+02
-2.083992030000000000e+02,-2.165234299999999905e+02,-3.330000000000000000e+02
-2.083992030000000000e+02,-2.120312399999999968e+02,-3.380000000000000000e+02
-2.335554669999999930e+02,-2.273046860000000038e+02,-3.430000000000000000e+02
-2.115437359999999956e+02,-2.241601530000000082e+02,-3.380000000000000000e+02
-2.088484219999999993e+02,-2.232617150000000095e+02,-3.380000000000000000e+02
-2.358015619999999899e+02,-2.205664010000000133e+02,-3.430000000000000000e+02
-2.133406119999999930e+02,-2.093359260000000006e+02,-3.392500000000000000e+02
-2.142390499999999918e+02,-2.277539050000000032e+02,-3.355000000000000000e+02
-2.124421739999999943e+02,-2.129296779999999956e+02,-3.317500000000000000e+02
-2.124421739999999943e+02,-2.147265539999999930e+02,-3.292500000000000000e+02
-2.304109339999999975e+02,-2.097851450000000000e+02,-3.380000000000000000e+02
-2.124421739999999943e+02,-2.115820209999999975e+02,-3.430000000000000000e+02
-2.075007650000000012e+02,-2.138281159999999943e+02,-3.355000000000000000e+02
-2.308601529999999968e+02,-2.129296779999999956e+02,-3.405000000000000000e+02
-2.142390499999999918e+02,-2.147265539999999930e+02,-3.292500000000000000e+02
-2.205281159999999829e+02,-2.115820209999999975e+02,-3.430000000000000000e+02
-2.322078099999999949e+02,-2.241601530000000082e+02,-3.380000000000000000e+02
-2.061531079999999747e+02,-2.192187440000000151e+02,-3.367500000000000000e+02
-2.286140580000000000e+02,-2.273046860000000038e+02,-3.417500000000000000e+02
-2.281648390000000006e+02,-2.264062480000000050e+02,-3.430000000000000000e+02
-2.250203059999999766e+02,-2.084374880000000019e+02,-3.417500000000000000e+02
-2.106452979999999968e+02,-2.250585910000000069e+02,-3.305000000000000000e+02
-2.187312399999999855e+02,-2.250585910000000069e+02,-3.305000000000000000e+02
-2.353523429999999905e+02,-2.210156200000000126e+02,-3.430000000000000000e+02
-2.196296779999999842e+02,-2.286523430000000019e+02,-3.380000000000000000e+02
-2.317585909999999956e+02,-2.138281159999999943e+02,-3.405000000000000000e+02
-2.187312399999999855e+02,-2.093359260000000006e+02,-3.342500000000000000e+02
-2.277156200000000013e+02,-2.138281159999999943e+02,-3.317500000000000000e+02
-2.205281159999999829e+02,-2.084374880000000019e+02,-3.417500000000000000e+02
-2.061531079999999747e+02,-2.232617150000000095e+02,-3.405000000000000000e+02
-2.214265539999999817e+02,-2.120312399999999968e+02,-3.317500000000000000e+02
-2.205281159999999829e+02,-2.138281159999999943e+02,-3.292500000000000000e+02
-2.169343639999999880e+02,-2.102343639999999994e+02,-3.417500000000000000e+02
-2.286140580000000000e+02,-2.210156200000000126e+02,-3.342500000000000000e+02
-2.223249919999999804e+02,-2.138281159999999943e+02,-3.292500000000000000e+02
-2.308601529999999968e+02,-2.111328019999999981e+02,-3.405000000000000000e+02
-2.205281159999999829e+02,-2.124804589999999962e+02,-3.305000000000000000e+02
-2.223249919999999804e+02,-2.111328019999999981e+02,-3.417500000000000000e+02
-2.097468599999999981e+02,-2.237109340000000088e+02,-3.392500000000000000e+02
-2.313093719999999962e+02,-2.282031240000000025e+02,-3.392500000000000000e+02
-2.061531079999999747e+02,-2.237109340000000088e+02,-3.292500000000000000e+02
-2.196296779999999842e+02,-2.241601530000000082e+02,-3.430000000000000000e+02
-2.322078099999999949e+02,-2.138281159999999943e+02,-3.392500000000000000e+02
-2.142390499999999918e+02,-2.268554670000000044e+02,-3.380000000000000000e+02
-2.160359259999999892e+02,-2.273046860000000038e+02,-3.367500000000000000e+02
-2.223249919999999804e+02,-2.133788969999999949e+02,-3.305000000000000000e+02
-2.160359259999999892e+02,-2.102343639999999994e+02,-3.342500000000000000e+02
-2.250203059999999766e+02,-2.255078100000000063e+02,-3.342500000000000000e+02
-2.075007650000000012e+02,-2.174218679999999893e+02,-3.280000000000000000e+02
-2.115437359999999956e+02,-2.264062480000000050e+02,-3.367500000000000000e+02
-2.340046859999999924e+02,-2.241601530000000082e+02,-3.380000000000000000e+02
-2.196296779999999842e+02,-2.264062480000000050e+02,-3.392500000000000000e+02
-2.245710869999999773e+02,-2.057421740000000057e+02,-3.405000000000000000e+02
-2.205281159999999829e+02,-2.268554670000000044e+02,-3.405000000000000000e+02
-2.223249919999999804e+02,-2.043945170000000076e+02,-3.405000000000000000e+02
-2.299617149999999981e+02,-2.219140580000000114e+02,-3.355000000000000000e+02
-2.344539049999999918e+02,-2.282031240000000025e+02,-3.430000000000000000e+02
-2.146882689999999911e+02,-2.165234299999999905e+02,-3.280000000000000000e+02
-2.277156200000000013e+02,-2.228124960000000101e+02,-3.342500000000000000e+02
-2.313093719999999962e+02,-2.142773349999999937e+02,-3.355000000000000000e+02
-2.331062479999999937e+02,-2.151757729999999924e+02,-3.405000000000000000e+02
-2.110945169999999962e+02,-2.255078100000000063e+02,-3.355000000000000000e+02
-2.151374879999999905e+02,-2.111328019999999981e+02,-3.342500000000000000e+02
-2.079499840000000006e+02,-2.264062480000000050e+02,-3.292500000000000000e+02
-2.160359259999999892e+02,-2.115820209999999975e+02,-3.330000000000000000e+02
-2.326570289999999943e+02,-2.192187440000000151e+02,-3.355000000000000000e+02
-2.335554669999999930e+02,-2.165234299999999905e+02,-3.380000000000000000e+02
-2.119929549999999949e+02,-2.246093720000000076e+02,-3.380000000000000000e+02
-2.160359259999999892e+02,-2.111328019999999981e+02,-3.342500000000000000e+02
-2.259187440000000038e+02,-2.277539050000000032e+02,-3.405000000000000000e+02
-2.057038890000000038e+02,-2.255078100000000063e+02,-3.280000000000000000e+02
-2.304109339999999975e+02,-2.138281159999999943e+02,-3.342500000000000000e+02
-2.308601529999999968e+02,-2.093359260000000006e+02,-3.405000000000000000e+02
-2.304109339999999975e+02,-2.147265539999999930e+02,-3.317500000000000000e+02
-2.349031239999999912e+02,-2.214648390000000120e+02,-3.430000000000000000e+02
-2.061531079999999747e+02,-2.115820209999999975e+02,-3.430000000000000000e+02
-2.169343639999999880e+02,-2.115820209999999975e+02,-3.330000000000000000e+02
-2.322078099999999949e+02,-2.147265539999999930e+02,-3.342500000000000000e+02
-2.097468599999999981e+02,-2.138281159999999943e+02,-3.342500000000000000e+02
-2.088484219999999993e+02,-2.210156200000000126e+02,-3.292500000000000000e+02
-2.142390499999999918e+02,-2.255078100000000063e+02,-3.392500000000000000e+02
-2.286140580000000000e+02,-2.187695249999999874e+02,-3.330000000000000000e+02
-2.079499840000000006e+02,-2.210156200000000126e+02,-3.292500000000000000e+02
-2.142390499999999918e+02,-2.273046860000000038e+02,-3.367500000000000000e+02
-2.259187440000000038e+02,-2.264062480000000050e+02,-3.367500000000000000e+02
-2.097468599999999981e+02,-2.228124960000000101e+02,-3.342500000000000000e+02
-2.313093719999999962e+02,-2.147265539999999930e+02,-3.342500000000000000e+02
-2.119929549999999949e+02,-2.120312399999999968e+02,-3.305000000000000000e+02
-2.214265539999999817e+02,-2.066406120000000044e+02,-3.367500000000000000e+02
-2.196296779999999842e+02,-2.075390500000000031e+02,-3.417500000000000000e+02
-2.196296779999999842e+02,-2.084374880000000019e+02,-3.342500000000000000e+02
-2.196296779999999842e+02,-2.084374880000000019e+02,-3.367500000000000000e+02
-2.259187440000000038e+02,-2.111328019999999981e+02,-3.342500000000000000e+02
-2.043562319999999772e+02,-2.210156200000000126e+02,-3.392500000000000000e+02
-2.034577939999999785e+02,-2.165234299999999905e+02,-3.392500000000000000e+02
-2.079499840000000006e+02,-2.273046860000000038e+02,-3.292500000000000000e+02
-2.349031239999999912e+02,-2.237109340000000088e+02,-3.367500000000000000e+02
-2.088484219999999993e+02,-2.219140580000000114e+02,-3.317500000000000000e+02
-2.277156200000000013e+02,-2.174218679999999893e+02,-3.317500000000000000e+02
-2.142390499999999918e+02,-2.169726489999999899e+02,-3.280000000000000000e+02
-2.196296779999999842e+02,-2.066406120000000044e+02,-3.417500000000000000e+02
-2.119929549999999949e+02,-2.120312399999999968e+02,-3.355000000000000000e+02
-2.106452979999999968e+02,-2.246093720000000076e+02,-3.417500000000000000e+02
-2.286140580000000000e+02,-2.084374880000000019e+02,-3.417500000000000000e+02
-2.151374879999999905e+02,-2.093359260000000006e+02,-3.367500000000000000e+02
-2.304109339999999975e+02,-2.142773349999999937e+02,-3.330000000000000000e+02
-2.052546699999999760e+02,-2.210156200000000126e+02,-3.342500000000000000e+02
-2.223249919999999804e+02,-2.259570290000000057e+02,-3.355000000000000000e+02
-2.048054510000000050e+02,-2.165234299999999905e+02,-3.380000000000000000e+02
-2.169343639999999880e+02,-2.277539050000000032e+02,-3.330000000000000000e+02
