-1.682812500000000000e+02,-1.786374969999999962e+02,-3.131650087499999700e+02
-1.633593750000000000e+02,-1.772312469999999962e+02,-3.006650083928571462e+02
-1.661718750000000000e+02,-1.737156219999999962e+02,-3.006650083928571462e+02
-1.696875000000000000e+02,-1.849656219999999962e+02,-3.106650086785714393e+02
-1.605468750000000000e+02,-1.912937469999999962e+02,-3.081650086071428518e+02
-1.591406250000000000e+02,-1.877781219999999962e+02,-3.156650088214285574e+02
-1.640625000000000000e+02,-1.779343719999999962e+02,-3.006650083928571462e+02
-1.545703125000000000e+02,-1.730124969999999962e+02,-3.094150086428571171e+02
-1.542187500000000000e+02,-1.744187469999999962e+02,-3.006650083928571462e+02
-1.714453125000000000e+02,-1.849656219999999962e+02,-3.094150086428571171e+02
-1.619531250000000000e+02,-1.884812469999999962e+02,-3.006650083928571462e+02
-1.577343750000000000e+02,-1.747703094999999962e+02,-2.994150083571428809e+02
-1.528125000000000000e+02,-1.765281219999999962e+02,-3.156650088214285574e+02
-1.619531250000000000e+02,-1.719578094999999962e+02,-3.119150087142857046e+02
-1.696875000000000000e+02,-1.835593719999999962e+02,-3.131650087499999700e+02
-1.626562500000000000e+02,-1.828562469999999962e+02,-3.206650089642857324e+02
-1.616015625000000000e+02,-1.772312469999999962e+02,-2.969150082857142934e+02
-1.531640625000000000e+02,-1.863718719999999962e+02,-3.044150084999999990e+02
-1.570312500000000000e+02,-1.814499969999999962e+02,-2.981650083214285587e+02
-1.654687500000000000e+02,-1.856687469999999962e+02,-3.131650087499999700e+02
-1.637109375000000000e+02,-1.723093719999999962e+02,-3.169150088571428796e+02
-1.570312500000000000e+02,-1.877781219999999962e+02,-3.156650088214285574e+02
-1.570312500000000000e+02,-1.709031219999999962e+02,-3.056650085357142643e+02
-1.689843750000000000e+02,-1.835593719999999962e+02,-3.131650087499999700e+02
-1.612500000000000000e+02,-1.723093719999999962e+02,-3.031650084642857337e+02
-1.682812500000000000e+02,-1.747703094999999962e+02,-3.069150085714285865e+02
-1.668750000000000000e+02,-1.800437469999999962e+02,-3.006650083928571462e+02
-1.658203125000000000e+02,-1.723093719999999962e+02,-3.069150085714285865e+02
-1.626562500000000000e+02,-1.884812469999999962e+02,-3.156650088214285574e+02
-1.531640625000000000e+02,-1.779343719999999962e+02,-3.019150084285714115e+02
-1.644140625000000000e+02,-1.730124969999999962e+02,-3.044150084999999990e+02
-1.556250000000000000e+02,-1.803953094999999962e+02,-2.969150082857142934e+02
-1.640625000000000000e+02,-1.772312469999999962e+02,-3.181650088928571449e+02
-1.661718750000000000e+02,-1.891843719999999962e+02,-3.106650086785714393e+02
-1.633593750000000000e+02,-1.877781219999999962e+02,-3.006650083928571462e+02
-1.640625000000000000e+02,-1.898874969999999962e+02,-3.006650083928571462e+02
-1.640625000000000000e+02,-1.874265594999999962e+02,-2.994150083571428809e+02
-1.612500000000000000e+02,-1.867234344999999962e+02,-3.169150088571428796e+02
-1.542187500000000000e+02,-1.772312469999999962e+02,-3.206650089642857324e+02
-1.633593750000000000e+02,-1.719578094999999962e+02,-3.169150088571428796e+02
-1.531640625000000000e+02,-1.737156219999999962e+02,-3.069150085714285865e+02
-1.644140625000000000e+02,-1.723093719999999962e+02,-3.144150087857142921e+02
-1.563281250000000000e+02,-1.835593719999999962e+02,-2.981650083214285587e+02
-1.570312500000000000e+02,-1.712546844999999962e+02,-3.044150084999999990e+02
-1.710937500000000000e+02,-1.842624969999999962e+02,-3.106650086785714393e+02
-1.542187500000000000e+02,-1.839109344999999962e+02,-3.194150089285714103e+02
-1.598437500000000000e+02,-1.905906219999999962e+02,-3.081650086071428518e+02
-1.675781250000000000e+02,-1.895359344999999962e+02,-3.094150086428571171e+02
-1.549218750000000000e+02,-1.800437469999999962e+02,-2.981650083214285587e+02
-1.591406250000000000e+02,-1.705515594999999962e+02,-3.094150086428571171e+02
-1.633593750000000000e+02,-1.912937469999999962e+02,-3.081650086071428518e+02
-1.524609375000000000e+02,-1.751218719999999962e+02,-3.069150085714285865e+02
-1.577343750000000000e+02,-1.786374969999999962e+02,-3.206650089642857324e+02
-1.538671875000000000e+02,-1.849656219999999962e+02,-3.019150084285714115e+02
-1.675781250000000000e+02,-1.856687469999999962e+02,-3.031650084642857337e+02
-1.703906250000000000e+02,-1.779343719999999962e+02,-3.006650083928571462e+02
-1.563281250000000000e+02,-1.856687469999999962e+02,-3.206650089642857324e+02
-1.647656250000000000e+02,-1.737156219999999962e+02,-3.131650087499999700e+02
-1.689843750000000000e+02,-1.818015594999999962e+02,-3.144150087857142921e+02
-1.637109375000000000e+02,-1.849656219999999962e+02,-3.194150089285714103e+02
-1.696875000000000000e+02,-1.775828094999999962e+02,-3.094150086428571171e+02
-1.654687500000000000e+02,-1.814499969999999962e+02,-3.006650083928571462e+02
-1.542187500000000000e+02,-1.737156219999999962e+02,-3.006650083928571462e+02
-1.661718750000000000e+02,-1.765281219999999962e+02,-3.156650088214285574e+02
-1.689843750000000000e+02,-1.807468719999999962e+02,-3.006650083928571462e+02
-1.570312500000000000e+02,-1.779343719999999962e+02,-3.206650089642857324e+02
-1.651171875000000000e+02,-1.821531219999999962e+02,-3.194150089285714103e+02
-1.689843750000000000e+02,-1.849656219999999962e+02,-3.081650086071428518e+02
-1.552734375000000000e+02,-1.758249969999999962e+02,-3.169150088571428796e+02
-1.619531250000000000e+02,-1.891843719999999962e+02,-3.006650083928571462e+02
-1.675781250000000000e+02,-1.786374969999999962e+02,-3.156650088214285574e+02
-1.682812500000000000e+02,-1.870749969999999962e+02,-3.031650084642857337e+02
-1.640625000000000000e+02,-1.723093719999999962e+02,-3.156650088214285574e+02
-1.682812500000000000e+02,-1.888328094999999962e+02,-3.094150086428571171e+02
-1.686328125000000000e+02,-1.877781219999999962e+02,-3.094150086428571171e+02
-1.552734375000000000e+02,-1.856687469999999962e+02,-3.219150089999999977e+02
-1.633593750000000000e+02,-1.912937469999999962e+02,-3.031650084642857337e+02
-1.668750000000000000e+02,-1.877781219999999962e+02,-3.006650083928571462e+02
-1.605468750000000000e+02,-1.737156219999999962e+02,-3.181650088928571449e+02
-1.584375000000000000e+02,-1.712546844999999962e+02,-3.119150087142857046e+02
-1.619531250000000000e+02,-1.835593719999999962e+02,-2.981650083214285587e+02
-1.679296875000000000e+02,-1.793406219999999962e+02,-3.144150087857142921e+02
-1.531640625000000000e+02,-1.842624969999999962e+02,-3.044150084999999990e+02
-1.549218750000000000e+02,-1.723093719999999962e+02,-3.031650084642857337e+02
-1.640625000000000000e+02,-1.726609344999999962e+02,-3.044150084999999990e+02
-1.535156250000000000e+02,-1.786374969999999962e+02,-3.206650089642857324e+02
-1.686328125000000000e+02,-1.828562469999999962e+02,-3.144150087857142921e+02
-1.531640625000000000e+02,-1.814499969999999962e+02,-3.044150084999999990e+02
-1.710937500000000000e+02,-1.849656219999999962e+02,-3.081650086071428518e+02
-1.668750000000000000e+02,-1.870749969999999962e+02,-3.006650083928571462e+02
-1.675781250000000000e+02,-1.772312469999999962e+02,-3.006650083928571462e+02
-1.700390625000000000e+02,-1.863718719999999962e+02,-3.094150086428571171e+02
-1.528125000000000000e+02,-1.835593719999999962e+02,-3.156650088214285574e+02
-1.598437500000000000e+02,-1.923484344999999962e+02,-3.069150085714285865e+02
-1.531640625000000000e+02,-1.744187469999999962e+02,-3.094150086428571171e+02
-1.521093750000000000e+02,-1.814499969999999962e+02,-3.081650086071428518e+02
-1.714453125000000000e+02,-1.800437469999999962e+02,-3.019150084285714115e+02
-1.545703125000000000e+02,-1.842624969999999962e+02,-3.219150089999999977e+02
-1.601953125000000000e+02,-1.898874969999999962e+02,-3.019150084285714115e+02
-1.531640625000000000e+02,-1.828562469999999962e+02,-3.044150084999999990e+02
-1.693359375000000000e+02,-1.772312469999999962e+02,-3.094150086428571171e+02
-1.535156250000000000e+02,-1.796921844999999962e+02,-2.994150083571428809e+02
-1.640625000000000000e+02,-1.758249969999999962e+02,-3.181650088928571449e+02
-1.598437500000000000e+02,-1.888328094999999962e+02,-3.119150087142857046e+02
-1.640625000000000000e+02,-1.863718719999999962e+02,-2.981650083214285587e+02
-1.710937500000000000e+02,-1.786374969999999962e+02,-3.006650083928571462e+02
-1.514062500000000000e+02,-1.765281219999999962e+02,-3.131650087499999700e+02
-1.640625000000000000e+02,-1.719578094999999962e+02,-3.144150087857142921e+02
-1.591406250000000000e+02,-1.867234344999999962e+02,-3.169150088571428796e+02
-1.626562500000000000e+02,-1.719578094999999962e+02,-3.044150084999999990e+02
-1.528125000000000000e+02,-1.800437469999999962e+02,-3.056650085357142643e+02
-1.675781250000000000e+02,-1.863718719999999962e+02,-3.006650083928571462e+02
-1.612500000000000000e+02,-1.737156219999999962e+02,-3.181650088928571449e+02
-1.633593750000000000e+02,-1.807468719999999962e+02,-2.981650083214285587e+02
-1.531640625000000000e+02,-1.800437469999999962e+02,-3.019150084285714115e+02
-1.668750000000000000e+02,-1.758249969999999962e+02,-3.106650086785714393e+02
-1.556250000000000000e+02,-1.793406219999999962e+02,-3.206650089642857324e+02
-1.647656250000000000e+02,-1.751218719999999962e+02,-3.006650083928571462e+02
-1.682812500000000000e+02,-1.884812469999999962e+02,-3.106650086785714393e+02
-1.605468750000000000e+02,-1.744187469999999962e+02,-3.006650083928571462e+02
-1.573828125000000000e+02,-1.709031219999999962e+02,-3.094150086428571171e+02
-1.577343750000000000e+02,-1.863718719999999962e+02,-3.181650088928571449e+02
-1.542187500000000000e+02,-1.835593719999999962e+02,-3.181650088928571449e+02
-1.675781250000000000e+02,-1.874265594999999962e+02,-3.119150087142857046e+02
-1.640625000000000000e+02,-1.786374969999999962e+02,-3.006650083928571462e+02
-1.521093750000000000e+02,-1.772312469999999962e+02,-3.081650086071428518e+02
-1.696875000000000000e+02,-1.814499969999999962e+02,-3.056650085357142643e+02
-1.549218750000000000e+02,-1.737156219999999962e+02,-3.131650087499999700e+02
-1.651171875000000000e+02,-1.891843719999999962e+02,-3.119150087142857046e+02
-1.703906250000000000e+02,-1.849656219999999962e+02,-3.081650086071428518e+02
-1.524609375000000000e+02,-1.828562469999999962e+02,-3.144150087857142921e+02
-1.612500000000000000e+02,-1.856687469999999962e+02,-3.206650089642857324e+02
-1.703906250000000000e+02,-1.800437469999999962e+02,-3.031650084642857337e+02
-1.577343750000000000e+02,-1.884812469999999962e+02,-3.131650087499999700e+02
-1.612500000000000000e+02,-1.758249969999999962e+02,-2.981650083214285587e+02
-1.703906250000000000e+02,-1.807468719999999962e+02,-3.006650083928571462e+02
-1.577343750000000000e+02,-1.723093719999999962e+02,-3.156650088214285574e+02
-1.668750000000000000e+02,-1.821531219999999962e+02,-3.156650088214285574e+02
-1.580859375000000000e+02,-1.737156219999999962e+02,-3.194150089285714103e+02
-1.535156250000000000e+02,-1.842624969999999962e+02,-3.031650084642857337e+02
-1.682812500000000000e+02,-1.863718719999999962e+02,-3.031650084642857337e+02
-1.700390625000000000e+02,-1.821531219999999962e+02,-3.119150087142857046e+02
-1.637109375000000000e+02,-1.701999969999999962e+02,-3.094150086428571171e+02
-1.654687500000000000e+02,-1.744187469999999962e+02,-3.006650083928571462e+02
-1.682812500000000000e+02,-1.772312469999999962e+02,-3.006650083928571462e+02
-1.556250000000000000e+02,-1.870749969999999962e+02,-3.006650083928571462e+02
-1.633593750000000000e+02,-1.853171844999999962e+02,-3.194150089285714103e+02
-1.654687500000000000e+02,-1.737156219999999962e+02,-3.006650083928571462e+02
-1.661718750000000000e+02,-1.751218719999999962e+02,-3.006650083928571462e+02
-1.605468750000000000e+02,-1.867234344999999962e+02,-3.169150088571428796e+02
-1.556250000000000000e+02,-1.726609344999999962e+02,-3.119150087142857046e+02
-1.703906250000000000e+02,-1.786374969999999962e+02,-3.031650084642857337e+02
-1.693359375000000000e+02,-1.849656219999999962e+02,-3.119150087142857046e+02
-1.538671875000000000e+02,-1.821531219999999962e+02,-2.994150083571428809e+02
-1.703906250000000000e+02,-1.828562469999999962e+02,-3.081650086071428518e+02
-1.612500000000000000e+02,-1.800437469999999962e+02,-3.206650089642857324e+02
-1.682812500000000000e+02,-1.870749969999999962e+02,-3.006650083928571462e+02
-1.700390625000000000e+02,-1.807468719999999962e+02,-3.044150084999999990e+02
-1.531640625000000000e+02,-1.786374969999999962e+02,-3.194150089285714103e+02
-1.510546875000000000e+02,-1.800437469999999962e+02,-3.094150086428571171e+02
-1.521093750000000000e+02,-1.821531219999999962e+02,-3.131650087499999700e+02
-1.584375000000000000e+02,-1.856687469999999962e+02,-3.181650088928571449e+02
-1.542187500000000000e+02,-1.768796844999999962e+02,-2.969150082857142934e+02
-1.528125000000000000e+02,-1.849656219999999962e+02,-3.081650086071428518e+02
-1.556250000000000000e+02,-1.874265594999999962e+02,-3.144150087857142921e+02
-1.640625000000000000e+02,-1.716062469999999962e+02,-3.106650086785714393e+02
-1.573828125000000000e+02,-1.898874969999999962e+02,-3.069150085714285865e+02
-1.587890625000000000e+02,-1.863718719999999962e+02,-3.219150089999999977e+02
-1.612500000000000000e+02,-1.849656219999999962e+02,-2.981650083214285587e+02
-1.686328125000000000e+02,-1.849656219999999962e+02,-3.069150085714285865e+02
-1.514062500000000000e+02,-1.793406219999999962e+02,-3.131650087499999700e+02
-1.658203125000000000e+02,-1.751218719999999962e+02,-3.119150087142857046e+02
-1.535156250000000000e+02,-1.737156219999999962e+02,-3.031650084642857337e+02
-1.612500000000000000e+02,-1.754734344999999962e+02,-2.969150082857142934e+02
-1.689843750000000000e+02,-1.856687469999999962e+02,-3.081650086071428518e+02
-1.665234375000000000e+02,-1.730124969999999962e+02,-3.069150085714285865e+02
-1.654687500000000000e+02,-1.891843719999999962e+02,-3.106650086785714393e+02
-1.531640625000000000e+02,-1.821531219999999962e+02,-3.169150088571428796e+02
-1.524609375000000000e+02,-1.758249969999999962e+02,-2.994150083571428809e+02
-1.531640625000000000e+02,-1.765281219999999962e+02,-3.194150089285714103e+02
-1.584375000000000000e+02,-1.796921844999999962e+02,-3.219150089999999977e+02
-1.577343750000000000e+02,-1.730124969999999962e+02,-3.031650084642857337e+02
-1.528125000000000000e+02,-1.747703094999999962e+02,-2.969150082857142934e+02
-1.696875000000000000e+02,-1.842624969999999962e+02,-3.131650087499999700e+02
-1.661718750000000000e+02,-1.856687469999999962e+02,-3.006650083928571462e+02
-1.626562500000000000e+02,-1.772312469999999962e+02,-3.206650089642857324e+02
-1.570312500000000000e+02,-1.716062469999999962e+02,-3.106650086785714393e+02
-1.700390625000000000e+02,-1.772312469999999962e+02,-3.019150084285714115e+02
-1.549218750000000000e+02,-1.835593719999999962e+02,-2.981650083214285587e+02
-1.514062500000000000e+02,-1.793406219999999962e+02,-3.081650086071428518e+02
-1.640625000000000000e+02,-1.891843719999999962e+02,-3.131650087499999700e+02
-1.623046875000000000e+02,-1.779343719999999962e+02,-2.969150082857142934e+02
-1.647656250000000000e+02,-1.772312469999999962e+02,-3.006650083928571462e+02
-1.535156250000000000e+02,-1.832078094999999962e+02,-3.219150089999999977e+02
-1.654687500000000000e+02,-1.849656219999999962e+02,-3.156650088214285574e+02
-1.549218750000000000e+02,-1.744187469999999962e+02,-3.006650083928571462e+02
-1.552734375000000000e+02,-1.751218719999999962e+02,-3.169150088571428796e+02
-1.577343750000000000e+02,-1.740671844999999962e+02,-3.194150089285714103e+02
-1.700390625000000000e+02,-1.772312469999999962e+02,-3.044150084999999990e+02
-1.654687500000000000e+02,-1.849656219999999962e+02,-3.006650083928571462e+02
-1.535156250000000000e+02,-1.751218719999999962e+02,-3.156650088214285574e+02
-1.538671875000000000e+02,-1.828562469999999962e+02,-3.019150084285714115e+02
-1.510546875000000000e+02,-1.800437469999999962e+02,-3.119150087142857046e+02
-1.542187500000000000e+02,-1.758249969999999962e+02,-3.156650088214285574e+02
-1.672265625000000000e+02,-1.898874969999999962e+02,-3.094150086428571171e+02
-1.563281250000000000e+02,-1.758249969999999962e+02,-3.206650089642857324e+02
-1.703906250000000000e+02,-1.828562469999999962e+02,-3.031650084642857337e+02
-1.616015625000000000e+02,-1.765281219999999962e+02,-2.994150083571428809e+02
-1.616015625000000000e+02,-1.765281219999999962e+02,-2.969150082857142934e+02
-1.612500000000000000e+02,-1.701999969999999962e+02,-3.106650086785714393e+02
-1.626562500000000000e+02,-1.919968719999999962e+02,-3.056650085357142643e+02
-1.661718750000000000e+02,-1.737156219999999962e+02,-3.031650084642857337e+02
-1.545703125000000000e+02,-1.863718719999999962e+02,-3.019150084285714115e+02
-1.682812500000000000e+02,-1.828562469999999962e+02,-3.006650083928571462e+02
-1.689843750000000000e+02,-1.849656219999999962e+02,-3.131650087499999700e+02
-1.521093750000000000e+02,-1.800437469999999962e+02,-3.081650086071428518e+02
-1.626562500000000000e+02,-1.765281219999999962e+02,-3.006650083928571462e+02
-1.563281250000000000e+02,-1.821531219999999962e+02,-2.981650083214285587e+02
-1.647656250000000000e+02,-1.779343719999999962e+02,-3.006650083928571462e+02
-1.598437500000000000e+02,-1.730124969999999962e+02,-3.031650084642857337e+02
-1.598437500000000000e+02,-1.733640594999999962e+02,-3.194150089285714103e+02
-1.633593750000000000e+02,-1.835593719999999962e+02,-2.981650083214285587e+02
-1.542187500000000000e+02,-1.730124969999999962e+02,-3.031650084642857337e+02
-1.538671875000000000e+02,-1.835593719999999962e+02,-2.994150083571428809e+02
-1.661718750000000000e+02,-1.877781219999999962e+02,-3.006650083928571462e+02
-1.528125000000000000e+02,-1.856687469999999962e+02,-3.131650087499999700e+02
-1.696875000000000000e+02,-1.828562469999999962e+02,-3.131650087499999700e+02
-1.556250000000000000e+02,-1.705515594999999962e+02,-3.069150085714285865e+02
-1.696875000000000000e+02,-1.821531219999999962e+02,-3.081650086071428518e+02
-1.573828125000000000e+02,-1.709031219999999962e+02,-3.069150085714285865e+02
-1.696875000000000000e+02,-1.842624969999999962e+02,-3.081650086071428518e+02
-1.668750000000000000e+02,-1.772312469999999962e+02,-3.131650087499999700e+02
-1.679296875000000000e+02,-1.870749969999999962e+02,-3.119150087142857046e+02
-1.633593750000000000e+02,-1.719578094999999962e+02,-3.069150085714285865e+02
-1.682812500000000000e+02,-1.863718719999999962e+02,-3.056650085357142643e+02
-1.542187500000000000e+02,-1.779343719999999962e+02,-2.981650083214285587e+02
-1.563281250000000000e+02,-1.867234344999999962e+02,-2.994150083571428809e+02
-1.689843750000000000e+02,-1.793406219999999962e+02,-3.106650086785714393e+02
-1.584375000000000000e+02,-1.719578094999999962e+02,-3.169150088571428796e+02
-1.577343750000000000e+02,-1.888328094999999962e+02,-3.019150084285714115e+02
-1.661718750000000000e+02,-1.726609344999999962e+02,-3.019150084285714115e+02
-1.686328125000000000e+02,-1.807468719999999962e+02,-3.144150087857142921e+02
-1.696875000000000000e+02,-1.761765594999999962e+02,-3.019150084285714115e+02
-1.563281250000000000e+02,-1.730124969999999962e+02,-3.031650084642857337e+02
-1.626562500000000000e+02,-1.814499969999999962e+02,-3.206650089642857324e+02
-1.665234375000000000e+02,-1.744187469999999962e+02,-3.044150084999999990e+02
-1.647656250000000000e+02,-1.737156219999999962e+02,-3.181650088928571449e+02
-1.577343750000000000e+02,-1.891843719999999962e+02,-3.031650084642857337e+02
-1.535156250000000000e+02,-1.825046844999999962e+02,-3.194150089285714103e+02
-1.633593750000000000e+02,-1.737156219999999962e+02,-3.181650088928571449e+02
-1.668750000000000000e+02,-1.744187469999999962e+02,-3.056650085357142643e+02
-1.549218750000000000e+02,-1.856687469999999962e+02,-3.156650088214285574e+02
-1.640625000000000000e+02,-1.902390594999999962e+02,-3.094150086428571171e+02
-1.549218750000000000e+02,-1.789890594999999962e+02,-2.969150082857142934e+02
-1.696875000000000000e+02,-1.856687469999999962e+02,-3.031650084642857337e+02
-1.549218750000000000e+02,-1.846140594999999962e+02,-2.994150083571428809e+02
-1.619531250000000000e+02,-1.821531219999999962e+02,-3.206650089642857324e+02
-1.703906250000000000e+02,-1.821531219999999962e+02,-3.006650083928571462e+02
-1.696875000000000000e+02,-1.814499969999999962e+02,-3.006650083928571462e+02
-1.661718750000000000e+02,-1.730124969999999962e+02,-3.056650085357142643e+02
-1.524609375000000000e+02,-1.849656219999999962e+02,-3.119150087142857046e+02
-1.605468750000000000e+02,-1.884812469999999962e+02,-3.156650088214285574e+02
-1.710937500000000000e+02,-1.842624969999999962e+02,-3.081650086071428518e+02
-1.521093750000000000e+02,-1.779343719999999962e+02,-3.131650087499999700e+02
-1.612500000000000000e+02,-1.860203094999999962e+02,-3.194150089285714103e+02
-1.563281250000000000e+02,-1.849656219999999962e+02,-3.206650089642857324e+02
-1.591406250000000000e+02,-1.881296844999999962e+02,-2.994150083571428809e+02
-1.647656250000000000e+02,-1.849656219999999962e+02,-2.981650083214285587e+02
-1.640625000000000000e+02,-1.730124969999999962e+02,-3.181650088928571449e+02
-1.577343750000000000e+02,-1.898874969999999962e+02,-3.081650086071428518e+02
-1.591406250000000000e+02,-1.905906219999999962e+02,-3.081650086071428518e+02
-1.647656250000000000e+02,-1.898874969999999962e+02,-3.106650086785714393e+02
-1.577343750000000000e+02,-1.737156219999999962e+02,-3.031650084642857337e+02
-1.675781250000000000e+02,-1.744187469999999962e+02,-3.006650083928571462e+02
-1.612500000000000000e+02,-1.828562469999999962e+02,-3.206650089642857324e+02
-1.570312500000000000e+02,-1.796921844999999962e+02,-3.219150089999999977e+02
-1.630078125000000000e+02,-1.884812469999999962e+02,-3.144150087857142921e+02
-1.563281250000000000e+02,-1.828562469999999962e+02,-2.981650083214285587e+02
-1.570312500000000000e+02,-1.877781219999999962e+02,-3.006650083928571462e+02
-1.535156250000000000e+02,-1.856687469999999962e+02,-3.056650085357142643e+02
-1.591406250000000000e+02,-1.877781219999999962e+02,-2.981650083214285587e+02
-1.633593750000000000e+02,-1.863718719999999962e+02,-3.181650088928571449e+02
-1.521093750000000000e+02,-1.793406219999999962e+02,-3.131650087499999700e+02
-1.612500000000000000e+02,-1.733640594999999962e+02,-3.019150084285714115e+02
-1.605468750000000000e+02,-1.723093719999999962e+02,-3.181650088928571449e+02
-1.700390625000000000e+02,-1.779343719999999962e+02,-3.094150086428571171e+02
-1.626562500000000000e+02,-1.751218719999999962e+02,-3.006650083928571462e+02
-1.693359375000000000e+02,-1.870749969999999962e+02,-3.094150086428571171e+02
-1.696875000000000000e+02,-1.814499969999999962e+02,-3.131650087499999700e+02
-1.654687500000000000e+02,-1.740671844999999962e+02,-3.044150084999999990e+02
-1.538671875000000000e+02,-1.863718719999999962e+02,-3.094150086428571171e+02
-1.612500000000000000e+02,-1.856687469999999962e+02,-2.981650083214285587e+02
-1.647656250000000000e+02,-1.730124969999999962e+02,-3.031650084642857337e+02
-1.661718750000000000e+02,-1.814499969999999962e+02,-3.006650083928571462e+02
-1.535156250000000000e+02,-1.733640594999999962e+02,-3.044150084999999990e+02
-1.566796875000000000e+02,-1.877781219999999962e+02,-3.144150087857142921e+02
-1.619531250000000000e+02,-1.744187469999999962e+02,-3.206650089642857324e+02
-1.619531250000000000e+02,-1.712546844999999962e+02,-3.069150085714285865e+02
-1.566796875000000000e+02,-1.737156219999999962e+02,-3.169150088571428796e+02
-1.626562500000000000e+02,-1.891843719999999962e+02,-3.006650083928571462e+02
-1.651171875000000000e+02,-1.856687469999999962e+02,-2.994150083571428809e+02
-1.647656250000000000e+02,-1.723093719999999962e+02,-3.056650085357142643e+02
-1.637109375000000000e+02,-1.793406219999999962e+02,-2.994150083571428809e+02
-1.542187500000000000e+02,-1.768796844999999962e+02,-3.169150088571428796e+02
-1.654687500000000000e+02,-1.730124969999999962e+02,-3.056650085357142643e+02
-1.556250000000000000e+02,-1.874265594999999962e+02,-3.019150084285714115e+02
-1.605468750000000000e+02,-1.758249969999999962e+02,-2.981650083214285587e+02
-1.689843750000000000e+02,-1.842624969999999962e+02,-3.131650087499999700e+02
-1.682812500000000000e+02,-1.835593719999999962e+02,-3.156650088214285574e+02
-1.682812500000000000e+02,-1.807468719999999962e+02,-3.156650088214285574e+02
-1.654687500000000000e+02,-1.888328094999999962e+02,-3.119150087142857046e+02
-1.598437500000000000e+02,-1.888328094999999962e+02,-3.094150086428571171e+02
-1.647656250000000000e+02,-1.849656219999999962e+02,-3.156650088214285574e+02
-1.693359375000000000e+02,-1.751218719999999962e+02,-3.069150085714285865e+02
-1.605468750000000000e+02,-1.716062469999999962e+02,-3.181650088928571449e+02
-1.556250000000000000e+02,-1.842624969999999962e+02,-2.981650083214285587e+02
-1.682812500000000000e+02,-1.793406219999999962e+02,-3.131650087499999700e+02
-1.679296875000000000e+02,-1.891843719999999962e+02,-3.094150086428571171e+02
-1.626562500000000000e+02,-1.835593719999999962e+02,-2.981650083214285587e+02
-1.619531250000000000e+02,-1.779343719999999962e+02,-3.206650089642857324e+02
-1.661718750000000000e+02,-1.835593719999999962e+02,-3.006650083928571462e+02
-1.661718750000000000e+02,-1.884812469999999962e+02,-3.106650086785714393e+02
-1.626562500000000000e+02,-1.814499969999999962e+02,-2.981650083214285587e+02
-1.552734375000000000e+02,-1.842624969999999962e+02,-3.194150089285714103e+02
-1.640625000000000000e+02,-1.800437469999999962e+02,-3.181650088928571449e+02
-1.612500000000000000e+02,-1.793406219999999962e+02,-3.206650089642857324e+02
-1.570312500000000000e+02,-1.818015594999999962e+02,-2.969150082857142934e+02
-1.570312500000000000e+02,-1.730124969999999962e+02,-3.156650088214285574e+02
-1.626562500000000000e+02,-1.912937469999999962e+02,-3.056650085357142643e+02
-1.661718750000000000e+02,-1.786374969999999962e+02,-3.156650088214285574e+02
-1.577343750000000000e+02,-1.737156219999999962e+02,-3.181650088928571449e+02
-1.514062500000000000e+02,-1.772312469999999962e+02,-3.081650086071428518e+02
-1.563281250000000000e+02,-1.814499969999999962e+02,-2.981650083214285587e+02
-1.707421875000000000e+02,-1.828562469999999962e+02,-3.019150084285714115e+02
-1.528125000000000000e+02,-1.856687469999999962e+02,-3.106650086785714393e+02
-1.700390625000000000e+02,-1.793406219999999962e+02,-3.044150084999999990e+02
-1.598437500000000000e+02,-1.919968719999999962e+02,-3.081650086071428518e+02
-1.647656250000000000e+02,-1.828562469999999962e+02,-3.206650089642857324e+02
-1.647656250000000000e+02,-1.765281219999999962e+02,-3.006650083928571462e+02
-1.672265625000000000e+02,-1.891843719999999962e+02,-3.069150085714285865e+02
-1.654687500000000000e+02,-1.765281219999999962e+02,-3.006650083928571462e+02
-1.647656250000000000e+02,-1.800437469999999962e+02,-3.006650083928571462e+02
-1.584375000000000000e+02,-1.888328094999999962e+02,-3.144150087857142921e+02
-1.675781250000000000e+02,-1.765281219999999962e+02,-3.106650086785714393e+02
-1.556250000000000000e+02,-1.719578094999999962e+02,-3.094150086428571171e+02
-1.700390625000000000e+02,-1.807468719999999962e+02,-3.119150087142857046e+02
-1.689843750000000000e+02,-1.856687469999999962e+02,-3.006650083928571462e+02
-1.714453125000000000e+02,-1.814499969999999962e+02,-3.094150086428571171e+02
-1.675781250000000000e+02,-1.863718719999999962e+02,-3.031650084642857337e+02
-1.584375000000000000e+02,-1.751218719999999962e+02,-3.206650089642857324e+02
-1.524609375000000000e+02,-1.765281219999999962e+02,-3.144150087857142921e+02
-1.556250000000000000e+02,-1.765281219999999962e+02,-3.206650089642857324e+02
-1.524609375000000000e+02,-1.849656219999999962e+02,-3.144150087857142921e+02
-1.689843750000000000e+02,-1.874265594999999962e+02,-3.094150086428571171e+02
-1.549218750000000000e+02,-1.814499969999999962e+02,-2.981650083214285587e+02
-1.563281250000000000e+02,-1.765281219999999962e+02,-3.206650089642857324e+02
-1.675781250000000000e+02,-1.744187469999999962e+02,-3.056650085357142643e+02
-1.668750000000000000e+02,-1.842624969999999962e+02,-3.156650088214285574e+02
-1.524609375000000000e+02,-1.800437469999999962e+02,-3.169150088571428796e+02
-1.514062500000000000e+02,-1.828562469999999962e+02,-3.081650086071428518e+02
-1.633593750000000000e+02,-1.916453094999999962e+02,-3.019150084285714115e+02
-1.542187500000000000e+02,-1.761765594999999962e+02,-3.194150089285714103e+02
-1.633593750000000000e+02,-1.709031219999999962e+02,-3.106650086785714393e+02
-1.668750000000000000e+02,-1.807468719999999962e+02,-3.006650083928571462e+02
-1.598437500000000000e+02,-1.898874969999999962e+02,-3.031650084642857337e+02
-1.647656250000000000e+02,-1.786374969999999962e+02,-3.006650083928571462e+02
-1.542187500000000000e+02,-1.733640594999999962e+02,-2.969150082857142934e+02
-1.563281250000000000e+02,-1.856687469999999962e+02,-2.981650083214285587e+02
-1.605468750000000000e+02,-1.712546844999999962e+02,-3.144150087857142921e+02
-1.549218750000000000e+02,-1.842624969999999962e+02,-2.981650083214285587e+02
-1.514062500000000000e+02,-1.779343719999999962e+02,-3.081650086071428518e+02
-1.514062500000000000e+02,-1.761765594999999962e+02,-3.119150087142857046e+02
-1.654687500000000000e+02,-1.891843719999999962e+02,-3.006650083928571462e+02
-1.563281250000000000e+02,-1.846140594999999962e+02,-3.194150089285714103e+02
-1.696875000000000000e+02,-1.860203094999999962e+02,-3.019150084285714115e+02
-1.703906250000000000e+02,-1.786374969999999962e+02,-3.056650085357142643e+02
-1.552734375000000000e+02,-1.877781219999999962e+02,-3.119150087142857046e+02
-1.703906250000000000e+02,-1.765281219999999962e+02,-3.081650086071428518e+02
-1.514062500000000000e+02,-1.814499969999999962e+02,-3.081650086071428518e+02
-1.661718750000000000e+02,-1.740671844999999962e+02,-3.044150084999999990e+02
-1.612500000000000000e+02,-1.758249969999999962e+02,-3.206650089642857324e+02
-1.577343750000000000e+02,-1.709031219999999962e+02,-3.106650086785714393e+02
-1.633593750000000000e+02,-1.905906219999999962e+02,-3.006650083928571462e+02
-1.689843750000000000e+02,-1.835593719999999962e+02,-3.031650084642857337e+02
-1.675781250000000000e+02,-1.877781219999999962e+02,-3.106650086785714393e+02
-1.619531250000000000e+02,-1.905906219999999962e+02,-3.006650083928571462e+02
-1.644140625000000000e+02,-1.807468719999999962e+02,-2.994150083571428809e+02
-1.644140625000000000e+02,-1.842624969999999962e+02,-3.194150089285714103e+02
-1.658203125000000000e+02,-1.723093719999999962e+02,-3.094150086428571171e+02
-1.531640625000000000e+02,-1.807468719999999962e+02,-3.044150084999999990e+02
-1.577343750000000000e+02,-1.709031219999999962e+02,-3.081650086071428518e+02
-1.542187500000000000e+02,-1.828562469999999962e+02,-2.981650083214285587e+02
-1.689843750000000000e+02,-1.825046844999999962e+02,-3.069150085714285865e+02
-1.710937500000000000e+02,-1.821531219999999962e+02,-3.081650086071428518e+02
-1.545703125000000000e+02,-1.758249969999999962e+02,-3.194150089285714103e+02
-1.605468750000000000e+02,-1.786374969999999962e+02,-3.206650089642857324e+02
-1.661718750000000000e+02,-1.772312469999999962e+02,-3.006650083928571462e+02
-1.591406250000000000e+02,-1.719578094999999962e+02,-3.144150087857142921e+02
-1.640625000000000000e+02,-1.828562469999999962e+02,-2.981650083214285587e+02
-1.577343750000000000e+02,-1.884812469999999962e+02,-3.006650083928571462e+02
-1.531640625000000000e+02,-1.821531219999999962e+02,-3.194150089285714103e+02
-1.549218750000000000e+02,-1.758249969999999962e+02,-3.181650088928571449e+02
-1.524609375000000000e+02,-1.842624969999999962e+02,-3.119150087142857046e+02
-1.542187500000000000e+02,-1.867234344999999962e+02,-3.094150086428571171e+02
-1.598437500000000000e+02,-1.730124969999999962e+02,-3.181650088928571449e+02
-1.591406250000000000e+02,-1.737156219999999962e+02,-3.206650089642857324e+02
-1.654687500000000000e+02,-1.828562469999999962e+02,-3.181650088928571449e+02
-1.710937500000000000e+02,-1.807468719999999962e+02,-3.106650086785714393e+02
-1.605468750000000000e+02,-1.870749969999999962e+02,-3.156650088214285574e+02
-1.521093750000000000e+02,-1.800437469999999962e+02,-3.131650087499999700e+02
-1.601953125000000000e+02,-1.758249969999999962e+02,-2.994150083571428809e+02
-1.591406250000000000e+02,-1.912937469999999962e+02,-3.056650085357142643e+02
-1.668750000000000000e+02,-1.888328094999999962e+02,-3.019150084285714115e+02
-1.647656250000000000e+02,-1.807468719999999962e+02,-3.181650088928571449e+02
-1.535156250000000000e+02,-1.779343719999999962e+02,-3.181650088928571449e+02
-1.549218750000000000e+02,-1.867234344999999962e+02,-3.144150087857142921e+02
-1.682812500000000000e+02,-1.828562469999999962e+02,-3.156650088214285574e+02
-1.584375000000000000e+02,-1.719578094999999962e+02,-3.144150087857142921e+02
-1.651171875000000000e+02,-1.863718719999999962e+02,-2.994150083571428809e+02
-1.633593750000000000e+02,-1.912937469999999962e+02,-3.056650085357142643e+02
-1.616015625000000000e+02,-1.835593719999999962e+02,-2.969150082857142934e+02
-1.696875000000000000e+02,-1.754734344999999962e+02,-3.069150085714285865e+02
-1.626562500000000000e+02,-1.716062469999999962e+02,-3.106650086785714393e+02
-1.577343750000000000e+02,-1.856687469999999962e+02,-3.206650089642857324e+02
-1.665234375000000000e+02,-1.730124969999999962e+02,-3.019150084285714115e+02
-1.605468750000000000e+02,-1.758249969999999962e+02,-3.006650083928571462e+02
-1.605468750000000000e+02,-1.737156219999999962e+02,-3.006650083928571462e+02
-1.570312500000000000e+02,-1.712546844999999962e+02,-3.094150086428571171e+02
-1.626562500000000000e+02,-1.716062469999999962e+02,-3.056650085357142643e+02
-1.693359375000000000e+02,-1.765281219999999962e+02,-3.094150086428571171e+02
-1.619531250000000000e+02,-1.786374969999999962e+02,-3.206650089642857324e+02
-1.661718750000000000e+02,-1.881296844999999962e+02,-3.119150087142857046e+02
-1.703906250000000000e+02,-1.775828094999999962e+02,-3.019150084285714115e+02
-1.626562500000000000e+02,-1.723093719999999962e+02,-3.181650088928571449e+02
-1.668750000000000000e+02,-1.779343719999999962e+02,-3.006650083928571462e+02
-1.612500000000000000e+02,-1.842624969999999962e+02,-2.981650083214285587e+02
-1.703906250000000000e+02,-1.842624969999999962e+02,-3.006650083928571462e+02
-1.563281250000000000e+02,-1.884812469999999962e+02,-3.031650084642857337e+02
-1.665234375000000000e+02,-1.891843719999999962e+02,-3.044150084999999990e+02
-1.577343750000000000e+02,-1.796921844999999962e+02,-3.219150089999999977e+02
-1.668750000000000000e+02,-1.733640594999999962e+02,-3.069150085714285865e+02
-1.531640625000000000e+02,-1.793406219999999962e+02,-3.194150089285714103e+02
-1.626562500000000000e+02,-1.786374969999999962e+02,-3.206650089642857324e+02
-1.542187500000000000e+02,-1.860203094999999962e+02,-3.144150087857142921e+02
-1.566796875000000000e+02,-1.870749969999999962e+02,-2.994150083571428809e+02
-1.528125000000000000e+02,-1.853171844999999962e+02,-3.094150086428571171e+02
-1.696875000000000000e+02,-1.758249969999999962e+02,-3.081650086071428518e+02
-1.682812500000000000e+02,-1.821531219999999962e+02,-3.006650083928571462e+02
-1.647656250000000000e+02,-1.758249969999999962e+02,-3.181650088928571449e+02
-1.521093750000000000e+02,-1.758249969999999962e+02,-3.131650087499999700e+02
-1.598437500000000000e+02,-1.807468719999999962e+02,-3.206650089642857324e+02
-1.647656250000000000e+02,-1.877781219999999962e+02,-3.131650087499999700e+02
-1.552734375000000000e+02,-1.800437469999999962e+02,-2.969150082857142934e+02
-1.531640625000000000e+02,-1.765281219999999962e+02,-3.019150084285714115e+02
-1.549218750000000000e+02,-1.733640594999999962e+02,-3.144150087857142921e+02
-1.563281250000000000e+02,-1.786374969999999962e+02,-3.206650089642857324e+02
-1.633593750000000000e+02,-1.895359344999999962e+02,-3.119150087142857046e+02
-1.531640625000000000e+02,-1.744187469999999962e+02,-2.994150083571428809e+02
-1.514062500000000000e+02,-1.821531219999999962e+02,-3.106650086785714393e+02
-1.626562500000000000e+02,-1.698484344999999962e+02,-3.094150086428571171e+02
-1.668750000000000000e+02,-1.751218719999999962e+02,-3.006650083928571462e+02
-1.675781250000000000e+02,-1.856687469999999962e+02,-3.131650087499999700e+02
-1.703906250000000000e+02,-1.793406219999999962e+02,-3.031650084642857337e+02
-1.591406250000000000e+02,-1.912937469999999962e+02,-3.081650086071428518e+02
-1.647656250000000000e+02,-1.800437469999999962e+02,-3.181650088928571449e+02
-1.563281250000000000e+02,-1.740671844999999962e+02,-3.169150088571428796e+02
-1.654687500000000000e+02,-1.772312469999999962e+02,-3.006650083928571462e+02
-1.517578125000000000e+02,-1.814499969999999962e+02,-3.119150087142857046e+02
-1.584375000000000000e+02,-1.730124969999999962e+02,-3.031650084642857337e+02
-1.521093750000000000e+02,-1.828562469999999962e+02,-3.131650087499999700e+02
-1.552734375000000000e+02,-1.723093719999999962e+02,-3.094150086428571171e+02
-1.601953125000000000e+02,-1.835593719999999962e+02,-3.219150089999999977e+02
-1.612500000000000000e+02,-1.751218719999999962e+02,-3.206650089642857324e+02
-1.654687500000000000e+02,-1.758249969999999962e+02,-3.156650088214285574e+02
-1.577343750000000000e+02,-1.863718719999999962e+02,-3.206650089642857324e+02
-1.531640625000000000e+02,-1.751218719999999962e+02,-2.994150083571428809e+02
-1.661718750000000000e+02,-1.793406219999999962e+02,-3.156650088214285574e+02
-1.675781250000000000e+02,-1.800437469999999962e+02,-3.156650088214285574e+02
-1.689843750000000000e+02,-1.758249969999999962e+02,-3.106650086785714393e+02
-1.528125000000000000e+02,-1.772312469999999962e+02,-3.156650088214285574e+02
-1.591406250000000000e+02,-1.902390594999999962e+02,-3.044150084999999990e+02
-1.538671875000000000e+02,-1.730124969999999962e+02,-2.994150083571428809e+02
-1.612500000000000000e+02,-1.923484344999999962e+02,-3.069150085714285865e+02
-1.640625000000000000e+02,-1.898874969999999962e+02,-3.106650086785714393e+02
-1.528125000000000000e+02,-1.814499969999999962e+02,-3.156650088214285574e+02
-1.675781250000000000e+02,-1.877781219999999962e+02,-3.006650083928571462e+02
-1.682812500000000000e+02,-1.856687469999999962e+02,-3.131650087499999700e+02
-1.521093750000000000e+02,-1.835593719999999962e+02,-3.081650086071428518e+02
-1.535156250000000000e+02,-1.825046844999999962e+02,-3.169150088571428796e+02
-1.710937500000000000e+02,-1.793406219999999962e+02,-3.031650084642857337e+02
-1.577343750000000000e+02,-1.867234344999999962e+02,-3.169150088571428796e+02
-1.640625000000000000e+02,-1.863718719999999962e+02,-3.156650088214285574e+02
-1.591406250000000000e+02,-1.888328094999999962e+02,-3.119150087142857046e+02
-1.605468750000000000e+02,-1.761765594999999962e+02,-2.994150083571428809e+02
-1.675781250000000000e+02,-1.740671844999999962e+02,-3.094150086428571171e+02
-1.682812500000000000e+02,-1.754734344999999962e+02,-3.044150084999999990e+02
-1.686328125000000000e+02,-1.800437469999999962e+02,-3.144150087857142921e+02
-1.598437500000000000e+02,-1.860203094999999962e+02,-3.194150089285714103e+02
-1.556250000000000000e+02,-1.779343719999999962e+02,-3.206650089642857324e+02
-1.524609375000000000e+02,-1.772312469999999962e+02,-3.144150087857142921e+02
-1.563281250000000000e+02,-1.740671844999999962e+02,-2.994150083571428809e+02
-1.696875000000000000e+02,-1.828562469999999962e+02,-3.006650083928571462e+02
-1.654687500000000000e+02,-1.884812469999999962e+02,-3.006650083928571462e+02
-1.549218750000000000e+02,-1.772312469999999962e+02,-3.206650089642857324e+02
-1.538671875000000000e+02,-1.863718719999999962e+02,-3.119150087142857046e+02
-1.626562500000000000e+02,-1.807468719999999962e+02,-3.206650089642857324e+02
-1.647656250000000000e+02,-1.730124969999999962e+02,-3.106650086785714393e+02
-1.707421875000000000e+02,-1.835593719999999962e+02,-3.019150084285714115e+02
-1.538671875000000000e+02,-1.744187469999999962e+02,-3.144150087857142921e+02
-1.591406250000000000e+02,-1.744187469999999962e+02,-3.206650089642857324e+02
-1.552734375000000000e+02,-1.877781219999999962e+02,-3.094150086428571171e+02
-1.584375000000000000e+02,-1.747703094999999962e+02,-2.994150083571428809e+02
-1.612500000000000000e+02,-1.884812469999999962e+02,-3.006650083928571462e+02
-1.661718750000000000e+02,-1.877781219999999962e+02,-3.131650087499999700e+02
-1.668750000000000000e+02,-1.849656219999999962e+02,-3.006650083928571462e+02
-1.647656250000000000e+02,-1.909421844999999962e+02,-3.069150085714285865e+02
-1.612500000000000000e+02,-1.712546844999999962e+02,-3.119150087142857046e+02
-1.661718750000000000e+02,-1.807468719999999962e+02,-3.156650088214285574e+02
-1.528125000000000000e+02,-1.803953094999999962e+02,-3.069150085714285865e+02
-1.549218750000000000e+02,-1.737156219999999962e+02,-3.156650088214285574e+02
-1.542187500000000000e+02,-1.863718719999999962e+02,-3.031650084642857337e+02
-1.644140625000000000e+02,-1.828562469999999962e+02,-2.994150083571428809e+02
-1.570312500000000000e+02,-1.853171844999999962e+02,-3.194150089285714103e+02
-1.598437500000000000e+02,-1.712546844999999962e+02,-3.119150087142857046e+02
-1.675781250000000000e+02,-1.772312469999999962e+02,-3.131650087499999700e+02
-1.556250000000000000e+02,-1.877781219999999962e+02,-3.131650087499999700e+02
-1.598437500000000000e+02,-1.877781219999999962e+02,-2.981650083214285587e+02
-1.654687500000000000e+02,-1.909421844999999962e+02,-3.069150085714285865e+02
-1.640625000000000000e+02,-1.874265594999999962e+02,-3.144150087857142921e+02
-1.633593750000000000e+02,-1.701999969999999962e+02,-3.081650086071428518e+02
-1.528125000000000000e+02,-1.744187469999999962e+02,-3.056650085357142643e+02
-1.647656250000000000e+02,-1.835593719999999962e+02,-2.981650083214285587e+02
-1.598437500000000000e+02,-1.884812469999999962e+02,-3.006650083928571462e+02
-1.668750000000000000e+02,-1.744187469999999962e+02,-3.031650084642857337e+02
-1.672265625000000000e+02,-1.870749969999999962e+02,-3.044150084999999990e+02
-1.679296875000000000e+02,-1.884812469999999962e+02,-3.069150085714285865e+02
-1.528125000000000000e+02,-1.786374969999999962e+02,-3.056650085357142643e+02
-1.570312500000000000e+02,-1.740671844999999962e+02,-3.019150084285714115e+02
-1.584375000000000000e+02,-1.902390594999999962e+02,-3.044150084999999990e+02
-1.570312500000000000e+02,-1.884812469999999962e+02,-3.006650083928571462e+02
-1.710937500000000000e+02,-1.793406219999999962e+02,-3.006650083928571462e+02
-1.686328125000000000e+02,-1.751218719999999962e+02,-3.094150086428571171e+02
-1.521093750000000000e+02,-1.807468719999999962e+02,-3.081650086071428518e+02
-1.630078125000000000e+02,-1.723093719999999962e+02,-3.044150084999999990e+02
-1.605468750000000000e+02,-1.716062469999999962e+02,-3.031650084642857337e+02
-1.556250000000000000e+02,-1.758249969999999962e+02,-3.206650089642857324e+02
-1.612500000000000000e+02,-1.737156219999999962e+02,-3.006650083928571462e+02
-1.640625000000000000e+02,-1.730124969999999962e+02,-3.006650083928571462e+02
-1.556250000000000000e+02,-1.821531219999999962e+02,-2.981650083214285587e+02
-1.524609375000000000e+02,-1.800437469999999962e+02,-3.069150085714285865e+02
-1.570312500000000000e+02,-1.730124969999999962e+02,-3.031650084642857337e+02
-1.633593750000000000e+02,-1.814499969999999962e+02,-3.206650089642857324e+02
-1.675781250000000000e+02,-1.786374969999999962e+02,-3.006650083928571462e+02
-1.682812500000000000e+02,-1.800437469999999962e+02,-3.006650083928571462e+02
-1.668750000000000000e+02,-1.761765594999999962e+02,-3.119150087142857046e+02
-1.707421875000000000e+02,-1.793406219999999962e+02,-3.094150086428571171e+02
-1.549218750000000000e+02,-1.863718719999999962e+02,-3.006650083928571462e+02
-1.626562500000000000e+02,-1.719578094999999962e+02,-3.119150087142857046e+02
-1.675781250000000000e+02,-1.779343719999999962e+02,-3.006650083928571462e+02
-1.703906250000000000e+02,-1.772312469999999962e+02,-3.081650086071428518e+02
-1.549218750000000000e+02,-1.839109344999999962e+02,-3.194150089285714103e+02
-1.612500000000000000e+02,-1.909421844999999962e+02,-3.044150084999999990e+02
-1.626562500000000000e+02,-1.870749969999999962e+02,-2.981650083214285587e+02
-1.528125000000000000e+02,-1.860203094999999962e+02,-3.119150087142857046e+02
-1.612500000000000000e+02,-1.761765594999999962e+02,-2.994150083571428809e+02
-1.647656250000000000e+02,-1.793406219999999962e+02,-3.006650083928571462e+02
-1.566796875000000000e+02,-1.849656219999999962e+02,-3.194150089285714103e+02
-1.703906250000000000e+02,-1.842624969999999962e+02,-3.081650086071428518e+02
-1.633593750000000000e+02,-1.902390594999999962e+02,-3.094150086428571171e+02
-1.689843750000000000e+02,-1.825046844999999962e+02,-3.144150087857142921e+02
-1.682812500000000000e+02,-1.849656219999999962e+02,-3.006650083928571462e+02
-1.563281250000000000e+02,-1.705515594999999962e+02,-3.069150085714285865e+02
-1.626562500000000000e+02,-1.723093719999999962e+02,-3.031650084642857337e+02
-1.619531250000000000e+02,-1.712546844999999962e+02,-3.169150088571428796e+02
-1.619531250000000000e+02,-1.730124969999999962e+02,-3.181650088928571449e+02
-1.584375000000000000e+02,-1.740671844999999962e+02,-2.969150082857142934e+02
-1.619531250000000000e+02,-1.723093719999999962e+02,-3.181650088928571449e+02
-1.531640625000000000e+02,-1.828562469999999962e+02,-3.219150089999999977e+02
-1.605468750000000000e+02,-1.849656219999999962e+02,-3.206650089642857324e+02
-1.531640625000000000e+02,-1.758249969999999962e+02,-3.044150084999999990e+02
-1.528125000000000000e+02,-1.849656219999999962e+02,-3.156650088214285574e+02
-1.598437500000000000e+02,-1.712546844999999962e+02,-3.044150084999999990e+02
-1.633593750000000000e+02,-1.870749969999999962e+02,-2.981650083214285587e+02
-1.591406250000000000e+02,-1.772312469999999962e+02,-3.206650089642857324e+02
-1.584375000000000000e+02,-1.744187469999999962e+02,-3.206650089642857324e+02
-1.598437500000000000e+02,-1.744187469999999962e+02,-3.006650083928571462e+02
-1.563281250000000000e+02,-1.723093719999999962e+02,-3.031650084642857337e+02
-1.538671875000000000e+02,-1.856687469999999962e+02,-3.069150085714285865e+02
-1.521093750000000000e+02,-1.779343719999999962e+02,-3.081650086071428518e+02
-1.633593750000000000e+02,-1.849656219999999962e+02,-2.981650083214285587e+02
-1.584375000000000000e+02,-1.884812469999999962e+02,-3.131650087499999700e+02
-1.696875000000000000e+02,-1.810984344999999962e+02,-3.069150085714285865e+02
-1.644140625000000000e+02,-1.912937469999999962e+02,-3.069150085714285865e+02
-1.531640625000000000e+02,-1.772312469999999962e+02,-3.044150084999999990e+02
-1.531640625000000000e+02,-1.772312469999999962e+02,-2.994150083571428809e+02
-1.584375000000000000e+02,-1.723093719999999962e+02,-3.181650088928571449e+02
-1.521093750000000000e+02,-1.835593719999999962e+02,-3.106650086785714393e+02
-1.538671875000000000e+02,-1.807468719999999962e+02,-2.994150083571428809e+02
-1.710937500000000000e+02,-1.828562469999999962e+02,-3.081650086071428518e+02
-1.545703125000000000e+02,-1.765281219999999962e+02,-3.169150088571428796e+02
-1.668750000000000000e+02,-1.772312469999999962e+02,-3.006650083928571462e+02
-1.535156250000000000e+02,-1.800437469999999962e+02,-3.206650089642857324e+02
-1.524609375000000000e+02,-1.751218719999999962e+02,-2.969150082857142934e+02
-1.633593750000000000e+02,-1.779343719999999962e+02,-3.206650089642857324e+02
-1.556250000000000000e+02,-1.747703094999999962e+02,-3.194150089285714103e+02
-1.542187500000000000e+02,-1.835593719999999962e+02,-3.156650088214285574e+02
-1.542187500000000000e+02,-1.765281219999999962e+02,-3.181650088928571449e+02
-1.700390625000000000e+02,-1.849656219999999962e+02,-3.019150084285714115e+02
-1.535156250000000000e+02,-1.765281219999999962e+02,-3.156650088214285574e+02
-1.563281250000000000e+02,-1.877781219999999962e+02,-3.131650087499999700e+02
-1.531640625000000000e+02,-1.828562469999999962e+02,-3.069150085714285865e+02
-1.556250000000000000e+02,-1.716062469999999962e+02,-3.056650085357142643e+02
-1.577343750000000000e+02,-1.888328094999999962e+02,-3.144150087857142921e+02
-1.689843750000000000e+02,-1.828562469999999962e+02,-3.056650085357142643e+02
-1.640625000000000000e+02,-1.856687469999999962e+02,-3.181650088928571449e+02
-1.517578125000000000e+02,-1.842624969999999962e+02,-3.094150086428571171e+02
-1.679296875000000000e+02,-1.863718719999999962e+02,-3.119150087142857046e+02
-1.556250000000000000e+02,-1.723093719999999962e+02,-3.106650086785714393e+02
-1.563281250000000000e+02,-1.870749969999999962e+02,-3.156650088214285574e+02
-1.538671875000000000e+02,-1.842624969999999962e+02,-3.019150084285714115e+02
-1.556250000000000000e+02,-1.737156219999999962e+02,-3.031650084642857337e+02
-1.535156250000000000e+02,-1.842624969999999962e+02,-3.156650088214285574e+02
-1.696875000000000000e+02,-1.835593719999999962e+02,-3.081650086071428518e+02
-1.570312500000000000e+02,-1.863718719999999962e+02,-3.156650088214285574e+02
-1.637109375000000000e+02,-1.786374969999999962e+02,-2.994150083571428809e+02
-1.668750000000000000e+02,-1.856687469999999962e+02,-3.131650087499999700e+02
-1.566796875000000000e+02,-1.870749969999999962e+02,-3.219150089999999977e+02
-1.651171875000000000e+02,-1.751218719999999962e+02,-3.169150088571428796e+02
-1.626562500000000000e+02,-1.828562469999999962e+02,-2.981650083214285587e+02
-1.535156250000000000e+02,-1.849656219999999962e+02,-3.056650085357142643e+02
-1.640625000000000000e+02,-1.723093719999999962e+02,-3.106650086785714393e+02
-1.700390625000000000e+02,-1.800437469999999962e+02,-3.069150085714285865e+02
-1.605468750000000000e+02,-1.902390594999999962e+02,-3.019150084285714115e+02
-1.686328125000000000e+02,-1.814499969999999962e+02,-3.144150087857142921e+02
-1.633593750000000000e+02,-1.744187469999999962e+02,-3.181650088928571449e+02
-1.647656250000000000e+02,-1.793406219999999962e+02,-3.181650088928571449e+02
-1.584375000000000000e+02,-1.772312469999999962e+02,-3.206650089642857324e+02
-1.563281250000000000e+02,-1.709031219999999962e+02,-3.056650085357142643e+02
-1.637109375000000000e+02,-1.786374969999999962e+02,-3.194150089285714103e+02
-1.703906250000000000e+02,-1.821531219999999962e+02,-3.031650084642857337e+02
-1.542187500000000000e+02,-1.814499969999999962e+02,-2.981650083214285587e+02
-1.679296875000000000e+02,-1.779343719999999962e+02,-3.119150087142857046e+02
-1.570312500000000000e+02,-1.874265594999999962e+02,-2.994150083571428809e+02
-1.626562500000000000e+02,-1.916453094999999962e+02,-3.019150084285714115e+02
-1.528125000000000000e+02,-1.821531219999999962e+02,-3.081650086071428518e+02
-1.549218750000000000e+02,-1.807468719999999962e+02,-2.981650083214285587e+02
-1.552734375000000000e+02,-1.884812469999999962e+02,-3.044150084999999990e+02
-1.538671875000000000e+02,-1.800437469999999962e+02,-3.219150089999999977e+02
-1.619531250000000000e+02,-1.905906219999999962e+02,-3.081650086071428518e+02
-1.647656250000000000e+02,-1.846140594999999962e+02,-3.169150088571428796e+02
-1.598437500000000000e+02,-1.891843719999999962e+02,-3.081650086071428518e+02
-1.661718750000000000e+02,-1.730124969999999962e+02,-3.006650083928571462e+02
-1.682812500000000000e+02,-1.800437469999999962e+02,-3.156650088214285574e+02
-1.661718750000000000e+02,-1.902390594999999962e+02,-3.094150086428571171e+02
-1.703906250000000000e+02,-1.846140594999999962e+02,-3.019150084285714115e+02
-1.661718750000000000e+02,-1.779343719999999962e+02,-3.006650083928571462e+02
-1.640625000000000000e+02,-1.814499969999999962e+02,-2.981650083214285587e+02
-1.665234375000000000e+02,-1.758249969999999962e+02,-3.119150087142857046e+02
-1.633593750000000000e+02,-1.828562469999999962e+02,-2.981650083214285587e+02
-1.531640625000000000e+02,-1.814499969999999962e+02,-3.169150088571428796e+02
-1.693359375000000000e+02,-1.821531219999999962e+02,-3.069150085714285865e+02
-1.696875000000000000e+02,-1.825046844999999962e+02,-3.044150084999999990e+02
-1.647656250000000000e+02,-1.835593719999999962e+02,-3.206650089642857324e+02
-1.531640625000000000e+02,-1.856687469999999962e+02,-3.144150087857142921e+02
-1.514062500000000000e+02,-1.786374969999999962e+02,-3.131650087499999700e+02
-1.594921875000000000e+02,-1.856687469999999962e+02,-3.219150089999999977e+02
-1.542187500000000000e+02,-1.839109344999999962e+02,-3.219150089999999977e+02
-1.549218750000000000e+02,-1.744187469999999962e+02,-3.156650088214285574e+02
-1.717968750000000000e+02,-1.821531219999999962e+02,-3.081650086071428518e+02
-1.668750000000000000e+02,-1.856687469999999962e+02,-3.006650083928571462e+02
-1.549218750000000000e+02,-1.719578094999999962e+02,-3.044150084999999990e+02
-1.654687500000000000e+02,-1.768796844999999962e+02,-3.169150088571428796e+02
-1.647656250000000000e+02,-1.863718719999999962e+02,-3.131650087499999700e+02
-1.542187500000000000e+02,-1.821531219999999962e+02,-2.981650083214285587e+02
-1.633593750000000000e+02,-1.793406219999999962e+02,-2.981650083214285587e+02
-1.626562500000000000e+02,-1.737156219999999962e+02,-3.006650083928571462e+02
-1.577343750000000000e+02,-1.716062469999999962e+02,-3.131650087499999700e+02
-1.661718750000000000e+02,-1.779343719999999962e+02,-3.156650088214285574e+02
-1.584375000000000000e+02,-1.881296844999999962e+02,-3.119150087142857046e+02
-1.714453125000000000e+02,-1.835593719999999962e+02,-3.094150086428571171e+02
-1.612500000000000000e+02,-1.744187469999999962e+02,-3.006650083928571462e+02
-1.563281250000000000e+02,-1.726609344999999962e+02,-3.119150087142857046e+02
-1.521093750000000000e+02,-1.814499969999999962e+02,-3.131650087499999700e+02
-1.668750000000000000e+02,-1.793406219999999962e+02,-3.156650088214285574e+02
-1.524609375000000000e+02,-1.814499969999999962e+02,-3.144150087857142921e+02
-1.633593750000000000e+02,-1.730124969999999962e+02,-3.181650088928571449e+02
-1.521093750000000000e+02,-1.786374969999999962e+02,-3.081650086071428518e+02
-1.640625000000000000e+02,-1.779343719999999962e+02,-3.181650088928571449e+02
-1.633593750000000000e+02,-1.786374969999999962e+02,-3.206650089642857324e+02
-1.689843750000000000e+02,-1.796921844999999962e+02,-3.119150087142857046e+02
-1.605468750000000000e+02,-1.898874969999999962e+02,-3.006650083928571462e+02
-1.591406250000000000e+02,-1.786374969999999962e+02,-3.206650089642857324e+02
-1.605468750000000000e+02,-1.877781219999999962e+02,-2.981650083214285587e+02
-1.647656250000000000e+02,-1.870749969999999962e+02,-3.006650083928571462e+02
-1.605468750000000000e+02,-1.765281219999999962e+02,-3.206650089642857324e+02
-1.661718750000000000e+02,-1.730124969999999962e+02,-3.106650086785714393e+02
-1.633593750000000000e+02,-1.916453094999999962e+02,-3.069150085714285865e+02
-1.651171875000000000e+02,-1.842624969999999962e+02,-3.169150088571428796e+02
-1.605468750000000000e+02,-1.733640594999999962e+02,-3.019150084285714115e+02
-1.668750000000000000e+02,-1.786374969999999962e+02,-3.006650083928571462e+02
-1.549218750000000000e+02,-1.874265594999999962e+02,-3.069150085714285865e+02
-1.542187500000000000e+02,-1.765281219999999962e+02,-3.156650088214285574e+02
-1.710937500000000000e+02,-1.800437469999999962e+02,-3.106650086785714393e+02
-1.661718750000000000e+02,-1.751218719999999962e+02,-3.106650086785714393e+02
-1.612500000000000000e+02,-1.905906219999999962e+02,-3.006650083928571462e+02
-1.584375000000000000e+02,-1.877781219999999962e+02,-2.981650083214285587e+02
-1.710937500000000000e+02,-1.821531219999999962e+02,-3.106650086785714393e+02
-1.556250000000000000e+02,-1.719578094999999962e+02,-3.044150084999999990e+02
-1.633593750000000000e+02,-1.723093719999999962e+02,-3.106650086785714393e+02
-1.584375000000000000e+02,-1.898874969999999962e+02,-3.031650084642857337e+02
-1.640625000000000000e+02,-1.870749969999999962e+02,-3.156650088214285574e+02
-1.633593750000000000e+02,-1.909421844999999962e+02,-3.044150084999999990e+02
-1.528125000000000000e+02,-1.789890594999999962e+02,-3.169150088571428796e+02
-1.619531250000000000e+02,-1.821531219999999962e+02,-2.981650083214285587e+02
-1.640625000000000000e+02,-1.912937469999999962e+02,-3.081650086071428518e+02
-1.675781250000000000e+02,-1.835593719999999962e+02,-3.156650088214285574e+02
-1.703906250000000000e+02,-1.779343719999999962e+02,-3.056650085357142643e+02
-1.570312500000000000e+02,-1.744187469999999962e+02,-3.206650089642857324e+02
-1.647656250000000000e+02,-1.895359344999999962e+02,-3.119150087142857046e+02
-1.619531250000000000e+02,-1.898874969999999962e+02,-3.081650086071428518e+02
-1.528125000000000000e+02,-1.751218719999999962e+02,-3.056650085357142643e+02
-1.654687500000000000e+02,-1.853171844999999962e+02,-3.144150087857142921e+02
-1.717968750000000000e+02,-1.825046844999999962e+02,-3.094150086428571171e+02
-1.608984375000000000e+02,-1.751218719999999962e+02,-2.969150082857142934e+02
-1.584375000000000000e+02,-1.891843719999999962e+02,-3.081650086071428518e+02
-1.591406250000000000e+02,-1.744187469999999962e+02,-3.006650083928571462e+02
-1.647656250000000000e+02,-1.716062469999999962e+02,-3.081650086071428518e+02
-1.584375000000000000e+02,-1.737156219999999962e+02,-3.206650089642857324e+02
-1.605468750000000000e+02,-1.919968719999999962e+02,-3.056650085357142643e+02
-1.577343750000000000e+02,-1.877781219999999962e+02,-3.156650088214285574e+02
-1.619531250000000000e+02,-1.800437469999999962e+02,-3.206650089642857324e+02
-1.535156250000000000e+02,-1.772312469999999962e+02,-3.156650088214285574e+02
-1.689843750000000000e+02,-1.870749969999999962e+02,-3.081650086071428518e+02
-1.647656250000000000e+02,-1.726609344999999962e+02,-3.019150084285714115e+02
-1.640625000000000000e+02,-1.730124969999999962e+02,-3.106650086785714393e+02
-1.605468750000000000e+02,-1.895359344999999962e+02,-3.094150086428571171e+02
-1.542187500000000000e+02,-1.796921844999999962e+02,-3.219150089999999977e+02
-1.689843750000000000e+02,-1.849656219999999962e+02,-3.031650084642857337e+02
-1.528125000000000000e+02,-1.754734344999999962e+02,-2.994150083571428809e+02
-1.535156250000000000e+02,-1.856687469999999962e+02,-3.156650088214285574e+02
-1.605468750000000000e+02,-1.772312469999999962e+02,-3.206650089642857324e+02
-1.591406250000000000e+02,-1.705515594999999962e+02,-3.119150087142857046e+02
-1.633593750000000000e+02,-1.842624969999999962e+02,-3.206650089642857324e+02
-1.545703125000000000e+02,-1.849656219999999962e+02,-3.219150089999999977e+02
-1.556250000000000000e+02,-1.884812469999999962e+02,-3.056650085357142643e+02
-1.619531250000000000e+02,-1.849656219999999962e+02,-3.206650089642857324e+02
-1.510546875000000000e+02,-1.779343719999999962e+02,-3.119150087142857046e+02
-1.703906250000000000e+02,-1.761765594999999962e+02,-3.069150085714285865e+02
-1.591406250000000000e+02,-1.796921844999999962e+02,-3.219150089999999977e+02
-1.619531250000000000e+02,-1.828562469999999962e+02,-3.206650089642857324e+02
-1.696875000000000000e+02,-1.779343719999999962e+02,-3.106650086785714393e+02
-1.651171875000000000e+02,-1.807468719999999962e+02,-3.169150088571428796e+02
-1.577343750000000000e+02,-1.793406219999999962e+02,-3.206650089642857324e+02
-1.626562500000000000e+02,-1.853171844999999962e+02,-3.194150089285714103e+02
-1.654687500000000000e+02,-1.870749969999999962e+02,-3.131650087499999700e+02
-1.521093750000000000e+02,-1.772312469999999962e+02,-3.131650087499999700e+02
-1.598437500000000000e+02,-1.740671844999999962e+02,-2.969150082857142934e+02
-1.528125000000000000e+02,-1.821531219999999962e+02,-3.156650088214285574e+02
-1.510546875000000000e+02,-1.779343719999999962e+02,-3.094150086428571171e+02
-1.556250000000000000e+02,-1.856687469999999962e+02,-3.206650089642857324e+02
-1.626562500000000000e+02,-1.867234344999999962e+02,-3.169150088571428796e+02
-1.514062500000000000e+02,-1.761765594999999962e+02,-3.094150086428571171e+02
-1.605468750000000000e+02,-1.884812469999999962e+02,-3.006650083928571462e+02
-1.626562500000000000e+02,-1.701999969999999962e+02,-3.106650086785714393e+02
-1.654687500000000000e+02,-1.821531219999999962e+02,-3.006650083928571462e+02
-1.682812500000000000e+02,-1.849656219999999962e+02,-3.131650087499999700e+02
-1.665234375000000000e+02,-1.898874969999999962e+02,-3.069150085714285865e+02
-1.619531250000000000e+02,-1.895359344999999962e+02,-3.094150086428571171e+02
-1.686328125000000000e+02,-1.828562469999999962e+02,-3.069150085714285865e+02
-1.700390625000000000e+02,-1.814499969999999962e+02,-3.044150084999999990e+02
-1.626562500000000000e+02,-1.877781219999999962e+02,-2.981650083214285587e+02
-1.591406250000000000e+02,-1.863718719999999962e+02,-3.181650088928571449e+02
-1.626562500000000000e+02,-1.744187469999999962e+02,-3.006650083928571462e+02
-1.661718750000000000e+02,-1.898874969999999962e+02,-3.106650086785714393e+02
-1.528125000000000000e+02,-1.754734344999999962e+02,-3.144150087857142921e+02
-1.644140625000000000e+02,-1.709031219999999962e+02,-3.094150086428571171e+02
-1.693359375000000000e+02,-1.758249969999999962e+02,-3.044150084999999990e+02
-1.584375000000000000e+02,-1.793406219999999962e+02,-3.206650089642857324e+02
-1.612500000000000000e+02,-1.709031219999999962e+02,-3.181650088928571449e+02
-1.668750000000000000e+02,-1.888328094999999962e+02,-3.044150084999999990e+02
-1.542187500000000000e+02,-1.863718719999999962e+02,-3.131650087499999700e+02
-1.591406250000000000e+02,-1.709031219999999962e+02,-3.081650086071428518e+02
-1.584375000000000000e+02,-1.709031219999999962e+02,-3.106650086785714393e+02
-1.584375000000000000e+02,-1.881296844999999962e+02,-2.994150083571428809e+02
-1.531640625000000000e+02,-1.786374969999999962e+02,-3.044150084999999990e+02
-1.570312500000000000e+02,-1.891843719999999962e+02,-3.081650086071428518e+02
-1.696875000000000000e+02,-1.793406219999999962e+02,-3.106650086785714393e+02
-1.587890625000000000e+02,-1.856687469999999962e+02,-3.194150089285714103e+02
-1.668750000000000000e+02,-1.800437469999999962e+02,-3.156650088214285574e+02
-1.524609375000000000e+02,-1.751218719999999962e+02,-3.094150086428571171e+02
-1.661718750000000000e+02,-1.895359344999999962e+02,-3.019150084285714115e+02
-1.563281250000000000e+02,-1.884812469999999962e+02,-3.081650086071428518e+02
-1.633593750000000000e+02,-1.905906219999999962e+02,-3.081650086071428518e+02
-1.528125000000000000e+02,-1.754734344999999962e+02,-3.119150087142857046e+02
-1.535156250000000000e+02,-1.800437469999999962e+02,-3.006650083928571462e+02
-1.640625000000000000e+02,-1.765281219999999962e+02,-3.181650088928571449e+02
-1.521093750000000000e+02,-1.828562469999999962e+02,-3.081650086071428518e+02
-1.598437500000000000e+02,-1.856687469999999962e+02,-3.206650089642857324e+02
-1.521093750000000000e+02,-1.832078094999999962e+02,-3.119150087142857046e+02
-1.675781250000000000e+02,-1.849656219999999962e+02,-3.006650083928571462e+02
-1.552734375000000000e+02,-1.870749969999999962e+02,-3.019150084285714115e+02
-1.626562500000000000e+02,-1.923484344999999962e+02,-3.069150085714285865e+02
-1.531640625000000000e+02,-1.758249969999999962e+02,-3.019150084285714115e+02
-1.549218750000000000e+02,-1.849656219999999962e+02,-3.006650083928571462e+02
-1.524609375000000000e+02,-1.793406219999999962e+02,-3.069150085714285865e+02
-1.549218750000000000e+02,-1.747703094999999962e+02,-3.019150084285714115e+02
-1.549218750000000000e+02,-1.821531219999999962e+02,-2.981650083214285587e+02
-1.640625000000000000e+02,-1.909421844999999962e+02,-3.044150084999999990e+02
-1.703906250000000000e+02,-1.800437469999999962e+02,-3.006650083928571462e+02
-1.591406250000000000e+02,-1.723093719999999962e+02,-3.031650084642857337e+02
-1.640625000000000000e+02,-1.803953094999999962e+02,-2.994150083571428809e+02
-1.535156250000000000e+02,-1.761765594999999962e+02,-3.194150089285714103e+02
-1.626562500000000000e+02,-1.719578094999999962e+02,-3.169150088571428796e+02
-1.633593750000000000e+02,-1.849656219999999962e+02,-3.206650089642857324e+02
-1.626562500000000000e+02,-1.730124969999999962e+02,-3.006650083928571462e+02
-1.619531250000000000e+02,-1.701999969999999962e+02,-3.081650086071428518e+02
-1.647656250000000000e+02,-1.891843719999999962e+02,-3.131650087499999700e+02
-1.535156250000000000e+02,-1.828562469999999962e+02,-3.156650088214285574e+02
-1.700390625000000000e+02,-1.856687469999999962e+02,-3.019150084285714115e+02
-1.626562500000000000e+02,-1.884812469999999962e+02,-3.006650083928571462e+02
-1.570312500000000000e+02,-1.860203094999999962e+02,-3.169150088571428796e+02
-1.644140625000000000e+02,-1.814499969999999962e+02,-2.994150083571428809e+02
-1.605468750000000000e+02,-1.891843719999999962e+02,-3.006650083928571462e+02
-1.570312500000000000e+02,-1.888328094999999962e+02,-3.019150084285714115e+02
-1.686328125000000000e+02,-1.793406219999999962e+02,-3.119150087142857046e+02
-1.584375000000000000e+02,-1.765281219999999962e+02,-3.206650089642857324e+02
-1.672265625000000000e+02,-1.877781219999999962e+02,-3.119150087142857046e+02
-1.598437500000000000e+02,-1.709031219999999962e+02,-3.081650086071428518e+02
-1.556250000000000000e+02,-1.860203094999999962e+02,-3.219150089999999977e+02
-1.647656250000000000e+02,-1.730124969999999962e+02,-3.006650083928571462e+02
-1.570312500000000000e+02,-1.895359344999999962e+02,-3.069150085714285865e+02
-1.703906250000000000e+02,-1.814499969999999962e+02,-3.031650084642857337e+02
-1.633593750000000000e+02,-1.821531219999999962e+02,-2.981650083214285587e+02
-1.528125000000000000e+02,-1.828562469999999962e+02,-3.156650088214285574e+02
-1.654687500000000000e+02,-1.719578094999999962e+02,-3.094150086428571171e+02
-1.658203125000000000e+02,-1.884812469999999962e+02,-3.119150087142857046e+02
-1.640625000000000000e+02,-1.884812469999999962e+02,-3.131650087499999700e+02
-1.668750000000000000e+02,-1.877781219999999962e+02,-3.131650087499999700e+02
-1.619531250000000000e+02,-1.716062469999999962e+02,-3.131650087499999700e+02
-1.542187500000000000e+02,-1.786374969999999962e+02,-2.981650083214285587e+02
-1.633593750000000000e+02,-1.828562469999999962e+02,-3.206650089642857324e+02
-1.584375000000000000e+02,-1.709031219999999962e+02,-3.081650086071428518e+02
-1.577343750000000000e+02,-1.870749969999999962e+02,-3.156650088214285574e+02
-1.552734375000000000e+02,-1.877781219999999962e+02,-3.069150085714285865e+02
-1.647656250000000000e+02,-1.856687469999999962e+02,-3.156650088214285574e+02
-1.689843750000000000e+02,-1.807468719999999962e+02,-3.131650087499999700e+02
-1.545703125000000000e+02,-1.723093719999999962e+02,-3.069150085714285865e+02
-1.696875000000000000e+02,-1.772312469999999962e+02,-3.081650086071428518e+02
-1.633593750000000000e+02,-1.701999969999999962e+02,-3.106650086785714393e+02
-1.563281250000000000e+02,-1.733640594999999962e+02,-2.969150082857142934e+02
-1.531640625000000000e+02,-1.835593719999999962e+02,-3.044150084999999990e+02
-1.626562500000000000e+02,-1.800437469999999962e+02,-3.206650089642857324e+02
-1.661718750000000000e+02,-1.765281219999999962e+02,-3.006650083928571462e+02
-1.563281250000000000e+02,-1.716062469999999962e+02,-3.056650085357142643e+02
-1.524609375000000000e+02,-1.849656219999999962e+02,-3.094150086428571171e+02
-1.514062500000000000e+02,-1.765281219999999962e+02,-3.081650086071428518e+02
-1.661718750000000000e+02,-1.828562469999999962e+02,-3.156650088214285574e+02
-1.696875000000000000e+02,-1.863718719999999962e+02,-3.106650086785714393e+02
-1.626562500000000000e+02,-1.807468719999999962e+02,-2.981650083214285587e+02
-1.651171875000000000e+02,-1.800437469999999962e+02,-3.169150088571428796e+02
-1.682812500000000000e+02,-1.765281219999999962e+02,-3.106650086785714393e+02
-1.675781250000000000e+02,-1.877781219999999962e+02,-3.031650084642857337e+02
-1.686328125000000000e+02,-1.835593719999999962e+02,-3.144150087857142921e+02
-1.640625000000000000e+02,-1.751218719999999962e+02,-3.006650083928571462e+02
-1.535156250000000000e+02,-1.747703094999999962e+02,-3.119150087142857046e+02
-1.549218750000000000e+02,-1.744187469999999962e+02,-3.031650084642857337e+02
-1.584375000000000000e+02,-1.905906219999999962e+02,-3.081650086071428518e+02
-1.584375000000000000e+02,-1.712546844999999962e+02,-3.044150084999999990e+02
-1.682812500000000000e+02,-1.877781219999999962e+02,-3.056650085357142643e+02
-1.528125000000000000e+02,-1.793406219999999962e+02,-3.181650088928571449e+02
-1.679296875000000000e+02,-1.744187469999999962e+02,-3.094150086428571171e+02
-1.633593750000000000e+02,-1.884812469999999962e+02,-3.131650087499999700e+02
-1.535156250000000000e+02,-1.744187469999999962e+02,-3.031650084642857337e+02
-1.647656250000000000e+02,-1.737156219999999962e+02,-3.106650086785714393e+02
-1.679296875000000000e+02,-1.751218719999999962e+02,-3.044150084999999990e+02
-1.531640625000000000e+02,-1.744187469999999962e+02,-2.969150082857142934e+02
-1.668750000000000000e+02,-1.898874969999999962e+02,-3.106650086785714393e+02
-1.577343750000000000e+02,-1.881296844999999962e+02,-3.119150087142857046e+02
-1.668750000000000000e+02,-1.835593719999999962e+02,-3.156650088214285574e+02
-1.668750000000000000e+02,-1.891843719999999962e+02,-3.106650086785714393e+02
-1.601953125000000000e+02,-1.737156219999999962e+02,-3.194150089285714103e+02
-1.584375000000000000e+02,-1.870749969999999962e+02,-3.156650088214285574e+02
-1.619531250000000000e+02,-1.772312469999999962e+02,-2.981650083214285587e+02
-1.559765625000000000e+02,-1.877781219999999962e+02,-3.019150084285714115e+02
-1.531640625000000000e+02,-1.737156219999999962e+02,-3.044150084999999990e+02
-1.545703125000000000e+02,-1.730124969999999962e+02,-2.994150083571428809e+02
-1.598437500000000000e+02,-1.751218719999999962e+02,-3.206650089642857324e+02
-1.570312500000000000e+02,-1.723093719999999962e+02,-3.031650084642857337e+02
-1.696875000000000000e+02,-1.849656219999999962e+02,-3.081650086071428518e+02
-1.531640625000000000e+02,-1.765281219999999962e+02,-2.994150083571428809e+02
-1.538671875000000000e+02,-1.835593719999999962e+02,-3.019150084285714115e+02
-1.675781250000000000e+02,-1.828562469999999962e+02,-3.156650088214285574e+02
-1.605468750000000000e+02,-1.740671844999999962e+02,-3.194150089285714103e+02
-1.651171875000000000e+02,-1.905906219999999962e+02,-3.019150084285714115e+02
-1.542187500000000000e+02,-1.744187469999999962e+02,-3.156650088214285574e+02
-1.686328125000000000e+02,-1.870749969999999962e+02,-3.019150084285714115e+02
-1.563281250000000000e+02,-1.863718719999999962e+02,-3.156650088214285574e+02
-1.686328125000000000e+02,-1.842624969999999962e+02,-3.044150084999999990e+02
-1.633593750000000000e+02,-1.912937469999999962e+02,-3.006650083928571462e+02
-1.577343750000000000e+02,-1.891843719999999962e+02,-3.081650086071428518e+02
-1.640625000000000000e+02,-1.870749969999999962e+02,-2.981650083214285587e+02
-1.591406250000000000e+02,-1.884812469999999962e+02,-3.156650088214285574e+02
-1.689843750000000000e+02,-1.821531219999999962e+02,-3.006650083928571462e+02
-1.591406250000000000e+02,-1.716062469999999962e+02,-3.131650087499999700e+02
-1.601953125000000000e+02,-1.828562469999999962e+02,-3.219150089999999977e+02
-1.514062500000000000e+02,-1.779343719999999962e+02,-3.131650087499999700e+02
-1.668750000000000000e+02,-1.737156219999999962e+02,-3.106650086785714393e+02
-1.549218750000000000e+02,-1.737156219999999962e+02,-3.031650084642857337e+02
-1.703906250000000000e+02,-1.856687469999999962e+02,-3.106650086785714393e+02
-1.570312500000000000e+02,-1.733640594999999962e+02,-3.169150088571428796e+02
-1.612500000000000000e+02,-1.888328094999999962e+02,-3.144150087857142921e+02
-1.584375000000000000e+02,-1.877781219999999962e+02,-3.156650088214285574e+02
-1.616015625000000000e+02,-1.730124969999999962e+02,-3.019150084285714115e+02
-1.563281250000000000e+02,-1.877781219999999962e+02,-3.006650083928571462e+02
-1.538671875000000000e+02,-1.737156219999999962e+02,-3.094150086428571171e+02
-1.556250000000000000e+02,-1.740671844999999962e+02,-2.994150083571428809e+02
-1.647656250000000000e+02,-1.863718719999999962e+02,-2.981650083214285587e+02
-1.510546875000000000e+02,-1.765281219999999962e+02,-3.119150087142857046e+02
-1.633593750000000000e+02,-1.891843719999999962e+02,-3.006650083928571462e+02
-1.658203125000000000e+02,-1.898874969999999962e+02,-3.044150084999999990e+02
-1.573828125000000000e+02,-1.814499969999999962e+02,-2.969150082857142934e+02
-1.538671875000000000e+02,-1.800437469999999962e+02,-2.994150083571428809e+02
-1.675781250000000000e+02,-1.807468719999999962e+02,-3.156650088214285574e+02
-1.696875000000000000e+02,-1.807468719999999962e+02,-3.006650083928571462e+02
-1.654687500000000000e+02,-1.730124969999999962e+02,-3.031650084642857337e+02
-1.619531250000000000e+02,-1.709031219999999962e+02,-3.106650086785714393e+02
-1.605468750000000000e+02,-1.730124969999999962e+02,-3.181650088928571449e+02
-1.594921875000000000e+02,-1.716062469999999962e+02,-3.144150087857142921e+02
-1.640625000000000000e+02,-1.846140594999999962e+02,-3.194150089285714103e+02
-1.647656250000000000e+02,-1.758249969999999962e+02,-3.006650083928571462e+02
-1.549218750000000000e+02,-1.874265594999999962e+02,-3.094150086428571171e+02
-1.647656250000000000e+02,-1.730124969999999962e+02,-3.056650085357142643e+02
-1.612500000000000000e+02,-1.898874969999999962e+02,-3.006650083928571462e+02
-1.549218750000000000e+02,-1.881296844999999962e+02,-3.044150084999999990e+02
-1.647656250000000000e+02,-1.905906219999999962e+02,-3.081650086071428518e+02
-1.528125000000000000e+02,-1.800437469999999962e+02,-3.181650088928571449e+02
-1.601953125000000000e+02,-1.891843719999999962e+02,-3.119150087142857046e+02
-1.535156250000000000e+02,-1.814499969999999962e+02,-3.206650089642857324e+02
-1.633593750000000000e+02,-1.726609344999999962e+02,-3.019150084285714115e+02
-1.710937500000000000e+02,-1.800437469999999962e+02,-3.081650086071428518e+02
-1.644140625000000000e+02,-1.814499969999999962e+02,-3.194150089285714103e+02
-1.696875000000000000e+02,-1.761765594999999962e+02,-3.044150084999999990e+02
-1.675781250000000000e+02,-1.870749969999999962e+02,-3.131650087499999700e+02
-1.682812500000000000e+02,-1.856687469999999962e+02,-3.031650084642857337e+02
-1.668750000000000000e+02,-1.898874969999999962e+02,-3.081650086071428518e+02
-1.703906250000000000e+02,-1.807468719999999962e+02,-3.081650086071428518e+02
-1.668750000000000000e+02,-1.765281219999999962e+02,-3.131650087499999700e+02
-1.661718750000000000e+02,-1.744187469999999962e+02,-3.006650083928571462e+02
-1.644140625000000000e+02,-1.856687469999999962e+02,-3.169150088571428796e+02
-1.623046875000000000e+02,-1.912937469999999962e+02,-3.019150084285714115e+02
-1.528125000000000000e+02,-1.803953094999999962e+02,-3.169150088571428796e+02
-1.612500000000000000e+02,-1.772312469999999962e+02,-3.206650089642857324e+02
-1.619531250000000000e+02,-1.758249969999999962e+02,-3.006650083928571462e+02
-1.654687500000000000e+02,-1.828562469999999962e+02,-3.206650089642857324e+02
-1.542187500000000000e+02,-1.853171844999999962e+02,-3.019150084285714115e+02
-1.584375000000000000e+02,-1.758249969999999962e+02,-3.206650089642857324e+02
-1.644140625000000000e+02,-1.849656219999999962e+02,-3.169150088571428796e+02
-1.577343750000000000e+02,-1.898874969999999962e+02,-3.031650084642857337e+02
-1.538671875000000000e+02,-1.863718719999999962e+02,-3.069150085714285865e+02
-1.549218750000000000e+02,-1.733640594999999962e+02,-2.969150082857142934e+02
-1.640625000000000000e+02,-1.814499969999999962e+02,-3.206650089642857324e+02
-1.651171875000000000e+02,-1.814499969999999962e+02,-3.169150088571428796e+02
-1.668750000000000000e+02,-1.733640594999999962e+02,-3.019150084285714115e+02
-1.616015625000000000e+02,-1.828562469999999962e+02,-2.969150082857142934e+02
-1.616015625000000000e+02,-1.709031219999999962e+02,-3.169150088571428796e+02
-1.668750000000000000e+02,-1.884812469999999962e+02,-3.106650086785714393e+02
-1.598437500000000000e+02,-1.884812469999999962e+02,-3.156650088214285574e+02
-1.524609375000000000e+02,-1.786374969999999962e+02,-3.144150087857142921e+02
-1.654687500000000000e+02,-1.779343719999999962e+02,-3.006650083928571462e+02
-1.623046875000000000e+02,-1.793406219999999962e+02,-2.969150082857142934e+02
-1.531640625000000000e+02,-1.807468719999999962e+02,-3.069150085714285865e+02
-1.535156250000000000e+02,-1.863718719999999962e+02,-3.056650085357142643e+02
-1.682812500000000000e+02,-1.796921844999999962e+02,-3.144150087857142921e+02
-1.605468750000000000e+02,-1.701999969999999962e+02,-3.081650086071428518e+02
-1.665234375000000000e+02,-1.730124969999999962e+02,-3.094150086428571171e+02
-1.654687500000000000e+02,-1.902390594999999962e+02,-3.094150086428571171e+02
-1.675781250000000000e+02,-1.877781219999999962e+02,-3.056650085357142643e+02
-1.689843750000000000e+02,-1.821531219999999962e+02,-3.156650088214285574e+02
-1.584375000000000000e+02,-1.779343719999999962e+02,-3.206650089642857324e+02
-1.626562500000000000e+02,-1.842624969999999962e+02,-3.206650089642857324e+02
-1.612500000000000000e+02,-1.909421844999999962e+02,-3.019150084285714115e+02
-1.598437500000000000e+02,-1.737156219999999962e+02,-3.006650083928571462e+02
-1.510546875000000000e+02,-1.772312469999999962e+02,-3.119150087142857046e+02
-1.668750000000000000e+02,-1.775828094999999962e+02,-3.144150087857142921e+02
-1.703906250000000000e+02,-1.821531219999999962e+02,-3.106650086785714393e+02
-1.601953125000000000e+02,-1.814499969999999962e+02,-3.219150089999999977e+02
-1.633593750000000000e+02,-1.737156219999999962e+02,-3.006650083928571462e+02
-1.584375000000000000e+02,-1.909421844999999962e+02,-3.069150085714285865e+02
-1.563281250000000000e+02,-1.891843719999999962e+02,-3.031650084642857337e+02
-1.531640625000000000e+02,-1.807468719999999962e+02,-3.194150089285714103e+02
-1.556250000000000000e+02,-1.870749969999999962e+02,-3.156650088214285574e+02
-1.633593750000000000e+02,-1.765281219999999962e+02,-3.206650089642857324e+02
-1.640625000000000000e+02,-1.793406219999999962e+02,-3.181650088928571449e+02
-1.584375000000000000e+02,-1.863718719999999962e+02,-3.181650088928571449e+02
-1.626562500000000000e+02,-1.863718719999999962e+02,-2.981650083214285587e+02
-1.552734375000000000e+02,-1.730124969999999962e+02,-3.144150087857142921e+02
-1.647656250000000000e+02,-1.779343719999999962e+02,-3.181650088928571449e+02
-1.612500000000000000e+02,-1.712546844999999962e+02,-3.069150085714285865e+02
-1.696875000000000000e+02,-1.793406219999999962e+02,-3.006650083928571462e+02
-1.535156250000000000e+02,-1.765281219999999962e+02,-3.206650089642857324e+02
