-1.710484314999999924e+02,-1.778906250000000000e+02,-2.770000000000000000e+02
-1.706968689999999924e+02,-1.778906250000000000e+02,-2.782500000000000000e+02
-1.706968689999999924e+02,-1.782421875000000000e+02,-2.770000000000000000e+02
-1.706968689999999924e+02,-1.778906250000000000e+02,-2.757500000000000000e+02
-1.710484314999999924e+02,-1.771875000000000000e+02,-2.770000000000000000e+02
-1.706968689999999924e+02,-1.771875000000000000e+02,-2.782500000000000000e+02
-1.706968689999999924e+02,-1.771875000000000000e+02,-2.757500000000000000e+02
-1.710484314999999924e+02,-1.764843750000000000e+02,-2.770000000000000000e+02
-1.706968689999999924e+02,-1.764843750000000000e+02,-2.782500000000000000e+02
-1.706968689999999924e+02,-1.764843750000000000e+02,-2.757500000000000000e+02
-1.710484314999999924e+02,-1.757812500000000000e+02,-2.770000000000000000e+02
-1.706968689999999924e+02,-1.757812500000000000e+02,-2.782500000000000000e+02
-1.706968689999999924e+02,-1.757812500000000000e+02,-2.757500000000000000e+02
-1.706968689999999924e+02,-1.754296875000000000e+02,-2.770000000000000000e+02
-1.703453064999999924e+02,-1.785937500000000000e+02,-2.770000000000000000e+02
-1.699937439999999924e+02,-1.785937500000000000e+02,-2.782500000000000000e+02
-1.699937439999999924e+02,-1.789453125000000000e+02,-2.770000000000000000e+02
-1.699937439999999924e+02,-1.785937500000000000e+02,-2.757500000000000000e+02
-1.699937439999999924e+02,-1.778906250000000000e+02,-2.782500000000000000e+02
-1.699937439999999924e+02,-1.778906250000000000e+02,-2.757500000000000000e+02
-1.699937439999999924e+02,-1.771875000000000000e+02,-2.782500000000000000e+02
-1.699937439999999924e+02,-1.771875000000000000e+02,-2.757500000000000000e+02
-1.699937439999999924e+02,-1.764843750000000000e+02,-2.782500000000000000e+02
-1.699937439999999924e+02,-1.764843750000000000e+02,-2.757500000000000000e+02
-1.699937439999999924e+02,-1.757812500000000000e+02,-2.782500000000000000e+02
-1.699937439999999924e+02,-1.757812500000000000e+02,-2.757500000000000000e+02
-1.703453064999999924e+02,-1.750781250000000000e+02,-2.770000000000000000e+02
-1.699937439999999924e+02,-1.750781250000000000e+02,-2.782500000000000000e+02
-1.699937439999999924e+02,-1.750781250000000000e+02,-2.757500000000000000e+02
-1.699937439999999924e+02,-1.747265625000000000e+02,-2.770000000000000000e+02
-1.696421814999999924e+02,-1.792968750000000000e+02,-2.770000000000000000e+02
-1.692906189999999924e+02,-1.792968750000000000e+02,-2.782500000000000000e+02
-1.692906189999999924e+02,-1.796484375000000000e+02,-2.770000000000000000e+02
-1.692906189999999924e+02,-1.792968750000000000e+02,-2.757500000000000000e+02
-1.692906189999999924e+02,-1.785937500000000000e+02,-2.782500000000000000e+02
-1.692906189999999924e+02,-1.785937500000000000e+02,-2.757500000000000000e+02
-1.692906189999999924e+02,-1.778906250000000000e+02,-2.782500000000000000e+02
-1.692906189999999924e+02,-1.782421875000000000e+02,-2.745000000000000000e+02
-1.696421814999999924e+02,-1.778906250000000000e+02,-2.745000000000000000e+02
-1.696421814999999924e+02,-1.771875000000000000e+02,-2.795000000000000000e+02
-1.692906189999999924e+02,-1.775390625000000000e+02,-2.795000000000000000e+02
-1.696421814999999924e+02,-1.771875000000000000e+02,-2.745000000000000000e+02
-1.696421814999999924e+02,-1.764843750000000000e+02,-2.795000000000000000e+02
-1.696421814999999924e+02,-1.764843750000000000e+02,-2.745000000000000000e+02
-1.696421814999999924e+02,-1.757812500000000000e+02,-2.795000000000000000e+02
-1.696421814999999924e+02,-1.757812500000000000e+02,-2.745000000000000000e+02
-1.696421814999999924e+02,-1.750781250000000000e+02,-2.795000000000000000e+02
-1.692906189999999924e+02,-1.754296875000000000e+02,-2.745000000000000000e+02
-1.692906189999999924e+02,-1.750781250000000000e+02,-2.757500000000000000e+02
-1.696421814999999924e+02,-1.743750000000000000e+02,-2.770000000000000000e+02
-1.692906189999999924e+02,-1.743750000000000000e+02,-2.782500000000000000e+02
-1.692906189999999924e+02,-1.747265625000000000e+02,-2.795000000000000000e+02
-1.692906189999999924e+02,-1.743750000000000000e+02,-2.757500000000000000e+02
-1.692906189999999924e+02,-1.740234375000000000e+02,-2.770000000000000000e+02
-1.685874939999999924e+02,-1.792968750000000000e+02,-2.782500000000000000e+02
-1.685874939999999924e+02,-1.796484375000000000e+02,-2.770000000000000000e+02
-1.685874939999999924e+02,-1.792968750000000000e+02,-2.757500000000000000e+02
-1.685874939999999924e+02,-1.785937500000000000e+02,-2.782500000000000000e+02
-1.685874939999999924e+02,-1.789453125000000000e+02,-2.745000000000000000e+02
-1.689390564999999924e+02,-1.785937500000000000e+02,-2.745000000000000000e+02
-1.685874939999999924e+02,-1.778906250000000000e+02,-2.782500000000000000e+02
-1.685874939999999924e+02,-1.775390625000000000e+02,-2.795000000000000000e+02
-1.689390564999999924e+02,-1.750781250000000000e+02,-2.745000000000000000e+02
-1.685874939999999924e+02,-1.747265625000000000e+02,-2.795000000000000000e+02
-1.685874939999999924e+02,-1.743750000000000000e+02,-2.782500000000000000e+02
-1.685874939999999924e+02,-1.747265625000000000e+02,-2.745000000000000000e+02
-1.685874939999999924e+02,-1.743750000000000000e+02,-2.757500000000000000e+02
-1.685874939999999924e+02,-1.740234375000000000e+02,-2.770000000000000000e+02
-1.678843689999999924e+02,-1.792968750000000000e+02,-2.782500000000000000e+02
-1.678843689999999924e+02,-1.796484375000000000e+02,-2.770000000000000000e+02
-1.678843689999999924e+02,-1.792968750000000000e+02,-2.757500000000000000e+02
-1.678843689999999924e+02,-1.785937500000000000e+02,-2.782500000000000000e+02
-1.678843689999999924e+02,-1.789453125000000000e+02,-2.745000000000000000e+02
-1.678843689999999924e+02,-1.778906250000000000e+02,-2.782500000000000000e+02
-1.678843689999999924e+02,-1.775390625000000000e+02,-2.795000000000000000e+02
-1.678843689999999924e+02,-1.747265625000000000e+02,-2.795000000000000000e+02
-1.678843689999999924e+02,-1.743750000000000000e+02,-2.782500000000000000e+02
-1.678843689999999924e+02,-1.747265625000000000e+02,-2.745000000000000000e+02
-1.678843689999999924e+02,-1.743750000000000000e+02,-2.757500000000000000e+02
-1.678843689999999924e+02,-1.740234375000000000e+02,-2.770000000000000000e+02
-1.671812439999999924e+02,-1.792968750000000000e+02,-2.782500000000000000e+02
-1.671812439999999924e+02,-1.796484375000000000e+02,-2.770000000000000000e+02
-1.671812439999999924e+02,-1.792968750000000000e+02,-2.757500000000000000e+02
-1.671812439999999924e+02,-1.785937500000000000e+02,-2.782500000000000000e+02
-1.675328064999999924e+02,-1.785937500000000000e+02,-2.745000000000000000e+02
-1.671812439999999924e+02,-1.785937500000000000e+02,-2.757500000000000000e+02
-1.671812439999999924e+02,-1.778906250000000000e+02,-2.782500000000000000e+02
-1.671812439999999924e+02,-1.782421875000000000e+02,-2.745000000000000000e+02
-1.675328064999999924e+02,-1.771875000000000000e+02,-2.795000000000000000e+02
-1.671812439999999924e+02,-1.771875000000000000e+02,-2.782500000000000000e+02
-1.671812439999999924e+02,-1.768359375000000000e+02,-2.795000000000000000e+02
-1.675328064999999924e+02,-1.757812500000000000e+02,-2.745000000000000000e+02
-1.671812439999999924e+02,-1.761328125000000000e+02,-2.745000000000000000e+02
-1.671812439999999924e+02,-1.757812500000000000e+02,-2.757500000000000000e+02
-1.675328064999999924e+02,-1.750781250000000000e+02,-2.745000000000000000e+02
-1.671812439999999924e+02,-1.750781250000000000e+02,-2.757500000000000000e+02
-1.671812439999999924e+02,-1.747265625000000000e+02,-2.795000000000000000e+02
-1.671812439999999924e+02,-1.743750000000000000e+02,-2.782500000000000000e+02
-1.671812439999999924e+02,-1.743750000000000000e+02,-2.757500000000000000e+02
-1.671812439999999924e+02,-1.740234375000000000e+02,-2.770000000000000000e+02
-1.668296814999999924e+02,-1.792968750000000000e+02,-2.770000000000000000e+02
-1.664781189999999924e+02,-1.785937500000000000e+02,-2.782500000000000000e+02
-1.664781189999999924e+02,-1.789453125000000000e+02,-2.770000000000000000e+02
-1.664781189999999924e+02,-1.785937500000000000e+02,-2.757500000000000000e+02
-1.664781189999999924e+02,-1.778906250000000000e+02,-2.782500000000000000e+02
-1.668296814999999924e+02,-1.778906250000000000e+02,-2.745000000000000000e+02
-1.664781189999999924e+02,-1.778906250000000000e+02,-2.757500000000000000e+02
-1.664781189999999924e+02,-1.771875000000000000e+02,-2.782500000000000000e+02
-1.668296814999999924e+02,-1.771875000000000000e+02,-2.745000000000000000e+02
-1.664781189999999924e+02,-1.771875000000000000e+02,-2.757500000000000000e+02
-1.668296814999999924e+02,-1.764843750000000000e+02,-2.795000000000000000e+02
-1.664781189999999924e+02,-1.764843750000000000e+02,-2.782500000000000000e+02
-1.668296814999999924e+02,-1.764843750000000000e+02,-2.745000000000000000e+02
-1.664781189999999924e+02,-1.764843750000000000e+02,-2.757500000000000000e+02
-1.664781189999999924e+02,-1.757812500000000000e+02,-2.782500000000000000e+02
-1.668296814999999924e+02,-1.757812500000000000e+02,-2.795000000000000000e+02
-1.664781189999999924e+02,-1.757812500000000000e+02,-2.757500000000000000e+02
-1.664781189999999924e+02,-1.750781250000000000e+02,-2.782500000000000000e+02
-1.668296814999999924e+02,-1.750781250000000000e+02,-2.795000000000000000e+02
-1.664781189999999924e+02,-1.750781250000000000e+02,-2.757500000000000000e+02
-1.664781189999999924e+02,-1.743750000000000000e+02,-2.782500000000000000e+02
-1.664781189999999924e+02,-1.743750000000000000e+02,-2.757500000000000000e+02
-1.664781189999999924e+02,-1.740234375000000000e+02,-2.770000000000000000e+02
-1.661265564999999924e+02,-1.785937500000000000e+02,-2.770000000000000000e+02
-1.657749939999999924e+02,-1.778906250000000000e+02,-2.782500000000000000e+02
-1.657749939999999924e+02,-1.782421875000000000e+02,-2.770000000000000000e+02
-1.657749939999999924e+02,-1.778906250000000000e+02,-2.757500000000000000e+02
-1.657749939999999924e+02,-1.771875000000000000e+02,-2.782500000000000000e+02
-1.657749939999999924e+02,-1.771875000000000000e+02,-2.757500000000000000e+02
-1.657749939999999924e+02,-1.764843750000000000e+02,-2.782500000000000000e+02
-1.657749939999999924e+02,-1.764843750000000000e+02,-2.757500000000000000e+02
-1.657749939999999924e+02,-1.757812500000000000e+02,-2.782500000000000000e+02
-1.657749939999999924e+02,-1.757812500000000000e+02,-2.757500000000000000e+02
-1.657749939999999924e+02,-1.750781250000000000e+02,-2.782500000000000000e+02
-1.657749939999999924e+02,-1.750781250000000000e+02,-2.757500000000000000e+02
-1.657749939999999924e+02,-1.747265625000000000e+02,-2.770000000000000000e+02
-1.661265564999999924e+02,-1.743750000000000000e+02,-2.770000000000000000e+02
-1.654234314999999924e+02,-1.778906250000000000e+02,-2.770000000000000000e+02
-1.654234314999999924e+02,-1.771875000000000000e+02,-2.770000000000000000e+02
-1.654234314999999924e+02,-1.764843750000000000e+02,-2.770000000000000000e+02
-1.654234314999999924e+02,-1.757812500000000000e+02,-2.770000000000000000e+02
-1.654234314999999924e+02,-1.750781250000000000e+02,-2.770000000000000000e+02
