-2.142898409999999956e+02,-1.966187459999999874e+02,-4.075000000000000000e+02
-2.138796849999999949e+02,-1.966187459999999874e+02,-4.087500000000000000e+02
-2.138796849999999949e+02,-1.970289019999999880e+02,-4.075000000000000000e+02
-2.138796849999999949e+02,-1.966187459999999874e+02,-4.062500000000000000e+02
-2.142898409999999956e+02,-1.957984339999999861e+02,-4.075000000000000000e+02
-2.138796849999999949e+02,-1.957984339999999861e+02,-4.087500000000000000e+02
-2.138796849999999949e+02,-1.957984339999999861e+02,-4.062500000000000000e+02
-2.142898409999999956e+02,-1.949781219999999848e+02,-4.075000000000000000e+02
-2.138796849999999949e+02,-1.949781219999999848e+02,-4.087500000000000000e+02
-2.138796849999999949e+02,-1.949781219999999848e+02,-4.062500000000000000e+02
-2.142898409999999956e+02,-1.941578099999999836e+02,-4.075000000000000000e+02
-2.138796849999999949e+02,-1.941578099999999836e+02,-4.087500000000000000e+02
-2.138796849999999949e+02,-1.941578099999999836e+02,-4.062500000000000000e+02
-2.142898409999999956e+02,-1.933374979999999823e+02,-4.075000000000000000e+02
-2.138796849999999949e+02,-1.933374979999999823e+02,-4.087500000000000000e+02
-2.138796849999999949e+02,-1.933374979999999823e+02,-4.062500000000000000e+02
-2.138796849999999949e+02,-1.929273419999999817e+02,-4.075000000000000000e+02
-2.130593729999999937e+02,-1.986695259999999905e+02,-4.100000000000000000e+02
-2.130593729999999937e+02,-1.982593699999999899e+02,-4.087500000000000000e+02
-2.134695289999999943e+02,-1.982593699999999899e+02,-4.100000000000000000e+02
-2.130593729999999937e+02,-1.978492139999999893e+02,-4.075000000000000000e+02
-2.134695289999999943e+02,-1.974390579999999886e+02,-4.075000000000000000e+02
-2.134695289999999943e+02,-1.974390579999999886e+02,-4.100000000000000000e+02
-2.130593729999999937e+02,-1.974390579999999886e+02,-4.062500000000000000e+02
-2.134695289999999943e+02,-1.966187459999999874e+02,-4.100000000000000000e+02
-2.130593729999999937e+02,-1.966187459999999874e+02,-4.062500000000000000e+02
-2.134695289999999943e+02,-1.966187459999999874e+02,-4.025000000000000000e+02
-2.130593729999999937e+02,-1.966187459999999874e+02,-4.037500000000000000e+02
-2.130593729999999937e+02,-1.970289019999999880e+02,-4.025000000000000000e+02
-2.134695289999999943e+02,-1.957984339999999861e+02,-4.100000000000000000e+02
-2.130593729999999937e+02,-1.962085899999999867e+02,-4.050000000000000000e+02
-2.134695289999999943e+02,-1.957984339999999861e+02,-4.050000000000000000e+02
-2.134695289999999943e+02,-1.957984339999999861e+02,-4.025000000000000000e+02
-2.130593729999999937e+02,-1.953882779999999855e+02,-4.100000000000000000e+02
-2.130593729999999937e+02,-1.949781219999999848e+02,-4.087500000000000000e+02
-2.134695289999999943e+02,-1.949781219999999848e+02,-4.050000000000000000e+02
-2.134695289999999943e+02,-1.949781219999999848e+02,-4.025000000000000000e+02
-2.130593729999999937e+02,-1.941578099999999836e+02,-4.087500000000000000e+02
-2.134695289999999943e+02,-1.941578099999999836e+02,-4.050000000000000000e+02
-2.134695289999999943e+02,-1.941578099999999836e+02,-4.025000000000000000e+02
-2.130593729999999937e+02,-1.933374979999999823e+02,-4.087500000000000000e+02
-2.134695289999999943e+02,-1.933374979999999823e+02,-4.050000000000000000e+02
-2.134695289999999943e+02,-1.933374979999999823e+02,-4.025000000000000000e+02
-2.134695289999999943e+02,-1.925171859999999810e+02,-4.075000000000000000e+02
-2.130593729999999937e+02,-1.925171859999999810e+02,-4.087500000000000000e+02
-2.134695289999999943e+02,-1.925171859999999810e+02,-4.050000000000000000e+02
-2.130593729999999937e+02,-1.925171859999999810e+02,-4.037500000000000000e+02
-2.130593729999999937e+02,-1.929273419999999817e+02,-4.025000000000000000e+02
-2.130593729999999937e+02,-1.921070299999999804e+02,-4.075000000000000000e+02
-2.130593729999999937e+02,-1.921070299999999804e+02,-4.050000000000000000e+02
-2.122390609999999924e+02,-1.994898379999999918e+02,-4.100000000000000000e+02
-2.122390609999999924e+02,-1.990796819999999911e+02,-4.087500000000000000e+02
-2.126492169999999930e+02,-1.990796819999999911e+02,-4.100000000000000000e+02
-2.122390609999999924e+02,-1.986695259999999905e+02,-4.075000000000000000e+02
-2.126492169999999930e+02,-1.982593699999999899e+02,-4.075000000000000000e+02
-2.122390609999999924e+02,-1.982593699999999899e+02,-4.062500000000000000e+02
-2.122390609999999924e+02,-1.978492139999999893e+02,-4.050000000000000000e+02
-2.126492169999999930e+02,-1.974390579999999886e+02,-4.050000000000000000e+02
-2.122390609999999924e+02,-1.974390579999999886e+02,-4.037500000000000000e+02
-2.126492169999999930e+02,-1.966187459999999874e+02,-4.050000000000000000e+02
-2.122390609999999924e+02,-1.970289019999999880e+02,-4.025000000000000000e+02
-2.126492169999999930e+02,-1.949781219999999848e+02,-4.100000000000000000e+02
-2.126492169999999930e+02,-1.941578099999999836e+02,-4.100000000000000000e+02
-2.122390609999999924e+02,-1.937476539999999829e+02,-4.100000000000000000e+02
-2.122390609999999924e+02,-1.933374979999999823e+02,-4.087500000000000000e+02
-2.122390609999999924e+02,-1.925171859999999810e+02,-4.087500000000000000e+02
-2.122390609999999924e+02,-1.929273419999999817e+02,-4.025000000000000000e+02
-2.122390609999999924e+02,-1.925171859999999810e+02,-4.037500000000000000e+02
-2.122390609999999924e+02,-1.921070299999999804e+02,-4.075000000000000000e+02
-2.122390609999999924e+02,-1.921070299999999804e+02,-4.050000000000000000e+02
-2.118289049999999918e+02,-1.990796819999999911e+02,-4.100000000000000000e+02
-2.118289049999999918e+02,-1.982593699999999899e+02,-4.100000000000000000e+02
-2.114187489999999912e+02,-1.986695259999999905e+02,-4.075000000000000000e+02
-2.114187489999999912e+02,-1.982593699999999899e+02,-4.087500000000000000e+02
-2.114187489999999912e+02,-1.982593699999999899e+02,-4.062500000000000000e+02
-2.114187489999999912e+02,-1.974390579999999886e+02,-4.087500000000000000e+02
-2.118289049999999918e+02,-1.974390579999999886e+02,-4.100000000000000000e+02
-2.114187489999999912e+02,-1.978492139999999893e+02,-4.050000000000000000e+02
-2.114187489999999912e+02,-1.978492139999999893e+02,-4.025000000000000000e+02
-2.118289049999999918e+02,-1.974390579999999886e+02,-4.025000000000000000e+02
-2.114187489999999912e+02,-1.970289019999999880e+02,-4.100000000000000000e+02
-2.118289049999999918e+02,-1.933374979999999823e+02,-4.100000000000000000e+02
-2.114187489999999912e+02,-1.929273419999999817e+02,-4.100000000000000000e+02
-2.114187489999999912e+02,-1.925171859999999810e+02,-4.087500000000000000e+02
-2.114187489999999912e+02,-1.929273419999999817e+02,-4.025000000000000000e+02
-2.114187489999999912e+02,-1.925171859999999810e+02,-4.037500000000000000e+02
-2.114187489999999912e+02,-1.921070299999999804e+02,-4.075000000000000000e+02
-2.114187489999999912e+02,-1.921070299999999804e+02,-4.050000000000000000e+02
-2.105984369999999899e+02,-1.982593699999999899e+02,-4.087500000000000000e+02
-2.105984369999999899e+02,-1.986695259999999905e+02,-4.075000000000000000e+02
-2.105984369999999899e+02,-1.986695259999999905e+02,-4.050000000000000000e+02
-2.110085929999999905e+02,-1.982593699999999899e+02,-4.050000000000000000e+02
-2.105984369999999899e+02,-1.982593699999999899e+02,-4.037500000000000000e+02
-2.105984369999999899e+02,-1.974390579999999886e+02,-4.087500000000000000e+02
-2.105984369999999899e+02,-1.978492139999999893e+02,-4.025000000000000000e+02
-2.105984369999999899e+02,-1.970289019999999880e+02,-4.100000000000000000e+02
-2.110085929999999905e+02,-1.933374979999999823e+02,-4.025000000000000000e+02
-2.105984369999999899e+02,-1.937476539999999829e+02,-4.025000000000000000e+02
-2.105984369999999899e+02,-1.933374979999999823e+02,-4.037500000000000000e+02
-2.110085929999999905e+02,-1.925171859999999810e+02,-4.100000000000000000e+02
-2.105984369999999899e+02,-1.929273419999999817e+02,-4.075000000000000000e+02
-2.105984369999999899e+02,-1.925171859999999810e+02,-4.087500000000000000e+02
-2.110085929999999905e+02,-1.925171859999999810e+02,-4.075000000000000000e+02
-2.110085929999999905e+02,-1.925171859999999810e+02,-4.050000000000000000e+02
-2.105984369999999899e+02,-1.929273419999999817e+02,-4.050000000000000000e+02
-2.105984369999999899e+02,-1.921070299999999804e+02,-4.100000000000000000e+02
-2.097781249999999886e+02,-1.982593699999999899e+02,-4.087500000000000000e+02
-2.097781249999999886e+02,-1.986695259999999905e+02,-4.075000000000000000e+02
-2.097781249999999886e+02,-1.986695259999999905e+02,-4.050000000000000000e+02
-2.097781249999999886e+02,-1.982593699999999899e+02,-4.037500000000000000e+02
-2.097781249999999886e+02,-1.974390579999999886e+02,-4.087500000000000000e+02
-2.097781249999999886e+02,-1.978492139999999893e+02,-4.025000000000000000e+02
-2.101882809999999893e+02,-1.966187459999999874e+02,-4.100000000000000000e+02
-2.097781249999999886e+02,-1.966187459999999874e+02,-4.087500000000000000e+02
-2.097781249999999886e+02,-1.962085899999999867e+02,-4.100000000000000000e+02
-2.097781249999999886e+02,-1.945679659999999842e+02,-4.100000000000000000e+02
-2.101882809999999893e+02,-1.941578099999999836e+02,-4.100000000000000000e+02
-2.097781249999999886e+02,-1.941578099999999836e+02,-4.087500000000000000e+02
-2.097781249999999886e+02,-1.933374979999999823e+02,-4.087500000000000000e+02
-2.101882809999999893e+02,-1.933374979999999823e+02,-4.100000000000000000e+02
-2.101882809999999893e+02,-1.933374979999999823e+02,-4.050000000000000000e+02
-2.097781249999999886e+02,-1.937476539999999829e+02,-4.050000000000000000e+02
-2.097781249999999886e+02,-1.933374979999999823e+02,-4.062500000000000000e+02
-2.097781249999999886e+02,-1.937476539999999829e+02,-4.025000000000000000e+02
-2.097781249999999886e+02,-1.929273419999999817e+02,-4.075000000000000000e+02
-2.101882809999999893e+02,-1.925171859999999810e+02,-4.100000000000000000e+02
-2.089578129999999874e+02,-1.982593699999999899e+02,-4.087500000000000000e+02
-2.089578129999999874e+02,-1.986695259999999905e+02,-4.075000000000000000e+02
-2.089578129999999874e+02,-1.986695259999999905e+02,-4.050000000000000000e+02
-2.089578129999999874e+02,-1.982593699999999899e+02,-4.037500000000000000e+02
-2.089578129999999874e+02,-1.974390579999999886e+02,-4.087500000000000000e+02
-2.093679689999999880e+02,-1.974390579999999886e+02,-4.025000000000000000e+02
-2.089578129999999874e+02,-1.974390579999999886e+02,-4.037500000000000000e+02
-2.089578129999999874e+02,-1.966187459999999874e+02,-4.087500000000000000e+02
-2.089578129999999874e+02,-1.970289019999999880e+02,-4.025000000000000000e+02
-2.093679689999999880e+02,-1.957984339999999861e+02,-4.100000000000000000e+02
-2.089578129999999874e+02,-1.957984339999999861e+02,-4.087500000000000000e+02
-2.089578129999999874e+02,-1.949781219999999848e+02,-4.087500000000000000e+02
-2.093679689999999880e+02,-1.949781219999999848e+02,-4.100000000000000000e+02
-2.093679689999999880e+02,-1.949781219999999848e+02,-4.025000000000000000e+02
-2.089578129999999874e+02,-1.953882779999999855e+02,-4.025000000000000000e+02
-2.089578129999999874e+02,-1.949781219999999848e+02,-4.037500000000000000e+02
-2.089578129999999874e+02,-1.941578099999999836e+02,-4.087500000000000000e+02
-2.093679689999999880e+02,-1.941578099999999836e+02,-4.025000000000000000e+02
-2.089578129999999874e+02,-1.941578099999999836e+02,-4.037500000000000000e+02
-2.089578129999999874e+02,-1.937476539999999829e+02,-4.075000000000000000e+02
-2.093679689999999880e+02,-1.933374979999999823e+02,-4.075000000000000000e+02
-2.089578129999999874e+02,-1.937476539999999829e+02,-4.050000000000000000e+02
-2.081375009999999861e+02,-1.982593699999999899e+02,-4.087500000000000000e+02
-2.081375009999999861e+02,-1.986695259999999905e+02,-4.075000000000000000e+02
-2.085476569999999867e+02,-1.982593699999999899e+02,-4.050000000000000000e+02
-2.081375009999999861e+02,-1.982593699999999899e+02,-4.062500000000000000e+02
-2.081375009999999861e+02,-1.974390579999999886e+02,-4.087500000000000000e+02
-2.081375009999999861e+02,-1.978492139999999893e+02,-4.050000000000000000e+02
-2.081375009999999861e+02,-1.974390579999999886e+02,-4.037500000000000000e+02
-2.081375009999999861e+02,-1.966187459999999874e+02,-4.087500000000000000e+02
-2.085476569999999867e+02,-1.966187459999999874e+02,-4.025000000000000000e+02
-2.081375009999999861e+02,-1.966187459999999874e+02,-4.037500000000000000e+02
-2.081375009999999861e+02,-1.957984339999999861e+02,-4.087500000000000000e+02
-2.085476569999999867e+02,-1.957984339999999861e+02,-4.025000000000000000e+02
-2.081375009999999861e+02,-1.957984339999999861e+02,-4.037500000000000000e+02
-2.081375009999999861e+02,-1.949781219999999848e+02,-4.087500000000000000e+02
-2.081375009999999861e+02,-1.949781219999999848e+02,-4.037500000000000000e+02
-2.081375009999999861e+02,-1.941578099999999836e+02,-4.087500000000000000e+02
-2.081375009999999861e+02,-1.941578099999999836e+02,-4.037500000000000000e+02
-2.081375009999999861e+02,-1.937476539999999829e+02,-4.075000000000000000e+02
-2.081375009999999861e+02,-1.937476539999999829e+02,-4.050000000000000000e+02
-2.073171889999999848e+02,-1.982593699999999899e+02,-4.087500000000000000e+02
-2.073171889999999848e+02,-1.986695259999999905e+02,-4.075000000000000000e+02
-2.073171889999999848e+02,-1.982593699999999899e+02,-4.062500000000000000e+02
-2.073171889999999848e+02,-1.974390579999999886e+02,-4.087500000000000000e+02
-2.073171889999999848e+02,-1.978492139999999893e+02,-4.050000000000000000e+02
-2.073171889999999848e+02,-1.974390579999999886e+02,-4.037500000000000000e+02
-2.073171889999999848e+02,-1.966187459999999874e+02,-4.087500000000000000e+02
-2.073171889999999848e+02,-1.966187459999999874e+02,-4.037500000000000000e+02
-2.073171889999999848e+02,-1.957984339999999861e+02,-4.087500000000000000e+02
-2.073171889999999848e+02,-1.957984339999999861e+02,-4.037500000000000000e+02
-2.073171889999999848e+02,-1.953882779999999855e+02,-4.075000000000000000e+02
-2.077273449999999855e+02,-1.949781219999999848e+02,-4.075000000000000000e+02
-2.073171889999999848e+02,-1.949781219999999848e+02,-4.062500000000000000e+02
-2.073171889999999848e+02,-1.949781219999999848e+02,-4.037500000000000000e+02
-2.077273449999999855e+02,-1.941578099999999836e+02,-4.075000000000000000e+02
-2.073171889999999848e+02,-1.945679659999999842e+02,-4.050000000000000000e+02
-2.077273449999999855e+02,-1.941578099999999836e+02,-4.050000000000000000e+02
-2.069070329999999842e+02,-1.982593699999999899e+02,-4.075000000000000000e+02
-2.069070329999999842e+02,-1.974390579999999886e+02,-4.075000000000000000e+02
-2.069070329999999842e+02,-1.974390579999999886e+02,-4.050000000000000000e+02
-2.069070329999999842e+02,-1.966187459999999874e+02,-4.075000000000000000e+02
-2.064968769999999836e+02,-1.966187459999999874e+02,-4.062500000000000000e+02
-2.064968769999999836e+02,-1.970289019999999880e+02,-4.050000000000000000e+02
-2.064968769999999836e+02,-1.966187459999999874e+02,-4.037500000000000000e+02
-2.069070329999999842e+02,-1.957984339999999861e+02,-4.075000000000000000e+02
-2.064968769999999836e+02,-1.962085899999999867e+02,-4.050000000000000000e+02
-2.069070329999999842e+02,-1.957984339999999861e+02,-4.050000000000000000e+02
-2.069070329999999842e+02,-1.949781219999999848e+02,-4.050000000000000000e+02
-2.060867209999999830e+02,-1.966187459999999874e+02,-4.050000000000000000e+02
