-1.682484435000000076e+02,-1.778906250000000000e+02,-3.245799870000000169e+02
-1.678968810000000076e+02,-1.778906250000000000e+02,-3.252049870000000169e+02
-1.678968810000000076e+02,-1.782421875000000000e+02,-3.245799870000000169e+02
-1.678968810000000076e+02,-1.778906250000000000e+02,-3.239549870000000169e+02
-1.682484435000000076e+02,-1.771875000000000000e+02,-3.245799870000000169e+02
-1.678968810000000076e+02,-1.771875000000000000e+02,-3.252049870000000169e+02
-1.678968810000000076e+02,-1.771875000000000000e+02,-3.239549870000000169e+02
-1.678968810000000076e+02,-1.768359375000000000e+02,-3.245799870000000169e+02
-1.671937560000000076e+02,-1.778906250000000000e+02,-3.252049870000000169e+02
-1.671937560000000076e+02,-1.782421875000000000e+02,-3.245799870000000169e+02
-1.671937560000000076e+02,-1.778906250000000000e+02,-3.239549870000000169e+02
-1.671937560000000076e+02,-1.771875000000000000e+02,-3.252049870000000169e+02
-1.671937560000000076e+02,-1.775390625000000000e+02,-3.233299870000000169e+02
-1.675453185000000076e+02,-1.771875000000000000e+02,-3.233299870000000169e+02
-1.675453185000000076e+02,-1.764843750000000000e+02,-3.245799870000000169e+02
-1.671937560000000076e+02,-1.764843750000000000e+02,-3.252049870000000169e+02
-1.671937560000000076e+02,-1.764843750000000000e+02,-3.239549870000000169e+02
-1.671937560000000076e+02,-1.768359375000000000e+02,-3.233299870000000169e+02
-1.671937560000000076e+02,-1.761328125000000000e+02,-3.245799870000000169e+02
-1.668421935000000076e+02,-1.785937500000000000e+02,-3.245799870000000169e+02
-1.664906310000000076e+02,-1.785937500000000000e+02,-3.252049870000000169e+02
-1.664906310000000076e+02,-1.789453125000000000e+02,-3.245799870000000169e+02
-1.664906310000000076e+02,-1.785937500000000000e+02,-3.239549870000000169e+02
-1.664906310000000076e+02,-1.778906250000000000e+02,-3.252049870000000169e+02
-1.664906310000000076e+02,-1.778906250000000000e+02,-3.239549870000000169e+02
-1.664906310000000076e+02,-1.771875000000000000e+02,-3.252049870000000169e+02
-1.664906310000000076e+02,-1.775390625000000000e+02,-3.233299870000000169e+02
-1.664906310000000076e+02,-1.764843750000000000e+02,-3.252049870000000169e+02
-1.668421935000000076e+02,-1.764843750000000000e+02,-3.233299870000000169e+02
-1.664906310000000076e+02,-1.761328125000000000e+02,-3.245799870000000169e+02
-1.664906310000000076e+02,-1.761328125000000000e+02,-3.233299870000000169e+02
-1.661390685000000076e+02,-1.785937500000000000e+02,-3.258299870000000169e+02
-1.657875060000000076e+02,-1.789453125000000000e+02,-3.258299870000000169e+02
-1.657875060000000076e+02,-1.789453125000000000e+02,-3.245799870000000169e+02
-1.657875060000000076e+02,-1.785937500000000000e+02,-3.239549870000000169e+02
-1.657875060000000076e+02,-1.782421875000000000e+02,-3.258299870000000169e+02
-1.657875060000000076e+02,-1.778906250000000000e+02,-3.252049870000000169e+02
-1.657875060000000076e+02,-1.778906250000000000e+02,-3.239549870000000169e+02
-1.657875060000000076e+02,-1.771875000000000000e+02,-3.252049870000000169e+02
-1.657875060000000076e+02,-1.775390625000000000e+02,-3.233299870000000169e+02
-1.657875060000000076e+02,-1.764843750000000000e+02,-3.252049870000000169e+02
-1.657875060000000076e+02,-1.761328125000000000e+02,-3.245799870000000169e+02
-1.657875060000000076e+02,-1.761328125000000000e+02,-3.233299870000000169e+02
-1.654359435000000076e+02,-1.792968750000000000e+02,-3.245799870000000169e+02
-1.650843810000000076e+02,-1.792968750000000000e+02,-3.252049870000000169e+02
-1.650843810000000076e+02,-1.796484375000000000e+02,-3.245799870000000169e+02
-1.650843810000000076e+02,-1.792968750000000000e+02,-3.239549870000000169e+02
-1.650843810000000076e+02,-1.785937500000000000e+02,-3.252049870000000169e+02
-1.654359435000000076e+02,-1.785937500000000000e+02,-3.258299870000000169e+02
-1.650843810000000076e+02,-1.785937500000000000e+02,-3.239549870000000169e+02
-1.650843810000000076e+02,-1.782421875000000000e+02,-3.258299870000000169e+02
-1.654359435000000076e+02,-1.778906250000000000e+02,-3.258299870000000169e+02
-1.650843810000000076e+02,-1.778906250000000000e+02,-3.239549870000000169e+02
-1.654359435000000076e+02,-1.771875000000000000e+02,-3.258299870000000169e+02
-1.650843810000000076e+02,-1.775390625000000000e+02,-3.233299870000000169e+02
-1.650843810000000076e+02,-1.768359375000000000e+02,-3.258299870000000169e+02
-1.650843810000000076e+02,-1.764843750000000000e+02,-3.252049870000000169e+02
-1.650843810000000076e+02,-1.761328125000000000e+02,-3.245799870000000169e+02
-1.650843810000000076e+02,-1.761328125000000000e+02,-3.233299870000000169e+02
-1.643812560000000076e+02,-1.792968750000000000e+02,-3.252049870000000169e+02
-1.643812560000000076e+02,-1.796484375000000000e+02,-3.245799870000000169e+02
-1.643812560000000076e+02,-1.792968750000000000e+02,-3.239549870000000169e+02
-1.643812560000000076e+02,-1.785937500000000000e+02,-3.252049870000000169e+02
-1.643812560000000076e+02,-1.785937500000000000e+02,-3.239549870000000169e+02
-1.643812560000000076e+02,-1.782421875000000000e+02,-3.258299870000000169e+02
-1.643812560000000076e+02,-1.782421875000000000e+02,-3.233299870000000169e+02
-1.647328185000000076e+02,-1.778906250000000000e+02,-3.233299870000000169e+02
-1.647328185000000076e+02,-1.764843750000000000e+02,-3.258299870000000169e+02
-1.643812560000000076e+02,-1.761328125000000000e+02,-3.258299870000000169e+02
-1.643812560000000076e+02,-1.761328125000000000e+02,-3.245799870000000169e+02
-1.643812560000000076e+02,-1.761328125000000000e+02,-3.233299870000000169e+02
-1.640296935000000076e+02,-1.792968750000000000e+02,-3.245799870000000169e+02
-1.636781310000000076e+02,-1.789453125000000000e+02,-3.258299870000000169e+02
-1.636781310000000076e+02,-1.789453125000000000e+02,-3.245799870000000169e+02
-1.640296935000000076e+02,-1.785937500000000000e+02,-3.258299870000000169e+02
-1.636781310000000076e+02,-1.785937500000000000e+02,-3.239549870000000169e+02
-1.640296935000000076e+02,-1.778906250000000000e+02,-3.233299870000000169e+02
-1.636781310000000076e+02,-1.778906250000000000e+02,-3.239549870000000169e+02
-1.640296935000000076e+02,-1.771875000000000000e+02,-3.233299870000000169e+02
-1.636781310000000076e+02,-1.771875000000000000e+02,-3.239549870000000169e+02
-1.640296935000000076e+02,-1.764843750000000000e+02,-3.233299870000000169e+02
-1.636781310000000076e+02,-1.764843750000000000e+02,-3.239549870000000169e+02
-1.640296935000000076e+02,-1.757812500000000000e+02,-3.245799870000000169e+02
-1.636781310000000076e+02,-1.757812500000000000e+02,-3.252049870000000169e+02
-1.636781310000000076e+02,-1.761328125000000000e+02,-3.258299870000000169e+02
-1.636781310000000076e+02,-1.757812500000000000e+02,-3.239549870000000169e+02
-1.636781310000000076e+02,-1.754296875000000000e+02,-3.245799870000000169e+02
-1.633265685000000076e+02,-1.785937500000000000e+02,-3.245799870000000169e+02
-1.633265685000000076e+02,-1.785937500000000000e+02,-3.258299870000000169e+02
-1.629750060000000076e+02,-1.782421875000000000e+02,-3.258299870000000169e+02
-1.629750060000000076e+02,-1.782421875000000000e+02,-3.245799870000000169e+02
-1.629750060000000076e+02,-1.778906250000000000e+02,-3.239549870000000169e+02
-1.629750060000000076e+02,-1.771875000000000000e+02,-3.239549870000000169e+02
-1.629750060000000076e+02,-1.764843750000000000e+02,-3.239549870000000169e+02
-1.633265685000000076e+02,-1.757812500000000000e+02,-3.245799870000000169e+02
-1.629750060000000076e+02,-1.761328125000000000e+02,-3.245799870000000169e+02
-1.629750060000000076e+02,-1.761328125000000000e+02,-3.258299870000000169e+02
-1.626234435000000076e+02,-1.778906250000000000e+02,-3.245799870000000169e+02
-1.626234435000000076e+02,-1.778906250000000000e+02,-3.258299870000000169e+02
-1.626234435000000076e+02,-1.771875000000000000e+02,-3.245799870000000169e+02
-1.626234435000000076e+02,-1.771875000000000000e+02,-3.258299870000000169e+02
-1.626234435000000076e+02,-1.764843750000000000e+02,-3.245799870000000169e+02
-1.626234435000000076e+02,-1.764843750000000000e+02,-3.258299870000000169e+02
