-1.973386720000000025e+02,-1.753867199999999968e+02,-3.375000000000000000e+02
-1.969773439999999880e+02,-1.753867199999999968e+02,-3.387500000000000000e+02
-1.969773439999999880e+02,-1.757480480000000114e+02,-3.375000000000000000e+02
-1.969773439999999880e+02,-1.753867199999999968e+02,-3.362500000000000000e+02
-1.973386720000000025e+02,-1.746640639999999962e+02,-3.375000000000000000e+02
-1.969773439999999880e+02,-1.746640639999999962e+02,-3.387500000000000000e+02
-1.969773439999999880e+02,-1.746640639999999962e+02,-3.362500000000000000e+02
-1.973386720000000025e+02,-1.739414079999999956e+02,-3.375000000000000000e+02
-1.969773439999999880e+02,-1.739414079999999956e+02,-3.387500000000000000e+02
-1.969773439999999880e+02,-1.739414079999999956e+02,-3.362500000000000000e+02
-1.973386720000000025e+02,-1.732187519999999950e+02,-3.400000000000000000e+02
-1.969773439999999880e+02,-1.735800800000000095e+02,-3.400000000000000000e+02
-1.973386720000000025e+02,-1.732187519999999950e+02,-3.375000000000000000e+02
-1.969773439999999880e+02,-1.732187519999999950e+02,-3.362500000000000000e+02
-1.969773439999999880e+02,-1.728574240000000088e+02,-3.400000000000000000e+02
-1.973386720000000025e+02,-1.724960959999999943e+02,-3.375000000000000000e+02
-1.969773439999999880e+02,-1.724960959999999943e+02,-3.387500000000000000e+02
-1.969773439999999880e+02,-1.724960959999999943e+02,-3.362500000000000000e+02
-1.973386720000000025e+02,-1.717734399999999937e+02,-3.375000000000000000e+02
-1.969773439999999880e+02,-1.717734399999999937e+02,-3.387500000000000000e+02
-1.969773439999999880e+02,-1.717734399999999937e+02,-3.362500000000000000e+02
-1.973386720000000025e+02,-1.710507839999999931e+02,-3.375000000000000000e+02
-1.969773439999999880e+02,-1.710507839999999931e+02,-3.387500000000000000e+02
-1.969773439999999880e+02,-1.710507839999999931e+02,-3.362500000000000000e+02
-1.969773439999999880e+02,-1.706894560000000070e+02,-3.375000000000000000e+02
-1.966160160000000019e+02,-1.761093759999999975e+02,-3.375000000000000000e+02
-1.962546879999999874e+02,-1.761093759999999975e+02,-3.387500000000000000e+02
-1.962546879999999874e+02,-1.764707040000000120e+02,-3.375000000000000000e+02
-1.962546879999999874e+02,-1.761093759999999975e+02,-3.362500000000000000e+02
-1.966160160000000019e+02,-1.753867199999999968e+02,-3.400000000000000000e+02
-1.962546879999999874e+02,-1.757480480000000114e+02,-3.400000000000000000e+02
-1.962546879999999874e+02,-1.753867199999999968e+02,-3.362500000000000000e+02
-1.966160160000000019e+02,-1.746640639999999962e+02,-3.400000000000000000e+02
-1.962546879999999874e+02,-1.746640639999999962e+02,-3.362500000000000000e+02
-1.966160160000000019e+02,-1.739414079999999956e+02,-3.400000000000000000e+02
-1.962546879999999874e+02,-1.739414079999999956e+02,-3.362500000000000000e+02
-1.962546879999999874e+02,-1.732187519999999950e+02,-3.362500000000000000e+02
-1.966160160000000019e+02,-1.724960959999999943e+02,-3.400000000000000000e+02
-1.962546879999999874e+02,-1.724960959999999943e+02,-3.362500000000000000e+02
-1.966160160000000019e+02,-1.717734399999999937e+02,-3.400000000000000000e+02
-1.962546879999999874e+02,-1.717734399999999937e+02,-3.362500000000000000e+02
-1.962546879999999874e+02,-1.714121120000000076e+02,-3.400000000000000000e+02
-1.962546879999999874e+02,-1.710507839999999931e+02,-3.387500000000000000e+02
-1.962546879999999874e+02,-1.710507839999999931e+02,-3.362500000000000000e+02
-1.966160160000000019e+02,-1.703281279999999924e+02,-3.375000000000000000e+02
-1.962546879999999874e+02,-1.703281279999999924e+02,-3.387500000000000000e+02
-1.962546879999999874e+02,-1.703281279999999924e+02,-3.362500000000000000e+02
-1.966160160000000019e+02,-1.696054719999999918e+02,-3.375000000000000000e+02
-1.962546879999999874e+02,-1.696054719999999918e+02,-3.387500000000000000e+02
-1.962546879999999874e+02,-1.696054719999999918e+02,-3.362500000000000000e+02
-1.962546879999999874e+02,-1.692441440000000057e+02,-3.375000000000000000e+02
-1.958933600000000013e+02,-1.768320319999999981e+02,-3.375000000000000000e+02
-1.955320319999999867e+02,-1.768320319999999981e+02,-3.387500000000000000e+02
-1.955320319999999867e+02,-1.771933600000000126e+02,-3.375000000000000000e+02
-1.955320319999999867e+02,-1.768320319999999981e+02,-3.362500000000000000e+02
-1.958933600000000013e+02,-1.761093759999999975e+02,-3.400000000000000000e+02
-1.955320319999999867e+02,-1.764707040000000120e+02,-3.400000000000000000e+02
-1.955320319999999867e+02,-1.761093759999999975e+02,-3.362500000000000000e+02
-1.955320319999999867e+02,-1.757480480000000114e+02,-3.350000000000000000e+02
-1.958933600000000013e+02,-1.753867199999999968e+02,-3.350000000000000000e+02
-1.955320319999999867e+02,-1.753867199999999968e+02,-3.337500000000000000e+02
-1.958933600000000013e+02,-1.746640639999999962e+02,-3.350000000000000000e+02
-1.955320319999999867e+02,-1.746640639999999962e+02,-3.337500000000000000e+02
-1.958933600000000013e+02,-1.739414079999999956e+02,-3.350000000000000000e+02
-1.955320319999999867e+02,-1.739414079999999956e+02,-3.337500000000000000e+02
-1.958933600000000013e+02,-1.732187519999999950e+02,-3.350000000000000000e+02
-1.955320319999999867e+02,-1.735800800000000095e+02,-3.325000000000000000e+02
-1.958933600000000013e+02,-1.732187519999999950e+02,-3.325000000000000000e+02
-1.955320319999999867e+02,-1.732187519999999950e+02,-3.312500000000000000e+02
-1.958933600000000013e+02,-1.724960959999999943e+02,-3.350000000000000000e+02
-1.958933600000000013e+02,-1.724960959999999943e+02,-3.325000000000000000e+02
-1.955320319999999867e+02,-1.724960959999999943e+02,-3.312500000000000000e+02
-1.958933600000000013e+02,-1.717734399999999937e+02,-3.350000000000000000e+02
-1.958933600000000013e+02,-1.717734399999999937e+02,-3.325000000000000000e+02
-1.955320319999999867e+02,-1.717734399999999937e+02,-3.312500000000000000e+02
-1.958933600000000013e+02,-1.710507839999999931e+02,-3.400000000000000000e+02
-1.958933600000000013e+02,-1.710507839999999931e+02,-3.350000000000000000e+02
-1.958933600000000013e+02,-1.710507839999999931e+02,-3.325000000000000000e+02
-1.955320319999999867e+02,-1.710507839999999931e+02,-3.312500000000000000e+02
-1.958933600000000013e+02,-1.703281279999999924e+02,-3.400000000000000000e+02
-1.958933600000000013e+02,-1.703281279999999924e+02,-3.350000000000000000e+02
-1.958933600000000013e+02,-1.703281279999999924e+02,-3.325000000000000000e+02
-1.955320319999999867e+02,-1.703281279999999924e+02,-3.312500000000000000e+02
-1.955320319999999867e+02,-1.699668000000000063e+02,-3.400000000000000000e+02
-1.955320319999999867e+02,-1.696054719999999918e+02,-3.387500000000000000e+02
-1.958933600000000013e+02,-1.696054719999999918e+02,-3.350000000000000000e+02
-1.955320319999999867e+02,-1.696054719999999918e+02,-3.337500000000000000e+02
-1.955320319999999867e+02,-1.699668000000000063e+02,-3.325000000000000000e+02
-1.958933600000000013e+02,-1.688828159999999912e+02,-3.375000000000000000e+02
-1.955320319999999867e+02,-1.688828159999999912e+02,-3.387500000000000000e+02
-1.955320319999999867e+02,-1.688828159999999912e+02,-3.362500000000000000e+02
-1.955320319999999867e+02,-1.692441440000000057e+02,-3.350000000000000000e+02
-1.955320319999999867e+02,-1.685214880000000051e+02,-3.375000000000000000e+02
-1.951707040000000006e+02,-1.775546879999999987e+02,-3.375000000000000000e+02
-1.948093759999999861e+02,-1.775546879999999987e+02,-3.387500000000000000e+02
-1.948093759999999861e+02,-1.779160160000000133e+02,-3.375000000000000000e+02
-1.948093759999999861e+02,-1.775546879999999987e+02,-3.362500000000000000e+02
-1.951707040000000006e+02,-1.768320319999999981e+02,-3.400000000000000000e+02
-1.948093759999999861e+02,-1.771933600000000126e+02,-3.400000000000000000e+02
-1.948093759999999861e+02,-1.771933600000000126e+02,-3.350000000000000000e+02
-1.951707040000000006e+02,-1.768320319999999981e+02,-3.350000000000000000e+02
-1.948093759999999861e+02,-1.768320319999999981e+02,-3.337500000000000000e+02
-1.951707040000000006e+02,-1.761093759999999975e+02,-3.350000000000000000e+02
-1.948093759999999861e+02,-1.761093759999999975e+02,-3.337500000000000000e+02
-1.948093759999999861e+02,-1.753867199999999968e+02,-3.337500000000000000e+02
-1.948093759999999861e+02,-1.750253920000000107e+02,-3.325000000000000000e+02
-1.951707040000000006e+02,-1.746640639999999962e+02,-3.325000000000000000e+02
-1.948093759999999861e+02,-1.746640639999999962e+02,-3.312500000000000000e+02
-1.951707040000000006e+02,-1.739414079999999956e+02,-3.325000000000000000e+02
-1.948093759999999861e+02,-1.739414079999999956e+02,-3.312500000000000000e+02
-1.948093759999999861e+02,-1.732187519999999950e+02,-3.312500000000000000e+02
-1.948093759999999861e+02,-1.724960959999999943e+02,-3.312500000000000000e+02
-1.948093759999999861e+02,-1.717734399999999937e+02,-3.312500000000000000e+02
-1.948093759999999861e+02,-1.710507839999999931e+02,-3.312500000000000000e+02
-1.948093759999999861e+02,-1.703281279999999924e+02,-3.312500000000000000e+02
-1.951707040000000006e+02,-1.696054719999999918e+02,-3.400000000000000000e+02
-1.951707040000000006e+02,-1.696054719999999918e+02,-3.325000000000000000e+02
-1.948093759999999861e+02,-1.696054719999999918e+02,-3.312500000000000000e+02
-1.948093759999999861e+02,-1.692441440000000057e+02,-3.400000000000000000e+02
-1.948093759999999861e+02,-1.688828159999999912e+02,-3.387500000000000000e+02
-1.951707040000000006e+02,-1.688828159999999912e+02,-3.350000000000000000e+02
-1.951707040000000006e+02,-1.688828159999999912e+02,-3.325000000000000000e+02
-1.948093759999999861e+02,-1.688828159999999912e+02,-3.312500000000000000e+02
-1.951707040000000006e+02,-1.681601599999999905e+02,-3.375000000000000000e+02
-1.948093759999999861e+02,-1.681601599999999905e+02,-3.387500000000000000e+02
-1.948093759999999861e+02,-1.681601599999999905e+02,-3.362500000000000000e+02
-1.948093759999999861e+02,-1.685214880000000051e+02,-3.350000000000000000e+02
-1.948093759999999861e+02,-1.685214880000000051e+02,-3.325000000000000000e+02
-1.948093759999999861e+02,-1.677988320000000044e+02,-3.375000000000000000e+02
-1.940867199999999855e+02,-1.775546879999999987e+02,-3.387500000000000000e+02
-1.940867199999999855e+02,-1.779160160000000133e+02,-3.375000000000000000e+02
-1.940867199999999855e+02,-1.779160160000000133e+02,-3.350000000000000000e+02
-1.944480480000000000e+02,-1.775546879999999987e+02,-3.350000000000000000e+02
-1.940867199999999855e+02,-1.775546879999999987e+02,-3.337500000000000000e+02
-1.940867199999999855e+02,-1.771933600000000126e+02,-3.400000000000000000e+02
-1.940867199999999855e+02,-1.768320319999999981e+02,-3.337500000000000000e+02
-1.940867199999999855e+02,-1.761093759999999975e+02,-3.337500000000000000e+02
-1.940867199999999855e+02,-1.757480480000000114e+02,-3.325000000000000000e+02
-1.944480480000000000e+02,-1.753867199999999968e+02,-3.325000000000000000e+02
-1.940867199999999855e+02,-1.753867199999999968e+02,-3.312500000000000000e+02
-1.940867199999999855e+02,-1.746640639999999962e+02,-3.312500000000000000e+02
-1.940867199999999855e+02,-1.739414079999999956e+02,-3.312500000000000000e+02
-1.940867199999999855e+02,-1.732187519999999950e+02,-3.312500000000000000e+02
-1.940867199999999855e+02,-1.724960959999999943e+02,-3.312500000000000000e+02
-1.940867199999999855e+02,-1.717734399999999937e+02,-3.312500000000000000e+02
-1.940867199999999855e+02,-1.710507839999999931e+02,-3.312500000000000000e+02
-1.940867199999999855e+02,-1.703281279999999924e+02,-3.312500000000000000e+02
-1.940867199999999855e+02,-1.696054719999999918e+02,-3.312500000000000000e+02
-1.944480480000000000e+02,-1.688828159999999912e+02,-3.400000000000000000e+02
-1.940867199999999855e+02,-1.688828159999999912e+02,-3.312500000000000000e+02
-1.940867199999999855e+02,-1.685214880000000051e+02,-3.400000000000000000e+02
-1.940867199999999855e+02,-1.681601599999999905e+02,-3.387500000000000000e+02
-1.944480480000000000e+02,-1.681601599999999905e+02,-3.350000000000000000e+02
-1.940867199999999855e+02,-1.681601599999999905e+02,-3.337500000000000000e+02
-1.940867199999999855e+02,-1.685214880000000051e+02,-3.325000000000000000e+02
-1.940867199999999855e+02,-1.677988320000000044e+02,-3.375000000000000000e+02
-1.940867199999999855e+02,-1.677988320000000044e+02,-3.350000000000000000e+02
-1.933640639999999848e+02,-1.775546879999999987e+02,-3.387500000000000000e+02
-1.933640639999999848e+02,-1.779160160000000133e+02,-3.375000000000000000e+02
-1.933640639999999848e+02,-1.779160160000000133e+02,-3.350000000000000000e+02
-1.933640639999999848e+02,-1.775546879999999987e+02,-3.337500000000000000e+02
-1.933640639999999848e+02,-1.771933600000000126e+02,-3.400000000000000000e+02
-1.933640639999999848e+02,-1.768320319999999981e+02,-3.337500000000000000e+02
-1.933640639999999848e+02,-1.764707040000000120e+02,-3.325000000000000000e+02
-1.937253919999999994e+02,-1.761093759999999975e+02,-3.325000000000000000e+02
-1.933640639999999848e+02,-1.761093759999999975e+02,-3.312500000000000000e+02
-1.933640639999999848e+02,-1.753867199999999968e+02,-3.312500000000000000e+02
-1.933640639999999848e+02,-1.746640639999999962e+02,-3.312500000000000000e+02
-1.933640639999999848e+02,-1.739414079999999956e+02,-3.312500000000000000e+02
-1.933640639999999848e+02,-1.732187519999999950e+02,-3.312500000000000000e+02
-1.933640639999999848e+02,-1.724960959999999943e+02,-3.312500000000000000e+02
-1.933640639999999848e+02,-1.717734399999999937e+02,-3.312500000000000000e+02
-1.933640639999999848e+02,-1.710507839999999931e+02,-3.312500000000000000e+02
-1.933640639999999848e+02,-1.703281279999999924e+02,-3.312500000000000000e+02
-1.933640639999999848e+02,-1.696054719999999918e+02,-3.312500000000000000e+02
-1.933640639999999848e+02,-1.688828159999999912e+02,-3.312500000000000000e+02
-1.937253919999999994e+02,-1.681601599999999905e+02,-3.400000000000000000e+02
-1.937253919999999994e+02,-1.681601599999999905e+02,-3.325000000000000000e+02
-1.933640639999999848e+02,-1.681601599999999905e+02,-3.312500000000000000e+02
-1.933640639999999848e+02,-1.677988320000000044e+02,-3.400000000000000000e+02
-1.933640639999999848e+02,-1.677988320000000044e+02,-3.375000000000000000e+02
-1.933640639999999848e+02,-1.677988320000000044e+02,-3.350000000000000000e+02
-1.933640639999999848e+02,-1.677988320000000044e+02,-3.325000000000000000e+02
-1.930027359999999987e+02,-1.782773439999999994e+02,-3.375000000000000000e+02
-1.926414079999999842e+02,-1.782773439999999994e+02,-3.387500000000000000e+02
-1.926414079999999842e+02,-1.786386720000000139e+02,-3.375000000000000000e+02
-1.926414079999999842e+02,-1.782773439999999994e+02,-3.362500000000000000e+02
-1.926414079999999842e+02,-1.775546879999999987e+02,-3.387500000000000000e+02
-1.926414079999999842e+02,-1.779160160000000133e+02,-3.350000000000000000e+02
-1.926414079999999842e+02,-1.775546879999999987e+02,-3.337500000000000000e+02
-1.926414079999999842e+02,-1.771933600000000126e+02,-3.400000000000000000e+02
-1.926414079999999842e+02,-1.768320319999999981e+02,-3.337500000000000000e+02
-1.926414079999999842e+02,-1.764707040000000120e+02,-3.325000000000000000e+02
-1.926414079999999842e+02,-1.761093759999999975e+02,-3.312500000000000000e+02
-1.926414079999999842e+02,-1.753867199999999968e+02,-3.312500000000000000e+02
-1.926414079999999842e+02,-1.746640639999999962e+02,-3.312500000000000000e+02
-1.926414079999999842e+02,-1.743027360000000101e+02,-3.300000000000000000e+02
-1.930027359999999987e+02,-1.739414079999999956e+02,-3.300000000000000000e+02
-1.930027359999999987e+02,-1.732187519999999950e+02,-3.300000000000000000e+02
-1.930027359999999987e+02,-1.724960959999999943e+02,-3.300000000000000000e+02
-1.926414079999999842e+02,-1.721347680000000082e+02,-3.300000000000000000e+02
-1.926414079999999842e+02,-1.717734399999999937e+02,-3.312500000000000000e+02
-1.926414079999999842e+02,-1.710507839999999931e+02,-3.312500000000000000e+02
-1.926414079999999842e+02,-1.703281279999999924e+02,-3.312500000000000000e+02
-1.926414079999999842e+02,-1.696054719999999918e+02,-3.312500000000000000e+02
-1.926414079999999842e+02,-1.688828159999999912e+02,-3.312500000000000000e+02
-1.926414079999999842e+02,-1.681601599999999905e+02,-3.312500000000000000e+02
-1.930027359999999987e+02,-1.674375039999999899e+02,-3.375000000000000000e+02
-1.926414079999999842e+02,-1.674375039999999899e+02,-3.387500000000000000e+02
-1.926414079999999842e+02,-1.677988320000000044e+02,-3.400000000000000000e+02
-1.930027359999999987e+02,-1.674375039999999899e+02,-3.350000000000000000e+02
-1.926414079999999842e+02,-1.674375039999999899e+02,-3.337500000000000000e+02
-1.926414079999999842e+02,-1.677988320000000044e+02,-3.325000000000000000e+02
-1.926414079999999842e+02,-1.670761760000000038e+02,-3.375000000000000000e+02
-1.926414079999999842e+02,-1.670761760000000038e+02,-3.350000000000000000e+02
-1.919187519999999836e+02,-1.782773439999999994e+02,-3.387500000000000000e+02
-1.919187519999999836e+02,-1.786386720000000139e+02,-3.375000000000000000e+02
-1.919187519999999836e+02,-1.786386720000000139e+02,-3.350000000000000000e+02
-1.922800799999999981e+02,-1.782773439999999994e+02,-3.350000000000000000e+02
-1.919187519999999836e+02,-1.782773439999999994e+02,-3.337500000000000000e+02
-1.919187519999999836e+02,-1.775546879999999987e+02,-3.387500000000000000e+02
-1.919187519999999836e+02,-1.775546879999999987e+02,-3.337500000000000000e+02
-1.919187519999999836e+02,-1.771933600000000126e+02,-3.400000000000000000e+02
-1.919187519999999836e+02,-1.771933600000000126e+02,-3.325000000000000000e+02
-1.922800799999999981e+02,-1.768320319999999981e+02,-3.325000000000000000e+02
-1.919187519999999836e+02,-1.768320319999999981e+02,-3.312500000000000000e+02
-1.919187519999999836e+02,-1.761093759999999975e+02,-3.312500000000000000e+02
-1.919187519999999836e+02,-1.753867199999999968e+02,-3.312500000000000000e+02
-1.919187519999999836e+02,-1.746640639999999962e+02,-3.312500000000000000e+02
-1.919187519999999836e+02,-1.743027360000000101e+02,-3.300000000000000000e+02
-1.919187519999999836e+02,-1.721347680000000082e+02,-3.300000000000000000e+02
-1.919187519999999836e+02,-1.717734399999999937e+02,-3.312500000000000000e+02
-1.919187519999999836e+02,-1.710507839999999931e+02,-3.312500000000000000e+02
-1.919187519999999836e+02,-1.703281279999999924e+02,-3.312500000000000000e+02
-1.919187519999999836e+02,-1.696054719999999918e+02,-3.312500000000000000e+02
-1.919187519999999836e+02,-1.688828159999999912e+02,-3.312500000000000000e+02
-1.919187519999999836e+02,-1.681601599999999905e+02,-3.312500000000000000e+02
-1.919187519999999836e+02,-1.677988320000000044e+02,-3.400000000000000000e+02
-1.919187519999999836e+02,-1.674375039999999899e+02,-3.387500000000000000e+02
-1.919187519999999836e+02,-1.677988320000000044e+02,-3.325000000000000000e+02
-1.919187519999999836e+02,-1.674375039999999899e+02,-3.337500000000000000e+02
-1.919187519999999836e+02,-1.670761760000000038e+02,-3.375000000000000000e+02
-1.919187519999999836e+02,-1.670761760000000038e+02,-3.350000000000000000e+02
-1.911960959999999830e+02,-1.782773439999999994e+02,-3.387500000000000000e+02
-1.911960959999999830e+02,-1.786386720000000139e+02,-3.375000000000000000e+02
-1.911960959999999830e+02,-1.786386720000000139e+02,-3.350000000000000000e+02
-1.911960959999999830e+02,-1.782773439999999994e+02,-3.337500000000000000e+02
-1.911960959999999830e+02,-1.775546879999999987e+02,-3.387500000000000000e+02
-1.911960959999999830e+02,-1.775546879999999987e+02,-3.337500000000000000e+02
-1.911960959999999830e+02,-1.771933600000000126e+02,-3.400000000000000000e+02
-1.911960959999999830e+02,-1.771933600000000126e+02,-3.325000000000000000e+02
-1.911960959999999830e+02,-1.768320319999999981e+02,-3.312500000000000000e+02
-1.911960959999999830e+02,-1.761093759999999975e+02,-3.312500000000000000e+02
-1.911960959999999830e+02,-1.753867199999999968e+02,-3.312500000000000000e+02
-1.911960959999999830e+02,-1.746640639999999962e+02,-3.312500000000000000e+02
-1.911960959999999830e+02,-1.743027360000000101e+02,-3.300000000000000000e+02
-1.911960959999999830e+02,-1.721347680000000082e+02,-3.300000000000000000e+02
-1.911960959999999830e+02,-1.717734399999999937e+02,-3.312500000000000000e+02
-1.911960959999999830e+02,-1.710507839999999931e+02,-3.312500000000000000e+02
-1.911960959999999830e+02,-1.703281279999999924e+02,-3.312500000000000000e+02
-1.911960959999999830e+02,-1.696054719999999918e+02,-3.312500000000000000e+02
-1.911960959999999830e+02,-1.688828159999999912e+02,-3.312500000000000000e+02
-1.915574239999999975e+02,-1.681601599999999905e+02,-3.325000000000000000e+02
-1.911960959999999830e+02,-1.685214880000000051e+02,-3.325000000000000000e+02
-1.911960959999999830e+02,-1.681601599999999905e+02,-3.337500000000000000e+02
-1.911960959999999830e+02,-1.677988320000000044e+02,-3.400000000000000000e+02
-1.911960959999999830e+02,-1.674375039999999899e+02,-3.387500000000000000e+02
-1.911960959999999830e+02,-1.674375039999999899e+02,-3.337500000000000000e+02
-1.911960959999999830e+02,-1.670761760000000038e+02,-3.375000000000000000e+02
-1.911960959999999830e+02,-1.670761760000000038e+02,-3.350000000000000000e+02
-1.908347679999999968e+02,-1.782773439999999994e+02,-3.375000000000000000e+02
-1.904734399999999823e+02,-1.782773439999999994e+02,-3.362500000000000000e+02
-1.904734399999999823e+02,-1.786386720000000139e+02,-3.350000000000000000e+02
-1.904734399999999823e+02,-1.782773439999999994e+02,-3.337500000000000000e+02
-1.904734399999999823e+02,-1.775546879999999987e+02,-3.387500000000000000e+02
-1.904734399999999823e+02,-1.779160160000000133e+02,-3.375000000000000000e+02
-1.904734399999999823e+02,-1.775546879999999987e+02,-3.337500000000000000e+02
-1.904734399999999823e+02,-1.771933600000000126e+02,-3.400000000000000000e+02
-1.904734399999999823e+02,-1.771933600000000126e+02,-3.325000000000000000e+02
-1.904734399999999823e+02,-1.768320319999999981e+02,-3.312500000000000000e+02
-1.904734399999999823e+02,-1.761093759999999975e+02,-3.312500000000000000e+02
-1.904734399999999823e+02,-1.753867199999999968e+02,-3.312500000000000000e+02
-1.904734399999999823e+02,-1.746640639999999962e+02,-3.312500000000000000e+02
-1.904734399999999823e+02,-1.743027360000000101e+02,-3.300000000000000000e+02
-1.904734399999999823e+02,-1.721347680000000082e+02,-3.300000000000000000e+02
-1.904734399999999823e+02,-1.717734399999999937e+02,-3.312500000000000000e+02
-1.904734399999999823e+02,-1.710507839999999931e+02,-3.312500000000000000e+02
-1.904734399999999823e+02,-1.703281279999999924e+02,-3.312500000000000000e+02
-1.904734399999999823e+02,-1.696054719999999918e+02,-3.312500000000000000e+02
-1.908347679999999968e+02,-1.688828159999999912e+02,-3.325000000000000000e+02
-1.904734399999999823e+02,-1.692441440000000057e+02,-3.325000000000000000e+02
-1.904734399999999823e+02,-1.688828159999999912e+02,-3.337500000000000000e+02
-1.904734399999999823e+02,-1.681601599999999905e+02,-3.337500000000000000e+02
-1.904734399999999823e+02,-1.677988320000000044e+02,-3.400000000000000000e+02
-1.904734399999999823e+02,-1.674375039999999899e+02,-3.387500000000000000e+02
-1.904734399999999823e+02,-1.674375039999999899e+02,-3.337500000000000000e+02
-1.904734399999999823e+02,-1.670761760000000038e+02,-3.375000000000000000e+02
-1.904734399999999823e+02,-1.670761760000000038e+02,-3.350000000000000000e+02
-1.897507839999999817e+02,-1.782773439999999994e+02,-3.362500000000000000e+02
-1.897507839999999817e+02,-1.786386720000000139e+02,-3.350000000000000000e+02
-1.897507839999999817e+02,-1.782773439999999994e+02,-3.337500000000000000e+02
-1.897507839999999817e+02,-1.775546879999999987e+02,-3.387500000000000000e+02
-1.897507839999999817e+02,-1.779160160000000133e+02,-3.375000000000000000e+02
-1.897507839999999817e+02,-1.775546879999999987e+02,-3.337500000000000000e+02
-1.901121119999999962e+02,-1.768320319999999981e+02,-3.400000000000000000e+02
-1.897507839999999817e+02,-1.768320319999999981e+02,-3.387500000000000000e+02
-1.897507839999999817e+02,-1.771933600000000126e+02,-3.325000000000000000e+02
-1.897507839999999817e+02,-1.768320319999999981e+02,-3.312500000000000000e+02
-1.897507839999999817e+02,-1.764707040000000120e+02,-3.400000000000000000e+02
-1.897507839999999817e+02,-1.761093759999999975e+02,-3.312500000000000000e+02
-1.897507839999999817e+02,-1.753867199999999968e+02,-3.312500000000000000e+02
-1.897507839999999817e+02,-1.746640639999999962e+02,-3.312500000000000000e+02
-1.901121119999999962e+02,-1.739414079999999956e+02,-3.300000000000000000e+02
-1.897507839999999817e+02,-1.739414079999999956e+02,-3.312500000000000000e+02
-1.897507839999999817e+02,-1.735800800000000095e+02,-3.300000000000000000e+02
-1.901121119999999962e+02,-1.724960959999999943e+02,-3.300000000000000000e+02
-1.897507839999999817e+02,-1.728574240000000088e+02,-3.300000000000000000e+02
-1.897507839999999817e+02,-1.724960959999999943e+02,-3.312500000000000000e+02
-1.897507839999999817e+02,-1.717734399999999937e+02,-3.312500000000000000e+02
-1.897507839999999817e+02,-1.710507839999999931e+02,-3.312500000000000000e+02
-1.897507839999999817e+02,-1.703281279999999924e+02,-3.312500000000000000e+02
-1.897507839999999817e+02,-1.696054719999999918e+02,-3.312500000000000000e+02
-1.897507839999999817e+02,-1.692441440000000057e+02,-3.325000000000000000e+02
-1.897507839999999817e+02,-1.688828159999999912e+02,-3.337500000000000000e+02
-1.897507839999999817e+02,-1.681601599999999905e+02,-3.337500000000000000e+02
-1.897507839999999817e+02,-1.677988320000000044e+02,-3.400000000000000000e+02
-1.897507839999999817e+02,-1.674375039999999899e+02,-3.387500000000000000e+02
-1.897507839999999817e+02,-1.674375039999999899e+02,-3.337500000000000000e+02
-1.897507839999999817e+02,-1.670761760000000038e+02,-3.375000000000000000e+02
-1.897507839999999817e+02,-1.670761760000000038e+02,-3.350000000000000000e+02
-1.893894559999999956e+02,-1.782773439999999994e+02,-3.350000000000000000e+02
-1.893894559999999956e+02,-1.775546879999999987e+02,-3.375000000000000000e+02
-1.890281279999999811e+02,-1.775546879999999987e+02,-3.362500000000000000e+02
-1.890281279999999811e+02,-1.779160160000000133e+02,-3.350000000000000000e+02
-1.890281279999999811e+02,-1.775546879999999987e+02,-3.337500000000000000e+02
-1.890281279999999811e+02,-1.768320319999999981e+02,-3.387500000000000000e+02
-1.890281279999999811e+02,-1.771933600000000126e+02,-3.375000000000000000e+02
-1.890281279999999811e+02,-1.771933600000000126e+02,-3.325000000000000000e+02
-1.890281279999999811e+02,-1.768320319999999981e+02,-3.312500000000000000e+02
-1.890281279999999811e+02,-1.764707040000000120e+02,-3.400000000000000000e+02
-1.890281279999999811e+02,-1.761093759999999975e+02,-3.312500000000000000e+02
-1.890281279999999811e+02,-1.753867199999999968e+02,-3.312500000000000000e+02
-1.890281279999999811e+02,-1.746640639999999962e+02,-3.312500000000000000e+02
-1.890281279999999811e+02,-1.739414079999999956e+02,-3.312500000000000000e+02
-1.893894559999999956e+02,-1.732187519999999950e+02,-3.300000000000000000e+02
-1.890281279999999811e+02,-1.732187519999999950e+02,-3.312500000000000000e+02
-1.890281279999999811e+02,-1.724960959999999943e+02,-3.312500000000000000e+02
-1.890281279999999811e+02,-1.717734399999999937e+02,-3.312500000000000000e+02
-1.890281279999999811e+02,-1.710507839999999931e+02,-3.312500000000000000e+02
-1.890281279999999811e+02,-1.703281279999999924e+02,-3.312500000000000000e+02
-1.890281279999999811e+02,-1.696054719999999918e+02,-3.312500000000000000e+02
-1.890281279999999811e+02,-1.692441440000000057e+02,-3.325000000000000000e+02
-1.890281279999999811e+02,-1.688828159999999912e+02,-3.337500000000000000e+02
-1.890281279999999811e+02,-1.685214880000000051e+02,-3.400000000000000000e+02
-1.893894559999999956e+02,-1.681601599999999905e+02,-3.400000000000000000e+02
-1.890281279999999811e+02,-1.681601599999999905e+02,-3.387500000000000000e+02
-1.890281279999999811e+02,-1.681601599999999905e+02,-3.337500000000000000e+02
-1.893894559999999956e+02,-1.674375039999999899e+02,-3.375000000000000000e+02
-1.890281279999999811e+02,-1.677988320000000044e+02,-3.375000000000000000e+02
-1.890281279999999811e+02,-1.674375039999999899e+02,-3.362500000000000000e+02
-1.890281279999999811e+02,-1.674375039999999899e+02,-3.337500000000000000e+02
-1.890281279999999811e+02,-1.670761760000000038e+02,-3.350000000000000000e+02
-1.886667999999999950e+02,-1.775546879999999987e+02,-3.350000000000000000e+02
-1.886667999999999950e+02,-1.768320319999999981e+02,-3.375000000000000000e+02
-1.886667999999999950e+02,-1.768320319999999981e+02,-3.350000000000000000e+02
-1.883054719999999804e+02,-1.771933600000000126e+02,-3.325000000000000000e+02
-1.883054719999999804e+02,-1.768320319999999981e+02,-3.337500000000000000e+02
-1.883054719999999804e+02,-1.768320319999999981e+02,-3.312500000000000000e+02
-1.886667999999999950e+02,-1.761093759999999975e+02,-3.400000000000000000e+02
-1.883054719999999804e+02,-1.761093759999999975e+02,-3.387500000000000000e+02
-1.883054719999999804e+02,-1.764707040000000120e+02,-3.375000000000000000e+02
-1.883054719999999804e+02,-1.764707040000000120e+02,-3.350000000000000000e+02
-1.883054719999999804e+02,-1.761093759999999975e+02,-3.312500000000000000e+02
-1.883054719999999804e+02,-1.757480480000000114e+02,-3.400000000000000000e+02
-1.883054719999999804e+02,-1.753867199999999968e+02,-3.312500000000000000e+02
-1.883054719999999804e+02,-1.746640639999999962e+02,-3.312500000000000000e+02
-1.883054719999999804e+02,-1.739414079999999956e+02,-3.312500000000000000e+02
-1.883054719999999804e+02,-1.732187519999999950e+02,-3.312500000000000000e+02
-1.883054719999999804e+02,-1.724960959999999943e+02,-3.312500000000000000e+02
-1.883054719999999804e+02,-1.717734399999999937e+02,-3.312500000000000000e+02
-1.883054719999999804e+02,-1.710507839999999931e+02,-3.312500000000000000e+02
-1.883054719999999804e+02,-1.703281279999999924e+02,-3.312500000000000000e+02
-1.886667999999999950e+02,-1.696054719999999918e+02,-3.325000000000000000e+02
-1.883054719999999804e+02,-1.699668000000000063e+02,-3.325000000000000000e+02
-1.883054719999999804e+02,-1.696054719999999918e+02,-3.337500000000000000e+02
-1.883054719999999804e+02,-1.688828159999999912e+02,-3.337500000000000000e+02
-1.886667999999999950e+02,-1.681601599999999905e+02,-3.375000000000000000e+02
-1.883054719999999804e+02,-1.685214880000000051e+02,-3.375000000000000000e+02
-1.883054719999999804e+02,-1.685214880000000051e+02,-3.400000000000000000e+02
-1.883054719999999804e+02,-1.681601599999999905e+02,-3.362500000000000000e+02
-1.883054719999999804e+02,-1.681601599999999905e+02,-3.337500000000000000e+02
-1.886667999999999950e+02,-1.674375039999999899e+02,-3.350000000000000000e+02
-1.883054719999999804e+02,-1.677988320000000044e+02,-3.350000000000000000e+02
-1.879441439999999943e+02,-1.768320319999999981e+02,-3.325000000000000000e+02
-1.879441439999999943e+02,-1.761093759999999975e+02,-3.375000000000000000e+02
-1.879441439999999943e+02,-1.761093759999999975e+02,-3.350000000000000000e+02
-1.879441439999999943e+02,-1.761093759999999975e+02,-3.325000000000000000e+02
-1.879441439999999943e+02,-1.753867199999999968e+02,-3.400000000000000000e+02
-1.875828159999999798e+02,-1.753867199999999968e+02,-3.387500000000000000e+02
-1.875828159999999798e+02,-1.757480480000000114e+02,-3.375000000000000000e+02
-1.875828159999999798e+02,-1.753867199999999968e+02,-3.362500000000000000e+02
-1.879441439999999943e+02,-1.753867199999999968e+02,-3.350000000000000000e+02
-1.875828159999999798e+02,-1.753867199999999968e+02,-3.337500000000000000e+02
-1.875828159999999798e+02,-1.757480480000000114e+02,-3.325000000000000000e+02
-1.875828159999999798e+02,-1.753867199999999968e+02,-3.312500000000000000e+02
-1.875828159999999798e+02,-1.746640639999999962e+02,-3.387500000000000000e+02
-1.879441439999999943e+02,-1.746640639999999962e+02,-3.400000000000000000e+02
-1.875828159999999798e+02,-1.750253920000000107e+02,-3.350000000000000000e+02
-1.875828159999999798e+02,-1.746640639999999962e+02,-3.312500000000000000e+02
-1.875828159999999798e+02,-1.743027360000000101e+02,-3.400000000000000000e+02
-1.875828159999999798e+02,-1.739414079999999956e+02,-3.312500000000000000e+02
-1.875828159999999798e+02,-1.732187519999999950e+02,-3.312500000000000000e+02
-1.879441439999999943e+02,-1.724960959999999943e+02,-3.325000000000000000e+02
-1.875828159999999798e+02,-1.728574240000000088e+02,-3.325000000000000000e+02
-1.875828159999999798e+02,-1.724960959999999943e+02,-3.337500000000000000e+02
-1.879441439999999943e+02,-1.717734399999999937e+02,-3.325000000000000000e+02
-1.875828159999999798e+02,-1.717734399999999937e+02,-3.337500000000000000e+02
-1.879441439999999943e+02,-1.710507839999999931e+02,-3.325000000000000000e+02
-1.875828159999999798e+02,-1.710507839999999931e+02,-3.337500000000000000e+02
-1.879441439999999943e+02,-1.703281279999999924e+02,-3.325000000000000000e+02
-1.875828159999999798e+02,-1.703281279999999924e+02,-3.337500000000000000e+02
-1.875828159999999798e+02,-1.699668000000000063e+02,-3.400000000000000000e+02
-1.879441439999999943e+02,-1.696054719999999918e+02,-3.400000000000000000e+02
-1.875828159999999798e+02,-1.696054719999999918e+02,-3.387500000000000000e+02
-1.875828159999999798e+02,-1.696054719999999918e+02,-3.337500000000000000e+02
-1.875828159999999798e+02,-1.692441440000000057e+02,-3.375000000000000000e+02
-1.879441439999999943e+02,-1.688828159999999912e+02,-3.375000000000000000e+02
-1.879441439999999943e+02,-1.688828159999999912e+02,-3.400000000000000000e+02
-1.875828159999999798e+02,-1.688828159999999912e+02,-3.362500000000000000e+02
-1.875828159999999798e+02,-1.688828159999999912e+02,-3.337500000000000000e+02
-1.879441439999999943e+02,-1.681601599999999905e+02,-3.350000000000000000e+02
-1.875828159999999798e+02,-1.685214880000000051e+02,-3.350000000000000000e+02
-1.872214879999999937e+02,-1.753867199999999968e+02,-3.375000000000000000e+02
-1.872214879999999937e+02,-1.753867199999999968e+02,-3.325000000000000000e+02
-1.872214879999999937e+02,-1.746640639999999962e+02,-3.375000000000000000e+02
-1.872214879999999937e+02,-1.746640639999999962e+02,-3.350000000000000000e+02
-1.872214879999999937e+02,-1.746640639999999962e+02,-3.325000000000000000e+02
-1.872214879999999937e+02,-1.739414079999999956e+02,-3.400000000000000000e+02
-1.872214879999999937e+02,-1.739414079999999956e+02,-3.375000000000000000e+02
-1.872214879999999937e+02,-1.739414079999999956e+02,-3.350000000000000000e+02
-1.872214879999999937e+02,-1.739414079999999956e+02,-3.325000000000000000e+02
-1.868601599999999792e+02,-1.732187519999999950e+02,-3.387500000000000000e+02
-1.868601599999999792e+02,-1.735800800000000095e+02,-3.375000000000000000e+02
-1.872214879999999937e+02,-1.732187519999999950e+02,-3.400000000000000000e+02
-1.868601599999999792e+02,-1.732187519999999950e+02,-3.362500000000000000e+02
-1.872214879999999937e+02,-1.732187519999999950e+02,-3.350000000000000000e+02
-1.872214879999999937e+02,-1.732187519999999950e+02,-3.325000000000000000e+02
-1.868601599999999792e+02,-1.724960959999999943e+02,-3.387500000000000000e+02
-1.872214879999999937e+02,-1.724960959999999943e+02,-3.400000000000000000e+02
-1.872214879999999937e+02,-1.724960959999999943e+02,-3.350000000000000000e+02
-1.868601599999999792e+02,-1.724960959999999943e+02,-3.362500000000000000e+02
-1.868601599999999792e+02,-1.717734399999999937e+02,-3.387500000000000000e+02
-1.872214879999999937e+02,-1.717734399999999937e+02,-3.400000000000000000e+02
-1.872214879999999937e+02,-1.717734399999999937e+02,-3.350000000000000000e+02
-1.868601599999999792e+02,-1.717734399999999937e+02,-3.362500000000000000e+02
-1.868601599999999792e+02,-1.710507839999999931e+02,-3.387500000000000000e+02
-1.872214879999999937e+02,-1.710507839999999931e+02,-3.400000000000000000e+02
-1.872214879999999937e+02,-1.710507839999999931e+02,-3.350000000000000000e+02
-1.868601599999999792e+02,-1.710507839999999931e+02,-3.362500000000000000e+02
-1.868601599999999792e+02,-1.703281279999999924e+02,-3.387500000000000000e+02
-1.872214879999999937e+02,-1.703281279999999924e+02,-3.400000000000000000e+02
-1.872214879999999937e+02,-1.703281279999999924e+02,-3.350000000000000000e+02
-1.868601599999999792e+02,-1.703281279999999924e+02,-3.362500000000000000e+02
-1.872214879999999937e+02,-1.696054719999999918e+02,-3.375000000000000000e+02
-1.868601599999999792e+02,-1.699668000000000063e+02,-3.375000000000000000e+02
-1.872214879999999937e+02,-1.696054719999999918e+02,-3.350000000000000000e+02
-1.872214879999999937e+02,-1.688828159999999912e+02,-3.350000000000000000e+02
-1.864988319999999931e+02,-1.732187519999999950e+02,-3.375000000000000000e+02
-1.864988319999999931e+02,-1.724960959999999943e+02,-3.375000000000000000e+02
-1.864988319999999931e+02,-1.717734399999999937e+02,-3.375000000000000000e+02
-1.864988319999999931e+02,-1.710507839999999931e+02,-3.375000000000000000e+02
-1.864988319999999931e+02,-1.703281279999999924e+02,-3.375000000000000000e+02
