-2.173898440000000107e+02,-2.075390639999999962e+02,-3.890000000000000000e+02
-2.169796880000000101e+02,-2.079492199999999968e+02,-3.865268456375839037e+02
-2.173898440000000107e+02,-2.075390639999999962e+02,-3.865268456375839037e+02
-2.169796880000000101e+02,-2.079492199999999968e+02,-3.890000000000000000e+02
-2.169796880000000101e+02,-2.079492199999999968e+02,-3.840536912751678074e+02
-2.173898440000000107e+02,-2.075390639999999962e+02,-3.840536912751678074e+02
-2.173898440000000107e+02,-2.067187519999999950e+02,-3.865268456375839037e+02
-2.173898440000000107e+02,-2.067187519999999950e+02,-3.890000000000000000e+02
-2.173898440000000107e+02,-2.067187519999999950e+02,-3.840536912751678074e+02
-2.173898440000000107e+02,-2.058984399999999937e+02,-3.865268456375839037e+02
-2.173898440000000107e+02,-2.058984399999999937e+02,-3.890000000000000000e+02
-2.169796880000000101e+02,-2.058984399999999937e+02,-3.852902684563758271e+02
-2.169796880000000101e+02,-2.063085959999999943e+02,-3.840536912751678074e+02
-2.169796880000000101e+02,-2.054882839999999931e+02,-3.890000000000000000e+02
-2.173898440000000107e+02,-2.050781279999999924e+02,-3.865268456375839037e+02
-2.169796880000000101e+02,-2.050781279999999924e+02,-3.877634228187919234e+02
-2.169796880000000101e+02,-2.050781279999999924e+02,-3.852902684563758271e+02
-2.169796880000000101e+02,-2.046679719999999918e+02,-3.865268456375839037e+02
-2.165695320000000095e+02,-2.083593759999999975e+02,-3.865268456375839037e+02
-2.161593760000000088e+02,-2.083593759999999975e+02,-3.877634228187919234e+02
-2.161593760000000088e+02,-2.087695319999999981e+02,-3.865268456375839037e+02
-2.161593760000000088e+02,-2.087695319999999981e+02,-3.840536912751678074e+02
-2.165695320000000095e+02,-2.083593759999999975e+02,-3.840536912751678074e+02
-2.161593760000000088e+02,-2.079492199999999968e+02,-3.890000000000000000e+02
-2.161593760000000088e+02,-2.063085959999999943e+02,-3.840536912751678074e+02
-2.161593760000000088e+02,-2.058984399999999937e+02,-3.852902684563758271e+02
-2.165695320000000095e+02,-2.050781279999999924e+02,-3.890000000000000000e+02
-2.161593760000000088e+02,-2.050781279999999924e+02,-3.852902684563758271e+02
-2.161593760000000088e+02,-2.046679719999999918e+02,-3.890000000000000000e+02
-2.161593760000000088e+02,-2.046679719999999918e+02,-3.865268456375839037e+02
-2.157492200000000082e+02,-2.091796879999999987e+02,-3.865268456375839037e+02
-2.153390640000000076e+02,-2.091796879999999987e+02,-3.877634228187919234e+02
-2.153390640000000076e+02,-2.095898439999999994e+02,-3.865268456375839037e+02
-2.153390640000000076e+02,-2.091796879999999987e+02,-3.852902684563758271e+02
-2.157492200000000082e+02,-2.083593759999999975e+02,-3.890000000000000000e+02
-2.153390640000000076e+02,-2.087695319999999981e+02,-3.890000000000000000e+02
-2.153390640000000076e+02,-2.087695319999999981e+02,-3.840536912751678074e+02
-2.153390640000000076e+02,-2.063085959999999943e+02,-3.840536912751678074e+02
-2.153390640000000076e+02,-2.058984399999999937e+02,-3.852902684563758271e+02
-2.153390640000000076e+02,-2.050781279999999924e+02,-3.852902684563758271e+02
-2.153390640000000076e+02,-2.046679719999999918e+02,-3.865268456375839037e+02
-2.153390640000000076e+02,-2.046679719999999918e+02,-3.890000000000000000e+02
-2.145187520000000063e+02,-2.091796879999999987e+02,-3.877634228187919234e+02
-2.145187520000000063e+02,-2.095898439999999994e+02,-3.865268456375839037e+02
-2.145187520000000063e+02,-2.095898439999999994e+02,-3.840536912751678074e+02
-2.149289080000000070e+02,-2.091796879999999987e+02,-3.840536912751678074e+02
-2.145187520000000063e+02,-2.087695319999999981e+02,-3.890000000000000000e+02
-2.149289080000000070e+02,-2.058984399999999937e+02,-3.840536912751678074e+02
-2.145187520000000063e+02,-2.054882839999999931e+02,-3.840536912751678074e+02
-2.145187520000000063e+02,-2.050781279999999924e+02,-3.852902684563758271e+02
-2.145187520000000063e+02,-2.046679719999999918e+02,-3.865268456375839037e+02
-2.145187520000000063e+02,-2.046679719999999918e+02,-3.890000000000000000e+02
-2.141085960000000057e+02,-2.091796879999999987e+02,-3.865268456375839037e+02
-2.136984400000000051e+02,-2.091796879999999987e+02,-3.852902684563758271e+02
-2.136984400000000051e+02,-2.095898439999999994e+02,-3.840536912751678074e+02
-2.141085960000000057e+02,-2.083593759999999975e+02,-3.890000000000000000e+02
-2.136984400000000051e+02,-2.083593759999999975e+02,-3.877634228187919234e+02
-2.136984400000000051e+02,-2.087695319999999981e+02,-3.865268456375839037e+02
-2.136984400000000051e+02,-2.079492199999999968e+02,-3.890000000000000000e+02
-2.136984400000000051e+02,-2.054882839999999931e+02,-3.890000000000000000e+02
-2.141085960000000057e+02,-2.050781279999999924e+02,-3.890000000000000000e+02
-2.136984400000000051e+02,-2.050781279999999924e+02,-3.877634228187919234e+02
-2.136984400000000051e+02,-2.054882839999999931e+02,-3.840536912751678074e+02
-2.136984400000000051e+02,-2.050781279999999924e+02,-3.852902684563758271e+02
-2.136984400000000051e+02,-2.046679719999999918e+02,-3.865268456375839037e+02
-2.132882840000000044e+02,-2.091796879999999987e+02,-3.840536912751678074e+02
-2.128781280000000038e+02,-2.083593759999999975e+02,-3.877634228187919234e+02
-2.128781280000000038e+02,-2.087695319999999981e+02,-3.865268456375839037e+02
-2.128781280000000038e+02,-2.087695319999999981e+02,-3.840536912751678074e+02
-2.132882840000000044e+02,-2.075390639999999962e+02,-3.890000000000000000e+02
-2.128781280000000038e+02,-2.075390639999999962e+02,-3.877634228187919234e+02
-2.128781280000000038e+02,-2.067187519999999950e+02,-3.877634228187919234e+02
-2.132882840000000044e+02,-2.067187519999999950e+02,-3.890000000000000000e+02
-2.128781280000000038e+02,-2.058984399999999937e+02,-3.877634228187919234e+02
-2.132882840000000044e+02,-2.058984399999999937e+02,-3.890000000000000000e+02
-2.132882840000000044e+02,-2.058984399999999937e+02,-3.840536912751678074e+02
-2.128781280000000038e+02,-2.063085959999999943e+02,-3.840536912751678074e+02
-2.128781280000000038e+02,-2.058984399999999937e+02,-3.852902684563758271e+02
-2.132882840000000044e+02,-2.050781279999999924e+02,-3.865268456375839037e+02
-2.128781280000000038e+02,-2.054882839999999931e+02,-3.865268456375839037e+02
-2.124679720000000032e+02,-2.083593759999999975e+02,-3.865268456375839037e+02
-2.124679720000000032e+02,-2.083593759999999975e+02,-3.840536912751678074e+02
-2.124679720000000032e+02,-2.075390639999999962e+02,-3.865268456375839037e+02
-2.124679720000000032e+02,-2.075390639999999962e+02,-3.840536912751678074e+02
-2.124679720000000032e+02,-2.067187519999999950e+02,-3.865268456375839037e+02
-2.124679720000000032e+02,-2.067187519999999950e+02,-3.840536912751678074e+02
-2.124679720000000032e+02,-2.058984399999999937e+02,-3.865268456375839037e+02
