-2.112703094999999962e+02,-1.963625030000000038e+02,-3.432500000000000000e+02
-2.108406219999999962e+02,-1.963625030000000038e+02,-3.438750000000000000e+02
-2.108406219999999962e+02,-1.967921905000000038e+02,-3.432500000000000000e+02
-2.108406219999999962e+02,-1.967921905000000038e+02,-3.420000000000000000e+02
-2.112703094999999962e+02,-1.963625030000000038e+02,-3.420000000000000000e+02
-2.108406219999999962e+02,-1.963625030000000038e+02,-3.413750000000000000e+02
-2.112703094999999962e+02,-1.955031280000000038e+02,-3.432500000000000000e+02
-2.108406219999999962e+02,-1.955031280000000038e+02,-3.438750000000000000e+02
-2.112703094999999962e+02,-1.955031280000000038e+02,-3.420000000000000000e+02
-2.108406219999999962e+02,-1.959328155000000038e+02,-3.407500000000000000e+02
-2.112703094999999962e+02,-1.955031280000000038e+02,-3.407500000000000000e+02
-2.108406219999999962e+02,-1.955031280000000038e+02,-3.401250000000000000e+02
-2.112703094999999962e+02,-1.946437530000000038e+02,-3.432500000000000000e+02
-2.108406219999999962e+02,-1.946437530000000038e+02,-3.438750000000000000e+02
-2.112703094999999962e+02,-1.946437530000000038e+02,-3.420000000000000000e+02
-2.112703094999999962e+02,-1.946437530000000038e+02,-3.407500000000000000e+02
-2.108406219999999962e+02,-1.946437530000000038e+02,-3.401250000000000000e+02
-2.112703094999999962e+02,-1.937843780000000038e+02,-3.432500000000000000e+02
-2.108406219999999962e+02,-1.937843780000000038e+02,-3.438750000000000000e+02
-2.112703094999999962e+02,-1.937843780000000038e+02,-3.420000000000000000e+02
-2.112703094999999962e+02,-1.937843780000000038e+02,-3.407500000000000000e+02
-2.108406219999999962e+02,-1.937843780000000038e+02,-3.401250000000000000e+02
-2.112703094999999962e+02,-1.929250030000000038e+02,-3.432500000000000000e+02
-2.108406219999999962e+02,-1.929250030000000038e+02,-3.438750000000000000e+02
-2.112703094999999962e+02,-1.929250030000000038e+02,-3.420000000000000000e+02
-2.112703094999999962e+02,-1.929250030000000038e+02,-3.407500000000000000e+02
-2.108406219999999962e+02,-1.929250030000000038e+02,-3.401250000000000000e+02
-2.112703094999999962e+02,-1.920656280000000038e+02,-3.432500000000000000e+02
-2.108406219999999962e+02,-1.920656280000000038e+02,-3.438750000000000000e+02
-2.112703094999999962e+02,-1.920656280000000038e+02,-3.420000000000000000e+02
-2.112703094999999962e+02,-1.920656280000000038e+02,-3.407500000000000000e+02
-2.108406219999999962e+02,-1.924953155000000038e+02,-3.395000000000000000e+02
-2.112703094999999962e+02,-1.920656280000000038e+02,-3.395000000000000000e+02
-2.108406219999999962e+02,-1.920656280000000038e+02,-3.388750000000000000e+02
-2.108406219999999962e+02,-1.916359405000000038e+02,-3.432500000000000000e+02
-2.112703094999999962e+02,-1.912062530000000038e+02,-3.420000000000000000e+02
-2.108406219999999962e+02,-1.912062530000000038e+02,-3.426250000000000000e+02
-2.112703094999999962e+02,-1.912062530000000038e+02,-3.407500000000000000e+02
-2.112703094999999962e+02,-1.912062530000000038e+02,-3.395000000000000000e+02
-2.108406219999999962e+02,-1.912062530000000038e+02,-3.388750000000000000e+02
-2.112703094999999962e+02,-1.903468780000000038e+02,-3.420000000000000000e+02
-2.108406219999999962e+02,-1.903468780000000038e+02,-3.426250000000000000e+02
-2.112703094999999962e+02,-1.903468780000000038e+02,-3.407500000000000000e+02
-2.112703094999999962e+02,-1.903468780000000038e+02,-3.395000000000000000e+02
-2.108406219999999962e+02,-1.903468780000000038e+02,-3.388750000000000000e+02
-2.112703094999999962e+02,-1.894875030000000038e+02,-3.420000000000000000e+02
-2.108406219999999962e+02,-1.894875030000000038e+02,-3.426250000000000000e+02
-2.112703094999999962e+02,-1.894875030000000038e+02,-3.407500000000000000e+02
-2.108406219999999962e+02,-1.894875030000000038e+02,-3.401250000000000000e+02
-2.108406219999999962e+02,-1.899171905000000038e+02,-3.395000000000000000e+02
-2.108406219999999962e+02,-1.890578155000000038e+02,-3.420000000000000000e+02
-2.112703094999999962e+02,-1.886281280000000038e+02,-3.407500000000000000e+02
-2.108406219999999962e+02,-1.886281280000000038e+02,-3.413750000000000000e+02
-2.108406219999999962e+02,-1.886281280000000038e+02,-3.401250000000000000e+02
-2.108406219999999962e+02,-1.881984405000000038e+02,-3.407500000000000000e+02
-2.099812469999999962e+02,-1.963625030000000038e+02,-3.438750000000000000e+02
-2.099812469999999962e+02,-1.967921905000000038e+02,-3.432500000000000000e+02
-2.099812469999999962e+02,-1.967921905000000038e+02,-3.420000000000000000e+02
-2.099812469999999962e+02,-1.967921905000000038e+02,-3.407500000000000000e+02
-2.104109344999999962e+02,-1.963625030000000038e+02,-3.407500000000000000e+02
-2.099812469999999962e+02,-1.963625030000000038e+02,-3.401250000000000000e+02
-2.099812469999999962e+02,-1.955031280000000038e+02,-3.438750000000000000e+02
-2.099812469999999962e+02,-1.959328155000000038e+02,-3.395000000000000000e+02
-2.104109344999999962e+02,-1.955031280000000038e+02,-3.395000000000000000e+02
-2.099812469999999962e+02,-1.955031280000000038e+02,-3.388750000000000000e+02
-2.099812469999999962e+02,-1.946437530000000038e+02,-3.438750000000000000e+02
-2.104109344999999962e+02,-1.946437530000000038e+02,-3.395000000000000000e+02
-2.099812469999999962e+02,-1.946437530000000038e+02,-3.388750000000000000e+02
-2.099812469999999962e+02,-1.937843780000000038e+02,-3.438750000000000000e+02
-2.104109344999999962e+02,-1.937843780000000038e+02,-3.395000000000000000e+02
-2.099812469999999962e+02,-1.937843780000000038e+02,-3.388750000000000000e+02
-2.104109344999999962e+02,-1.929250030000000038e+02,-3.445000000000000000e+02
-2.099812469999999962e+02,-1.929250030000000038e+02,-3.451250000000000000e+02
-2.099812469999999962e+02,-1.933546905000000038e+02,-3.445000000000000000e+02
-2.104109344999999962e+02,-1.929250030000000038e+02,-3.395000000000000000e+02
-2.099812469999999962e+02,-1.933546905000000038e+02,-3.382500000000000000e+02
-2.104109344999999962e+02,-1.929250030000000038e+02,-3.382500000000000000e+02
-2.099812469999999962e+02,-1.929250030000000038e+02,-3.376250000000000000e+02
-2.104109344999999962e+02,-1.920656280000000038e+02,-3.445000000000000000e+02
-2.099812469999999962e+02,-1.920656280000000038e+02,-3.451250000000000000e+02
-2.104109344999999962e+02,-1.920656280000000038e+02,-3.382500000000000000e+02
-2.099812469999999962e+02,-1.920656280000000038e+02,-3.376250000000000000e+02
-2.104109344999999962e+02,-1.912062530000000038e+02,-3.445000000000000000e+02
-2.099812469999999962e+02,-1.912062530000000038e+02,-3.451250000000000000e+02
-2.104109344999999962e+02,-1.912062530000000038e+02,-3.432500000000000000e+02
-2.104109344999999962e+02,-1.912062530000000038e+02,-3.382500000000000000e+02
-2.099812469999999962e+02,-1.912062530000000038e+02,-3.376250000000000000e+02
-2.104109344999999962e+02,-1.903468780000000038e+02,-3.445000000000000000e+02
-2.099812469999999962e+02,-1.903468780000000038e+02,-3.451250000000000000e+02
-2.104109344999999962e+02,-1.903468780000000038e+02,-3.432500000000000000e+02
-2.104109344999999962e+02,-1.903468780000000038e+02,-3.382500000000000000e+02
-2.099812469999999962e+02,-1.903468780000000038e+02,-3.376250000000000000e+02
-2.104109344999999962e+02,-1.894875030000000038e+02,-3.445000000000000000e+02
-2.099812469999999962e+02,-1.894875030000000038e+02,-3.451250000000000000e+02
-2.104109344999999962e+02,-1.894875030000000038e+02,-3.432500000000000000e+02
-2.104109344999999962e+02,-1.894875030000000038e+02,-3.395000000000000000e+02
-2.099812469999999962e+02,-1.894875030000000038e+02,-3.388750000000000000e+02
-2.099812469999999962e+02,-1.899171905000000038e+02,-3.382500000000000000e+02
-2.104109344999999962e+02,-1.886281280000000038e+02,-3.445000000000000000e+02
-2.099812469999999962e+02,-1.886281280000000038e+02,-3.451250000000000000e+02
-2.104109344999999962e+02,-1.886281280000000038e+02,-3.432500000000000000e+02
-2.104109344999999962e+02,-1.886281280000000038e+02,-3.420000000000000000e+02
-2.104109344999999962e+02,-1.886281280000000038e+02,-3.395000000000000000e+02
-2.099812469999999962e+02,-1.886281280000000038e+02,-3.388750000000000000e+02
-2.104109344999999962e+02,-1.877687530000000038e+02,-3.445000000000000000e+02
-2.099812469999999962e+02,-1.877687530000000038e+02,-3.451250000000000000e+02
-2.099812469999999962e+02,-1.877687530000000038e+02,-3.438750000000000000e+02
-2.099812469999999962e+02,-1.881984405000000038e+02,-3.432500000000000000e+02
-2.099812469999999962e+02,-1.881984405000000038e+02,-3.420000000000000000e+02
-2.099812469999999962e+02,-1.881984405000000038e+02,-3.407500000000000000e+02
-2.104109344999999962e+02,-1.877687530000000038e+02,-3.395000000000000000e+02
-2.099812469999999962e+02,-1.877687530000000038e+02,-3.401250000000000000e+02
-2.099812469999999962e+02,-1.877687530000000038e+02,-3.388750000000000000e+02
-2.099812469999999962e+02,-1.873390655000000038e+02,-3.445000000000000000e+02
-2.099812469999999962e+02,-1.873390655000000038e+02,-3.395000000000000000e+02
-2.095515594999999962e+02,-1.972218780000000038e+02,-3.432500000000000000e+02
-2.091218719999999962e+02,-1.972218780000000038e+02,-3.438750000000000000e+02
-2.091218719999999962e+02,-1.976515655000000038e+02,-3.432500000000000000e+02
-2.091218719999999962e+02,-1.976515655000000038e+02,-3.420000000000000000e+02
-2.095515594999999962e+02,-1.972218780000000038e+02,-3.420000000000000000e+02
-2.091218719999999962e+02,-1.976515655000000038e+02,-3.407500000000000000e+02
-2.095515594999999962e+02,-1.972218780000000038e+02,-3.407500000000000000e+02
-2.091218719999999962e+02,-1.976515655000000038e+02,-3.395000000000000000e+02
-2.095515594999999962e+02,-1.972218780000000038e+02,-3.395000000000000000e+02
-2.091218719999999962e+02,-1.972218780000000038e+02,-3.388750000000000000e+02
-2.095515594999999962e+02,-1.963625030000000038e+02,-3.445000000000000000e+02
-2.091218719999999962e+02,-1.963625030000000038e+02,-3.451250000000000000e+02
-2.091218719999999962e+02,-1.967921905000000038e+02,-3.445000000000000000e+02
-2.095515594999999962e+02,-1.963625030000000038e+02,-3.395000000000000000e+02
-2.091218719999999962e+02,-1.967921905000000038e+02,-3.382500000000000000e+02
-2.095515594999999962e+02,-1.963625030000000038e+02,-3.382500000000000000e+02
-2.091218719999999962e+02,-1.963625030000000038e+02,-3.376250000000000000e+02
-2.095515594999999962e+02,-1.955031280000000038e+02,-3.457500000000000000e+02
-2.091218719999999962e+02,-1.955031280000000038e+02,-3.463750000000000000e+02
-2.091218719999999962e+02,-1.959328155000000038e+02,-3.457500000000000000e+02
-2.095515594999999962e+02,-1.955031280000000038e+02,-3.445000000000000000e+02
-2.095515594999999962e+02,-1.955031280000000038e+02,-3.382500000000000000e+02
-2.091218719999999962e+02,-1.959328155000000038e+02,-3.370000000000000000e+02
-2.095515594999999962e+02,-1.955031280000000038e+02,-3.370000000000000000e+02
-2.091218719999999962e+02,-1.955031280000000038e+02,-3.363750000000000000e+02
-2.095515594999999962e+02,-1.946437530000000038e+02,-3.457500000000000000e+02
-2.091218719999999962e+02,-1.946437530000000038e+02,-3.463750000000000000e+02
-2.095515594999999962e+02,-1.946437530000000038e+02,-3.445000000000000000e+02
-2.095515594999999962e+02,-1.946437530000000038e+02,-3.382500000000000000e+02
-2.095515594999999962e+02,-1.946437530000000038e+02,-3.370000000000000000e+02
-2.091218719999999962e+02,-1.946437530000000038e+02,-3.363750000000000000e+02
-2.095515594999999962e+02,-1.937843780000000038e+02,-3.457500000000000000e+02
-2.091218719999999962e+02,-1.937843780000000038e+02,-3.463750000000000000e+02
-2.095515594999999962e+02,-1.937843780000000038e+02,-3.445000000000000000e+02
-2.095515594999999962e+02,-1.937843780000000038e+02,-3.382500000000000000e+02
-2.095515594999999962e+02,-1.937843780000000038e+02,-3.370000000000000000e+02
-2.091218719999999962e+02,-1.937843780000000038e+02,-3.363750000000000000e+02
-2.095515594999999962e+02,-1.929250030000000038e+02,-3.457500000000000000e+02
-2.091218719999999962e+02,-1.929250030000000038e+02,-3.463750000000000000e+02
-2.095515594999999962e+02,-1.929250030000000038e+02,-3.370000000000000000e+02
-2.091218719999999962e+02,-1.929250030000000038e+02,-3.363750000000000000e+02
-2.091218719999999962e+02,-1.924953155000000038e+02,-3.457500000000000000e+02
-2.091218719999999962e+02,-1.920656280000000038e+02,-3.451250000000000000e+02
-2.095515594999999962e+02,-1.920656280000000038e+02,-3.370000000000000000e+02
-2.091218719999999962e+02,-1.920656280000000038e+02,-3.363750000000000000e+02
-2.091218719999999962e+02,-1.912062530000000038e+02,-3.451250000000000000e+02
-2.095515594999999962e+02,-1.912062530000000038e+02,-3.370000000000000000e+02
-2.091218719999999962e+02,-1.912062530000000038e+02,-3.363750000000000000e+02
-2.091218719999999962e+02,-1.903468780000000038e+02,-3.451250000000000000e+02
-2.091218719999999962e+02,-1.907765655000000038e+02,-3.370000000000000000e+02
-2.091218719999999962e+02,-1.903468780000000038e+02,-3.376250000000000000e+02
-2.095515594999999962e+02,-1.894875030000000038e+02,-3.457500000000000000e+02
-2.091218719999999962e+02,-1.894875030000000038e+02,-3.463750000000000000e+02
-2.091218719999999962e+02,-1.899171905000000038e+02,-3.457500000000000000e+02
-2.095515594999999962e+02,-1.894875030000000038e+02,-3.382500000000000000e+02
-2.091218719999999962e+02,-1.894875030000000038e+02,-3.376250000000000000e+02
-2.091218719999999962e+02,-1.890578155000000038e+02,-3.457500000000000000e+02
-2.091218719999999962e+02,-1.886281280000000038e+02,-3.451250000000000000e+02
-2.091218719999999962e+02,-1.890578155000000038e+02,-3.382500000000000000e+02
-2.091218719999999962e+02,-1.886281280000000038e+02,-3.388750000000000000e+02
-2.091218719999999962e+02,-1.877687530000000038e+02,-3.451250000000000000e+02
-2.095515594999999962e+02,-1.877687530000000038e+02,-3.432500000000000000e+02
-2.095515594999999962e+02,-1.877687530000000038e+02,-3.420000000000000000e+02
-2.095515594999999962e+02,-1.877687530000000038e+02,-3.407500000000000000e+02
-2.091218719999999962e+02,-1.877687530000000038e+02,-3.388750000000000000e+02
-2.095515594999999962e+02,-1.869093780000000038e+02,-3.445000000000000000e+02
-2.091218719999999962e+02,-1.869093780000000038e+02,-3.451250000000000000e+02
-2.091218719999999962e+02,-1.869093780000000038e+02,-3.438750000000000000e+02
-2.091218719999999962e+02,-1.873390655000000038e+02,-3.432500000000000000e+02
-2.091218719999999962e+02,-1.873390655000000038e+02,-3.420000000000000000e+02
-2.091218719999999962e+02,-1.873390655000000038e+02,-3.407500000000000000e+02
-2.091218719999999962e+02,-1.873390655000000038e+02,-3.395000000000000000e+02
-2.091218719999999962e+02,-1.864796905000000038e+02,-3.445000000000000000e+02
-2.086921844999999962e+02,-1.980812530000000038e+02,-3.420000000000000000e+02
-2.082624969999999962e+02,-1.980812530000000038e+02,-3.426250000000000000e+02
-2.082624969999999962e+02,-1.985109405000000038e+02,-3.420000000000000000e+02
-2.082624969999999962e+02,-1.985109405000000038e+02,-3.407500000000000000e+02
-2.086921844999999962e+02,-1.980812530000000038e+02,-3.407500000000000000e+02
-2.082624969999999962e+02,-1.985109405000000038e+02,-3.395000000000000000e+02
-2.086921844999999962e+02,-1.980812530000000038e+02,-3.395000000000000000e+02
-2.082624969999999962e+02,-1.980812530000000038e+02,-3.388750000000000000e+02
-2.086921844999999962e+02,-1.972218780000000038e+02,-3.445000000000000000e+02
-2.082624969999999962e+02,-1.972218780000000038e+02,-3.451250000000000000e+02
-2.082624969999999962e+02,-1.976515655000000038e+02,-3.445000000000000000e+02
-2.082624969999999962e+02,-1.976515655000000038e+02,-3.432500000000000000e+02
-2.082624969999999962e+02,-1.972218780000000038e+02,-3.388750000000000000e+02
-2.082624969999999962e+02,-1.963625030000000038e+02,-3.451250000000000000e+02
-2.082624969999999962e+02,-1.967921905000000038e+02,-3.382500000000000000e+02
-2.082624969999999962e+02,-1.967921905000000038e+02,-3.370000000000000000e+02
-2.086921844999999962e+02,-1.963625030000000038e+02,-3.370000000000000000e+02
-2.082624969999999962e+02,-1.963625030000000038e+02,-3.363750000000000000e+02
-2.082624969999999962e+02,-1.955031280000000038e+02,-3.463750000000000000e+02
-2.082624969999999962e+02,-1.959328155000000038e+02,-3.457500000000000000e+02
-2.082624969999999962e+02,-1.955031280000000038e+02,-3.363750000000000000e+02
-2.082624969999999962e+02,-1.946437530000000038e+02,-3.463750000000000000e+02
-2.082624969999999962e+02,-1.946437530000000038e+02,-3.363750000000000000e+02
-2.082624969999999962e+02,-1.937843780000000038e+02,-3.463750000000000000e+02
-2.082624969999999962e+02,-1.937843780000000038e+02,-3.363750000000000000e+02
-2.082624969999999962e+02,-1.929250030000000038e+02,-3.463750000000000000e+02
-2.082624969999999962e+02,-1.929250030000000038e+02,-3.363750000000000000e+02
-2.086921844999999962e+02,-1.920656280000000038e+02,-3.457500000000000000e+02
-2.082624969999999962e+02,-1.920656280000000038e+02,-3.463750000000000000e+02
-2.082624969999999962e+02,-1.920656280000000038e+02,-3.363750000000000000e+02
-2.086921844999999962e+02,-1.912062530000000038e+02,-3.457500000000000000e+02
-2.082624969999999962e+02,-1.912062530000000038e+02,-3.463750000000000000e+02
-2.082624969999999962e+02,-1.912062530000000038e+02,-3.363750000000000000e+02
-2.086921844999999962e+02,-1.903468780000000038e+02,-3.457500000000000000e+02
-2.082624969999999962e+02,-1.903468780000000038e+02,-3.463750000000000000e+02
-2.082624969999999962e+02,-1.907765655000000038e+02,-3.370000000000000000e+02
-2.082624969999999962e+02,-1.903468780000000038e+02,-3.376250000000000000e+02
-2.082624969999999962e+02,-1.894875030000000038e+02,-3.463750000000000000e+02
-2.082624969999999962e+02,-1.894875030000000038e+02,-3.376250000000000000e+02
-2.086921844999999962e+02,-1.886281280000000038e+02,-3.457500000000000000e+02
-2.082624969999999962e+02,-1.886281280000000038e+02,-3.463750000000000000e+02
-2.086921844999999962e+02,-1.886281280000000038e+02,-3.382500000000000000e+02
-2.082624969999999962e+02,-1.886281280000000038e+02,-3.376250000000000000e+02
-2.086921844999999962e+02,-1.877687530000000038e+02,-3.457500000000000000e+02
-2.082624969999999962e+02,-1.877687530000000038e+02,-3.463750000000000000e+02
-2.082624969999999962e+02,-1.881984405000000038e+02,-3.382500000000000000e+02
-2.082624969999999962e+02,-1.877687530000000038e+02,-3.388750000000000000e+02
-2.086921844999999962e+02,-1.869093780000000038e+02,-3.457500000000000000e+02
-2.082624969999999962e+02,-1.869093780000000038e+02,-3.463750000000000000e+02
-2.086921844999999962e+02,-1.869093780000000038e+02,-3.432500000000000000e+02
-2.082624969999999962e+02,-1.869093780000000038e+02,-3.426250000000000000e+02
-2.082624969999999962e+02,-1.873390655000000038e+02,-3.420000000000000000e+02
-2.082624969999999962e+02,-1.873390655000000038e+02,-3.407500000000000000e+02
-2.082624969999999962e+02,-1.873390655000000038e+02,-3.395000000000000000e+02
-2.082624969999999962e+02,-1.864796905000000038e+02,-3.457500000000000000e+02
-2.086921844999999962e+02,-1.860500030000000038e+02,-3.445000000000000000e+02
-2.082624969999999962e+02,-1.860500030000000038e+02,-3.451250000000000000e+02
-2.086921844999999962e+02,-1.860500030000000038e+02,-3.432500000000000000e+02
-2.082624969999999962e+02,-1.860500030000000038e+02,-3.426250000000000000e+02
-2.082624969999999962e+02,-1.856203155000000038e+02,-3.445000000000000000e+02
-2.082624969999999962e+02,-1.856203155000000038e+02,-3.432500000000000000e+02
-2.078328094999999962e+02,-1.989406280000000038e+02,-3.420000000000000000e+02
-2.074031219999999962e+02,-1.989406280000000038e+02,-3.426250000000000000e+02
-2.074031219999999962e+02,-1.993703155000000038e+02,-3.420000000000000000e+02
-2.074031219999999962e+02,-1.989406280000000038e+02,-3.413750000000000000e+02
-2.074031219999999962e+02,-1.980812530000000038e+02,-3.426250000000000000e+02
-2.074031219999999962e+02,-1.985109405000000038e+02,-3.407500000000000000e+02
-2.074031219999999962e+02,-1.985109405000000038e+02,-3.395000000000000000e+02
-2.074031219999999962e+02,-1.980812530000000038e+02,-3.388750000000000000e+02
-2.074031219999999962e+02,-1.972218780000000038e+02,-3.451250000000000000e+02
-2.074031219999999962e+02,-1.976515655000000038e+02,-3.445000000000000000e+02
-2.074031219999999962e+02,-1.976515655000000038e+02,-3.432500000000000000e+02
-2.074031219999999962e+02,-1.976515655000000038e+02,-3.382500000000000000e+02
-2.078328094999999962e+02,-1.972218780000000038e+02,-3.382500000000000000e+02
-2.074031219999999962e+02,-1.972218780000000038e+02,-3.376250000000000000e+02
-2.078328094999999962e+02,-1.963625030000000038e+02,-3.457500000000000000e+02
-2.074031219999999962e+02,-1.963625030000000038e+02,-3.463750000000000000e+02
-2.074031219999999962e+02,-1.967921905000000038e+02,-3.457500000000000000e+02
-2.074031219999999962e+02,-1.967921905000000038e+02,-3.370000000000000000e+02
-2.074031219999999962e+02,-1.963625030000000038e+02,-3.363750000000000000e+02
-2.078328094999999962e+02,-1.955031280000000038e+02,-3.470000000000000000e+02
-2.074031219999999962e+02,-1.959328155000000038e+02,-3.470000000000000000e+02
-2.074031219999999962e+02,-1.959328155000000038e+02,-3.357500000000000000e+02
-2.078328094999999962e+02,-1.955031280000000038e+02,-3.357500000000000000e+02
-2.074031219999999962e+02,-1.955031280000000038e+02,-3.351250000000000000e+02
-2.078328094999999962e+02,-1.946437530000000038e+02,-3.470000000000000000e+02
-2.078328094999999962e+02,-1.946437530000000038e+02,-3.357500000000000000e+02
-2.074031219999999962e+02,-1.946437530000000038e+02,-3.351250000000000000e+02
-2.078328094999999962e+02,-1.937843780000000038e+02,-3.470000000000000000e+02
-2.078328094999999962e+02,-1.937843780000000038e+02,-3.357500000000000000e+02
-2.074031219999999962e+02,-1.942140655000000038e+02,-3.345000000000000000e+02
-2.078328094999999962e+02,-1.937843780000000038e+02,-3.345000000000000000e+02
-2.074031219999999962e+02,-1.937843780000000038e+02,-3.338750000000000000e+02
-2.078328094999999962e+02,-1.929250030000000038e+02,-3.470000000000000000e+02
-2.078328094999999962e+02,-1.929250030000000038e+02,-3.357500000000000000e+02
-2.078328094999999962e+02,-1.929250030000000038e+02,-3.345000000000000000e+02
-2.074031219999999962e+02,-1.929250030000000038e+02,-3.338750000000000000e+02
-2.078328094999999962e+02,-1.920656280000000038e+02,-3.470000000000000000e+02
-2.078328094999999962e+02,-1.920656280000000038e+02,-3.357500000000000000e+02
-2.074031219999999962e+02,-1.920656280000000038e+02,-3.351250000000000000e+02
-2.074031219999999962e+02,-1.924953155000000038e+02,-3.345000000000000000e+02
-2.078328094999999962e+02,-1.912062530000000038e+02,-3.470000000000000000e+02
-2.078328094999999962e+02,-1.912062530000000038e+02,-3.357500000000000000e+02
-2.074031219999999962e+02,-1.912062530000000038e+02,-3.351250000000000000e+02
-2.078328094999999962e+02,-1.903468780000000038e+02,-3.470000000000000000e+02
-2.078328094999999962e+02,-1.903468780000000038e+02,-3.370000000000000000e+02
-2.074031219999999962e+02,-1.903468780000000038e+02,-3.363750000000000000e+02
-2.074031219999999962e+02,-1.907765655000000038e+02,-3.357500000000000000e+02
-2.078328094999999962e+02,-1.894875030000000038e+02,-3.470000000000000000e+02
-2.074031219999999962e+02,-1.899171905000000038e+02,-3.370000000000000000e+02
-2.074031219999999962e+02,-1.894875030000000038e+02,-3.376250000000000000e+02
-2.078328094999999962e+02,-1.894875030000000038e+02,-3.332500000000000000e+02
-2.074031219999999962e+02,-1.894875030000000038e+02,-3.338750000000000000e+02
-2.074031219999999962e+02,-1.899171905000000038e+02,-3.332500000000000000e+02
-2.078328094999999962e+02,-1.886281280000000038e+02,-3.470000000000000000e+02
-2.074031219999999962e+02,-1.886281280000000038e+02,-3.376250000000000000e+02
-2.074031219999999962e+02,-1.890578155000000038e+02,-3.332500000000000000e+02
-2.074031219999999962e+02,-1.881984405000000038e+02,-3.470000000000000000e+02
-2.074031219999999962e+02,-1.877687530000000038e+02,-3.463750000000000000e+02
-2.074031219999999962e+02,-1.881984405000000038e+02,-3.382500000000000000e+02
-2.074031219999999962e+02,-1.877687530000000038e+02,-3.388750000000000000e+02
-2.074031219999999962e+02,-1.869093780000000038e+02,-3.463750000000000000e+02
-2.074031219999999962e+02,-1.873390655000000038e+02,-3.420000000000000000e+02
-2.074031219999999962e+02,-1.869093780000000038e+02,-3.426250000000000000e+02
-2.074031219999999962e+02,-1.873390655000000038e+02,-3.407500000000000000e+02
-2.074031219999999962e+02,-1.873390655000000038e+02,-3.395000000000000000e+02
-2.078328094999999962e+02,-1.860500030000000038e+02,-3.457500000000000000e+02
-2.074031219999999962e+02,-1.860500030000000038e+02,-3.463750000000000000e+02
-2.074031219999999962e+02,-1.860500030000000038e+02,-3.426250000000000000e+02
-2.074031219999999962e+02,-1.856203155000000038e+02,-3.457500000000000000e+02
-2.074031219999999962e+02,-1.856203155000000038e+02,-3.445000000000000000e+02
-2.074031219999999962e+02,-1.856203155000000038e+02,-3.432500000000000000e+02
-2.065437469999999962e+02,-1.989406280000000038e+02,-3.426250000000000000e+02
-2.065437469999999962e+02,-1.993703155000000038e+02,-3.420000000000000000e+02
-2.065437469999999962e+02,-1.993703155000000038e+02,-3.407500000000000000e+02
-2.069734344999999962e+02,-1.989406280000000038e+02,-3.407500000000000000e+02
-2.065437469999999962e+02,-1.989406280000000038e+02,-3.401250000000000000e+02
-2.069734344999999962e+02,-1.980812530000000038e+02,-3.445000000000000000e+02
-2.065437469999999962e+02,-1.980812530000000038e+02,-3.451250000000000000e+02
-2.065437469999999962e+02,-1.985109405000000038e+02,-3.445000000000000000e+02
-2.065437469999999962e+02,-1.985109405000000038e+02,-3.432500000000000000e+02
-2.069734344999999962e+02,-1.980812530000000038e+02,-3.432500000000000000e+02
-2.065437469999999962e+02,-1.985109405000000038e+02,-3.395000000000000000e+02
-2.065437469999999962e+02,-1.980812530000000038e+02,-3.388750000000000000e+02
-2.065437469999999962e+02,-1.972218780000000038e+02,-3.451250000000000000e+02
-2.065437469999999962e+02,-1.976515655000000038e+02,-3.382500000000000000e+02
-2.065437469999999962e+02,-1.976515655000000038e+02,-3.370000000000000000e+02
-2.069734344999999962e+02,-1.972218780000000038e+02,-3.370000000000000000e+02
-2.065437469999999962e+02,-1.972218780000000038e+02,-3.363750000000000000e+02
-2.069734344999999962e+02,-1.963625030000000038e+02,-3.457500000000000000e+02
-2.065437469999999962e+02,-1.963625030000000038e+02,-3.451250000000000000e+02
-2.065437469999999962e+02,-1.967921905000000038e+02,-3.357500000000000000e+02
-2.069734344999999962e+02,-1.963625030000000038e+02,-3.357500000000000000e+02
-2.065437469999999962e+02,-1.963625030000000038e+02,-3.351250000000000000e+02
-2.065437469999999962e+02,-1.959328155000000038e+02,-3.457500000000000000e+02
-2.065437469999999962e+02,-1.959328155000000038e+02,-3.470000000000000000e+02
-2.065437469999999962e+02,-1.959328155000000038e+02,-3.345000000000000000e+02
-2.069734344999999962e+02,-1.955031280000000038e+02,-3.345000000000000000e+02
-2.065437469999999962e+02,-1.955031280000000038e+02,-3.338750000000000000e+02
-2.069734344999999962e+02,-1.946437530000000038e+02,-3.345000000000000000e+02
-2.065437469999999962e+02,-1.946437530000000038e+02,-3.338750000000000000e+02
-2.065437469999999962e+02,-1.937843780000000038e+02,-3.338750000000000000e+02
-2.065437469999999962e+02,-1.929250030000000038e+02,-3.338750000000000000e+02
-2.069734344999999962e+02,-1.920656280000000038e+02,-3.345000000000000000e+02
-2.065437469999999962e+02,-1.920656280000000038e+02,-3.338750000000000000e+02
-2.069734344999999962e+02,-1.912062530000000038e+02,-3.345000000000000000e+02
-2.065437469999999962e+02,-1.912062530000000038e+02,-3.338750000000000000e+02
-2.065437469999999962e+02,-1.907765655000000038e+02,-3.357500000000000000e+02
-2.065437469999999962e+02,-1.903468780000000038e+02,-3.363750000000000000e+02
-2.069734344999999962e+02,-1.903468780000000038e+02,-3.345000000000000000e+02
-2.065437469999999962e+02,-1.903468780000000038e+02,-3.351250000000000000e+02
-2.065437469999999962e+02,-1.903468780000000038e+02,-3.338750000000000000e+02
-2.065437469999999962e+02,-1.899171905000000038e+02,-3.370000000000000000e+02
-2.065437469999999962e+02,-1.894875030000000038e+02,-3.376250000000000000e+02
-2.069734344999999962e+02,-1.894875030000000038e+02,-3.345000000000000000e+02
-2.065437469999999962e+02,-1.894875030000000038e+02,-3.351250000000000000e+02
-2.065437469999999962e+02,-1.899171905000000038e+02,-3.332500000000000000e+02
-2.069734344999999962e+02,-1.886281280000000038e+02,-3.382500000000000000e+02
-2.065437469999999962e+02,-1.890578155000000038e+02,-3.382500000000000000e+02
-2.065437469999999962e+02,-1.886281280000000038e+02,-3.388750000000000000e+02
-2.069734344999999962e+02,-1.886281280000000038e+02,-3.345000000000000000e+02
-2.065437469999999962e+02,-1.886281280000000038e+02,-3.351250000000000000e+02
-2.069734344999999962e+02,-1.886281280000000038e+02,-3.332500000000000000e+02
-2.065437469999999962e+02,-1.881984405000000038e+02,-3.470000000000000000e+02
-2.065437469999999962e+02,-1.877687530000000038e+02,-3.463750000000000000e+02
-2.065437469999999962e+02,-1.877687530000000038e+02,-3.388750000000000000e+02
-2.065437469999999962e+02,-1.881984405000000038e+02,-3.345000000000000000e+02
-2.065437469999999962e+02,-1.881984405000000038e+02,-3.332500000000000000e+02
-2.065437469999999962e+02,-1.869093780000000038e+02,-3.463750000000000000e+02
-2.069734344999999962e+02,-1.869093780000000038e+02,-3.420000000000000000e+02
-2.069734344999999962e+02,-1.869093780000000038e+02,-3.407500000000000000e+02
-2.065437469999999962e+02,-1.869093780000000038e+02,-3.401250000000000000e+02
-2.065437469999999962e+02,-1.873390655000000038e+02,-3.395000000000000000e+02
-2.065437469999999962e+02,-1.860500030000000038e+02,-3.463750000000000000e+02
-2.065437469999999962e+02,-1.864796905000000038e+02,-3.420000000000000000e+02
-2.065437469999999962e+02,-1.860500030000000038e+02,-3.426250000000000000e+02
-2.065437469999999962e+02,-1.864796905000000038e+02,-3.407500000000000000e+02
-2.065437469999999962e+02,-1.856203155000000038e+02,-3.457500000000000000e+02
-2.069734344999999962e+02,-1.851906280000000038e+02,-3.445000000000000000e+02
-2.065437469999999962e+02,-1.851906280000000038e+02,-3.451250000000000000e+02
-2.065437469999999962e+02,-1.851906280000000038e+02,-3.438750000000000000e+02
-2.065437469999999962e+02,-1.856203155000000038e+02,-3.432500000000000000e+02
-2.065437469999999962e+02,-1.847609405000000038e+02,-3.445000000000000000e+02
-2.056843719999999962e+02,-1.989406280000000038e+02,-3.426250000000000000e+02
-2.056843719999999962e+02,-1.993703155000000038e+02,-3.420000000000000000e+02
-2.056843719999999962e+02,-1.993703155000000038e+02,-3.407500000000000000e+02
-2.056843719999999962e+02,-1.989406280000000038e+02,-3.401250000000000000e+02
-2.056843719999999962e+02,-1.980812530000000038e+02,-3.451250000000000000e+02
-2.056843719999999962e+02,-1.985109405000000038e+02,-3.445000000000000000e+02
-2.056843719999999962e+02,-1.985109405000000038e+02,-3.432500000000000000e+02
-2.056843719999999962e+02,-1.985109405000000038e+02,-3.395000000000000000e+02
-2.056843719999999962e+02,-1.980812530000000038e+02,-3.388750000000000000e+02
-2.056843719999999962e+02,-1.972218780000000038e+02,-3.451250000000000000e+02
-2.056843719999999962e+02,-1.976515655000000038e+02,-3.382500000000000000e+02
-2.056843719999999962e+02,-1.976515655000000038e+02,-3.370000000000000000e+02
-2.056843719999999962e+02,-1.976515655000000038e+02,-3.357500000000000000e+02
-2.061140594999999962e+02,-1.972218780000000038e+02,-3.357500000000000000e+02
-2.056843719999999962e+02,-1.972218780000000038e+02,-3.351250000000000000e+02
-2.056843719999999962e+02,-1.963625030000000038e+02,-3.451250000000000000e+02
-2.056843719999999962e+02,-1.963625030000000038e+02,-3.351250000000000000e+02
-2.056843719999999962e+02,-1.959328155000000038e+02,-3.457500000000000000e+02
-2.056843719999999962e+02,-1.959328155000000038e+02,-3.470000000000000000e+02
-2.056843719999999962e+02,-1.959328155000000038e+02,-3.345000000000000000e+02
-2.056843719999999962e+02,-1.955031280000000038e+02,-3.338750000000000000e+02
-2.056843719999999962e+02,-1.946437530000000038e+02,-3.338750000000000000e+02
-2.056843719999999962e+02,-1.937843780000000038e+02,-3.338750000000000000e+02
-2.056843719999999962e+02,-1.929250030000000038e+02,-3.338750000000000000e+02
-2.056843719999999962e+02,-1.920656280000000038e+02,-3.338750000000000000e+02
-2.056843719999999962e+02,-1.912062530000000038e+02,-3.338750000000000000e+02
-2.061140594999999962e+02,-1.903468780000000038e+02,-3.357500000000000000e+02
-2.056843719999999962e+02,-1.903468780000000038e+02,-3.338750000000000000e+02
-2.056843719999999962e+02,-1.899171905000000038e+02,-3.370000000000000000e+02
-2.056843719999999962e+02,-1.894875030000000038e+02,-3.376250000000000000e+02
-2.056843719999999962e+02,-1.899171905000000038e+02,-3.357500000000000000e+02
-2.056843719999999962e+02,-1.894875030000000038e+02,-3.351250000000000000e+02
-2.061140594999999962e+02,-1.894875030000000038e+02,-3.332500000000000000e+02
-2.056843719999999962e+02,-1.894875030000000038e+02,-3.338750000000000000e+02
-2.056843719999999962e+02,-1.890578155000000038e+02,-3.382500000000000000e+02
-2.056843719999999962e+02,-1.886281280000000038e+02,-3.388750000000000000e+02
-2.056843719999999962e+02,-1.886281280000000038e+02,-3.351250000000000000e+02
-2.061140594999999962e+02,-1.886281280000000038e+02,-3.332500000000000000e+02
-2.056843719999999962e+02,-1.886281280000000038e+02,-3.338750000000000000e+02
-2.061140594999999962e+02,-1.877687530000000038e+02,-3.470000000000000000e+02
-2.056843719999999962e+02,-1.877687530000000038e+02,-3.388750000000000000e+02
-2.056843719999999962e+02,-1.881984405000000038e+02,-3.345000000000000000e+02
-2.056843719999999962e+02,-1.873390655000000038e+02,-3.470000000000000000e+02
-2.056843719999999962e+02,-1.869093780000000038e+02,-3.463750000000000000e+02
-2.056843719999999962e+02,-1.873390655000000038e+02,-3.395000000000000000e+02
-2.056843719999999962e+02,-1.869093780000000038e+02,-3.401250000000000000e+02
-2.056843719999999962e+02,-1.860500030000000038e+02,-3.463750000000000000e+02
-2.061140594999999962e+02,-1.860500030000000038e+02,-3.420000000000000000e+02
-2.056843719999999962e+02,-1.860500030000000038e+02,-3.413750000000000000e+02
-2.056843719999999962e+02,-1.864796905000000038e+02,-3.407500000000000000e+02
-2.056843719999999962e+02,-1.856203155000000038e+02,-3.457500000000000000e+02
-2.056843719999999962e+02,-1.851906280000000038e+02,-3.451250000000000000e+02
-2.056843719999999962e+02,-1.856203155000000038e+02,-3.432500000000000000e+02
-2.056843719999999962e+02,-1.851906280000000038e+02,-3.438750000000000000e+02
-2.056843719999999962e+02,-1.856203155000000038e+02,-3.420000000000000000e+02
-2.056843719999999962e+02,-1.847609405000000038e+02,-3.445000000000000000e+02
-2.048249969999999962e+02,-1.989406280000000038e+02,-3.426250000000000000e+02
-2.048249969999999962e+02,-1.993703155000000038e+02,-3.420000000000000000e+02
-2.048249969999999962e+02,-1.993703155000000038e+02,-3.407500000000000000e+02
-2.048249969999999962e+02,-1.989406280000000038e+02,-3.401250000000000000e+02
-2.048249969999999962e+02,-1.980812530000000038e+02,-3.451250000000000000e+02
-2.048249969999999962e+02,-1.985109405000000038e+02,-3.445000000000000000e+02
-2.048249969999999962e+02,-1.985109405000000038e+02,-3.432500000000000000e+02
-2.048249969999999962e+02,-1.985109405000000038e+02,-3.395000000000000000e+02
-2.048249969999999962e+02,-1.980812530000000038e+02,-3.388750000000000000e+02
-2.048249969999999962e+02,-1.972218780000000038e+02,-3.451250000000000000e+02
-2.048249969999999962e+02,-1.976515655000000038e+02,-3.382500000000000000e+02
-2.048249969999999962e+02,-1.976515655000000038e+02,-3.370000000000000000e+02
-2.048249969999999962e+02,-1.976515655000000038e+02,-3.357500000000000000e+02
-2.048249969999999962e+02,-1.972218780000000038e+02,-3.351250000000000000e+02
-2.048249969999999962e+02,-1.963625030000000038e+02,-3.451250000000000000e+02
-2.048249969999999962e+02,-1.963625030000000038e+02,-3.351250000000000000e+02
-2.048249969999999962e+02,-1.955031280000000038e+02,-3.463750000000000000e+02
-2.052546844999999962e+02,-1.955031280000000038e+02,-3.470000000000000000e+02
-2.048249969999999962e+02,-1.959328155000000038e+02,-3.457500000000000000e+02
-2.048249969999999962e+02,-1.959328155000000038e+02,-3.345000000000000000e+02
-2.048249969999999962e+02,-1.955031280000000038e+02,-3.338750000000000000e+02
-2.048249969999999962e+02,-1.950734405000000038e+02,-3.470000000000000000e+02
-2.048249969999999962e+02,-1.946437530000000038e+02,-3.338750000000000000e+02
-2.048249969999999962e+02,-1.937843780000000038e+02,-3.338750000000000000e+02
-2.048249969999999962e+02,-1.929250030000000038e+02,-3.338750000000000000e+02
-2.048249969999999962e+02,-1.920656280000000038e+02,-3.338750000000000000e+02
-2.048249969999999962e+02,-1.912062530000000038e+02,-3.338750000000000000e+02
-2.052546844999999962e+02,-1.903468780000000038e+02,-3.370000000000000000e+02
-2.048249969999999962e+02,-1.907765655000000038e+02,-3.370000000000000000e+02
-2.048249969999999962e+02,-1.903468780000000038e+02,-3.376250000000000000e+02
-2.048249969999999962e+02,-1.903468780000000038e+02,-3.363750000000000000e+02
-2.048249969999999962e+02,-1.903468780000000038e+02,-3.338750000000000000e+02
-2.048249969999999962e+02,-1.894875030000000038e+02,-3.376250000000000000e+02
-2.048249969999999962e+02,-1.899171905000000038e+02,-3.357500000000000000e+02
-2.052546844999999962e+02,-1.894875030000000038e+02,-3.345000000000000000e+02
-2.048249969999999962e+02,-1.899171905000000038e+02,-3.345000000000000000e+02
-2.048249969999999962e+02,-1.890578155000000038e+02,-3.382500000000000000e+02
-2.048249969999999962e+02,-1.886281280000000038e+02,-3.388750000000000000e+02
-2.048249969999999962e+02,-1.886281280000000038e+02,-3.351250000000000000e+02
-2.048249969999999962e+02,-1.890578155000000038e+02,-3.345000000000000000e+02
-2.048249969999999962e+02,-1.886281280000000038e+02,-3.338750000000000000e+02
-2.048249969999999962e+02,-1.881984405000000038e+02,-3.470000000000000000e+02
-2.052546844999999962e+02,-1.877687530000000038e+02,-3.470000000000000000e+02
-2.048249969999999962e+02,-1.877687530000000038e+02,-3.463750000000000000e+02
-2.052546844999999962e+02,-1.877687530000000038e+02,-3.395000000000000000e+02
-2.048249969999999962e+02,-1.881984405000000038e+02,-3.395000000000000000e+02
-2.048249969999999962e+02,-1.877687530000000038e+02,-3.401250000000000000e+02
-2.048249969999999962e+02,-1.881984405000000038e+02,-3.345000000000000000e+02
-2.048249969999999962e+02,-1.869093780000000038e+02,-3.463750000000000000e+02
-2.048249969999999962e+02,-1.869093780000000038e+02,-3.401250000000000000e+02
-2.048249969999999962e+02,-1.864796905000000038e+02,-3.457500000000000000e+02
-2.052546844999999962e+02,-1.860500030000000038e+02,-3.457500000000000000e+02
-2.048249969999999962e+02,-1.860500030000000038e+02,-3.451250000000000000e+02
-2.052546844999999962e+02,-1.860500030000000038e+02,-3.420000000000000000e+02
-2.048249969999999962e+02,-1.864796905000000038e+02,-3.420000000000000000e+02
-2.048249969999999962e+02,-1.860500030000000038e+02,-3.426250000000000000e+02
-2.048249969999999962e+02,-1.864796905000000038e+02,-3.407500000000000000e+02
-2.052546844999999962e+02,-1.851906280000000038e+02,-3.445000000000000000e+02
-2.048249969999999962e+02,-1.856203155000000038e+02,-3.445000000000000000e+02
-2.048249969999999962e+02,-1.856203155000000038e+02,-3.432500000000000000e+02
-2.043953094999999962e+02,-1.989406280000000038e+02,-3.445000000000000000e+02
-2.039656219999999962e+02,-1.989406280000000038e+02,-3.451250000000000000e+02
-2.039656219999999962e+02,-1.993703155000000038e+02,-3.445000000000000000e+02
-2.039656219999999962e+02,-1.989406280000000038e+02,-3.438750000000000000e+02
-2.039656219999999962e+02,-1.989406280000000038e+02,-3.426250000000000000e+02
-2.039656219999999962e+02,-1.993703155000000038e+02,-3.420000000000000000e+02
-2.039656219999999962e+02,-1.993703155000000038e+02,-3.407500000000000000e+02
-2.039656219999999962e+02,-1.989406280000000038e+02,-3.401250000000000000e+02
-2.039656219999999962e+02,-1.980812530000000038e+02,-3.451250000000000000e+02
-2.039656219999999962e+02,-1.985109405000000038e+02,-3.432500000000000000e+02
-2.043953094999999962e+02,-1.980812530000000038e+02,-3.395000000000000000e+02
-2.039656219999999962e+02,-1.980812530000000038e+02,-3.401250000000000000e+02
-2.039656219999999962e+02,-1.972218780000000038e+02,-3.451250000000000000e+02
-2.039656219999999962e+02,-1.976515655000000038e+02,-3.395000000000000000e+02
-2.039656219999999962e+02,-1.976515655000000038e+02,-3.382500000000000000e+02
-2.039656219999999962e+02,-1.976515655000000038e+02,-3.370000000000000000e+02
-2.039656219999999962e+02,-1.976515655000000038e+02,-3.357500000000000000e+02
-2.039656219999999962e+02,-1.972218780000000038e+02,-3.351250000000000000e+02
-2.039656219999999962e+02,-1.963625030000000038e+02,-3.451250000000000000e+02
-2.039656219999999962e+02,-1.963625030000000038e+02,-3.351250000000000000e+02
-2.043953094999999962e+02,-1.955031280000000038e+02,-3.457500000000000000e+02
-2.039656219999999962e+02,-1.955031280000000038e+02,-3.451250000000000000e+02
-2.043953094999999962e+02,-1.955031280000000038e+02,-3.345000000000000000e+02
-2.039656219999999962e+02,-1.955031280000000038e+02,-3.351250000000000000e+02
-2.043953094999999962e+02,-1.946437530000000038e+02,-3.470000000000000000e+02
-2.039656219999999962e+02,-1.946437530000000038e+02,-3.463750000000000000e+02
-2.039656219999999962e+02,-1.950734405000000038e+02,-3.457500000000000000e+02
-2.043953094999999962e+02,-1.946437530000000038e+02,-3.345000000000000000e+02
-2.039656219999999962e+02,-1.946437530000000038e+02,-3.351250000000000000e+02
-2.039656219999999962e+02,-1.942140655000000038e+02,-3.470000000000000000e+02
-2.043953094999999962e+02,-1.937843780000000038e+02,-3.345000000000000000e+02
-2.039656219999999962e+02,-1.937843780000000038e+02,-3.351250000000000000e+02
-2.043953094999999962e+02,-1.929250030000000038e+02,-3.345000000000000000e+02
-2.039656219999999962e+02,-1.929250030000000038e+02,-3.351250000000000000e+02
-2.043953094999999962e+02,-1.920656280000000038e+02,-3.345000000000000000e+02
-2.039656219999999962e+02,-1.920656280000000038e+02,-3.351250000000000000e+02
-2.043953094999999962e+02,-1.912062530000000038e+02,-3.345000000000000000e+02
-2.039656219999999962e+02,-1.912062530000000038e+02,-3.351250000000000000e+02
-2.039656219999999962e+02,-1.907765655000000038e+02,-3.370000000000000000e+02
-2.039656219999999962e+02,-1.903468780000000038e+02,-3.376250000000000000e+02
-2.043953094999999962e+02,-1.903468780000000038e+02,-3.357500000000000000e+02
-2.039656219999999962e+02,-1.907765655000000038e+02,-3.357500000000000000e+02
-2.043953094999999962e+02,-1.903468780000000038e+02,-3.345000000000000000e+02
-2.043953094999999962e+02,-1.894875030000000038e+02,-3.382500000000000000e+02
-2.039656219999999962e+02,-1.899171905000000038e+02,-3.382500000000000000e+02
-2.039656219999999962e+02,-1.894875030000000038e+02,-3.388750000000000000e+02
-2.039656219999999962e+02,-1.890578155000000038e+02,-3.470000000000000000e+02
-2.043953094999999962e+02,-1.886281280000000038e+02,-3.470000000000000000e+02
-2.039656219999999962e+02,-1.886281280000000038e+02,-3.463750000000000000e+02
-2.043953094999999962e+02,-1.886281280000000038e+02,-3.395000000000000000e+02
-2.039656219999999962e+02,-1.890578155000000038e+02,-3.395000000000000000e+02
-2.039656219999999962e+02,-1.886281280000000038e+02,-3.401250000000000000e+02
-2.043953094999999962e+02,-1.886281280000000038e+02,-3.345000000000000000e+02
-2.039656219999999962e+02,-1.877687530000000038e+02,-3.463750000000000000e+02
-2.039656219999999962e+02,-1.877687530000000038e+02,-3.401250000000000000e+02
-2.039656219999999962e+02,-1.869093780000000038e+02,-3.463750000000000000e+02
-2.039656219999999962e+02,-1.869093780000000038e+02,-3.401250000000000000e+02
-2.039656219999999962e+02,-1.864796905000000038e+02,-3.457500000000000000e+02
-2.039656219999999962e+02,-1.860500030000000038e+02,-3.451250000000000000e+02
-2.039656219999999962e+02,-1.864796905000000038e+02,-3.420000000000000000e+02
-2.039656219999999962e+02,-1.860500030000000038e+02,-3.426250000000000000e+02
-2.039656219999999962e+02,-1.864796905000000038e+02,-3.407500000000000000e+02
-2.039656219999999962e+02,-1.856203155000000038e+02,-3.445000000000000000e+02
-2.039656219999999962e+02,-1.856203155000000038e+02,-3.432500000000000000e+02
-2.031062469999999962e+02,-1.989406280000000038e+02,-3.451250000000000000e+02
-2.031062469999999962e+02,-1.993703155000000038e+02,-3.445000000000000000e+02
-2.031062469999999962e+02,-1.993703155000000038e+02,-3.432500000000000000e+02
-2.035359344999999962e+02,-1.989406280000000038e+02,-3.432500000000000000e+02
-2.031062469999999962e+02,-1.989406280000000038e+02,-3.426250000000000000e+02
-2.035359344999999962e+02,-1.989406280000000038e+02,-3.420000000000000000e+02
-2.035359344999999962e+02,-1.989406280000000038e+02,-3.407500000000000000e+02
-2.031062469999999962e+02,-1.980812530000000038e+02,-3.451250000000000000e+02
-2.031062469999999962e+02,-1.985109405000000038e+02,-3.420000000000000000e+02
-2.031062469999999962e+02,-1.985109405000000038e+02,-3.407500000000000000e+02
-2.031062469999999962e+02,-1.980812530000000038e+02,-3.401250000000000000e+02
-2.031062469999999962e+02,-1.972218780000000038e+02,-3.451250000000000000e+02
-2.031062469999999962e+02,-1.976515655000000038e+02,-3.395000000000000000e+02
-2.031062469999999962e+02,-1.976515655000000038e+02,-3.382500000000000000e+02
-2.035359344999999962e+02,-1.972218780000000038e+02,-3.370000000000000000e+02
-2.031062469999999962e+02,-1.972218780000000038e+02,-3.376250000000000000e+02
-2.031062469999999962e+02,-1.972218780000000038e+02,-3.363750000000000000e+02
-2.031062469999999962e+02,-1.976515655000000038e+02,-3.357500000000000000e+02
-2.031062469999999962e+02,-1.972218780000000038e+02,-3.351250000000000000e+02
-2.031062469999999962e+02,-1.963625030000000038e+02,-3.451250000000000000e+02
-2.031062469999999962e+02,-1.967921905000000038e+02,-3.370000000000000000e+02
-2.031062469999999962e+02,-1.963625030000000038e+02,-3.351250000000000000e+02
-2.031062469999999962e+02,-1.955031280000000038e+02,-3.451250000000000000e+02
-2.031062469999999962e+02,-1.955031280000000038e+02,-3.351250000000000000e+02
-2.035359344999999962e+02,-1.946437530000000038e+02,-3.457500000000000000e+02
-2.031062469999999962e+02,-1.946437530000000038e+02,-3.451250000000000000e+02
-2.031062469999999962e+02,-1.946437530000000038e+02,-3.351250000000000000e+02
-2.035359344999999962e+02,-1.937843780000000038e+02,-3.470000000000000000e+02
-2.031062469999999962e+02,-1.937843780000000038e+02,-3.463750000000000000e+02
-2.031062469999999962e+02,-1.942140655000000038e+02,-3.457500000000000000e+02
-2.031062469999999962e+02,-1.937843780000000038e+02,-3.351250000000000000e+02
-2.031062469999999962e+02,-1.933546905000000038e+02,-3.470000000000000000e+02
-2.031062469999999962e+02,-1.929250030000000038e+02,-3.351250000000000000e+02
-2.031062469999999962e+02,-1.920656280000000038e+02,-3.351250000000000000e+02
-2.031062469999999962e+02,-1.912062530000000038e+02,-3.351250000000000000e+02
-2.031062469999999962e+02,-1.907765655000000038e+02,-3.470000000000000000e+02
-2.035359344999999962e+02,-1.903468780000000038e+02,-3.470000000000000000e+02
-2.031062469999999962e+02,-1.903468780000000038e+02,-3.463750000000000000e+02
-2.031062469999999962e+02,-1.907765655000000038e+02,-3.370000000000000000e+02
-2.031062469999999962e+02,-1.903468780000000038e+02,-3.376250000000000000e+02
-2.031062469999999962e+02,-1.907765655000000038e+02,-3.357500000000000000e+02
-2.031062469999999962e+02,-1.894875030000000038e+02,-3.463750000000000000e+02
-2.035359344999999962e+02,-1.894875030000000038e+02,-3.470000000000000000e+02
-2.031062469999999962e+02,-1.899171905000000038e+02,-3.382500000000000000e+02
-2.031062469999999962e+02,-1.894875030000000038e+02,-3.388750000000000000e+02
-2.031062469999999962e+02,-1.886281280000000038e+02,-3.463750000000000000e+02
-2.031062469999999962e+02,-1.890578155000000038e+02,-3.395000000000000000e+02
-2.031062469999999962e+02,-1.886281280000000038e+02,-3.401250000000000000e+02
-2.031062469999999962e+02,-1.877687530000000038e+02,-3.463750000000000000e+02
-2.031062469999999962e+02,-1.877687530000000038e+02,-3.401250000000000000e+02
-2.031062469999999962e+02,-1.869093780000000038e+02,-3.463750000000000000e+02
-2.031062469999999962e+02,-1.869093780000000038e+02,-3.401250000000000000e+02
-2.031062469999999962e+02,-1.864796905000000038e+02,-3.457500000000000000e+02
-2.035359344999999962e+02,-1.860500030000000038e+02,-3.445000000000000000e+02
-2.031062469999999962e+02,-1.864796905000000038e+02,-3.445000000000000000e+02
-2.031062469999999962e+02,-1.860500030000000038e+02,-3.438750000000000000e+02
-2.031062469999999962e+02,-1.864796905000000038e+02,-3.420000000000000000e+02
-2.031062469999999962e+02,-1.860500030000000038e+02,-3.426250000000000000e+02
-2.031062469999999962e+02,-1.864796905000000038e+02,-3.407500000000000000e+02
-2.031062469999999962e+02,-1.856203155000000038e+02,-3.432500000000000000e+02
-2.022468719999999962e+02,-1.989406280000000038e+02,-3.451250000000000000e+02
-2.022468719999999962e+02,-1.993703155000000038e+02,-3.445000000000000000e+02
-2.022468719999999962e+02,-1.993703155000000038e+02,-3.432500000000000000e+02
-2.022468719999999962e+02,-1.989406280000000038e+02,-3.426250000000000000e+02
-2.022468719999999962e+02,-1.980812530000000038e+02,-3.451250000000000000e+02
-2.022468719999999962e+02,-1.985109405000000038e+02,-3.420000000000000000e+02
-2.026765594999999962e+02,-1.980812530000000038e+02,-3.407500000000000000e+02
-2.022468719999999962e+02,-1.980812530000000038e+02,-3.413750000000000000e+02
-2.022468719999999962e+02,-1.976515655000000038e+02,-3.445000000000000000e+02
-2.026765594999999962e+02,-1.972218780000000038e+02,-3.445000000000000000e+02
-2.022468719999999962e+02,-1.972218780000000038e+02,-3.438750000000000000e+02
-2.022468719999999962e+02,-1.976515655000000038e+02,-3.407500000000000000e+02
-2.026765594999999962e+02,-1.972218780000000038e+02,-3.395000000000000000e+02
-2.022468719999999962e+02,-1.972218780000000038e+02,-3.401250000000000000e+02
-2.026765594999999962e+02,-1.972218780000000038e+02,-3.382500000000000000e+02
-2.026765594999999962e+02,-1.972218780000000038e+02,-3.357500000000000000e+02
-2.026765594999999962e+02,-1.963625030000000038e+02,-3.445000000000000000e+02
-2.022468719999999962e+02,-1.963625030000000038e+02,-3.438750000000000000e+02
-2.022468719999999962e+02,-1.967921905000000038e+02,-3.395000000000000000e+02
-2.022468719999999962e+02,-1.963625030000000038e+02,-3.388750000000000000e+02
-2.026765594999999962e+02,-1.963625030000000038e+02,-3.382500000000000000e+02
-2.026765594999999962e+02,-1.963625030000000038e+02,-3.370000000000000000e+02
-2.026765594999999962e+02,-1.963625030000000038e+02,-3.357500000000000000e+02
-2.022468719999999962e+02,-1.955031280000000038e+02,-3.451250000000000000e+02
-2.022468719999999962e+02,-1.959328155000000038e+02,-3.445000000000000000e+02
-2.022468719999999962e+02,-1.959328155000000038e+02,-3.382500000000000000e+02
-2.022468719999999962e+02,-1.959328155000000038e+02,-3.370000000000000000e+02
-2.022468719999999962e+02,-1.955031280000000038e+02,-3.363750000000000000e+02
-2.026765594999999962e+02,-1.955031280000000038e+02,-3.357500000000000000e+02
-2.022468719999999962e+02,-1.946437530000000038e+02,-3.451250000000000000e+02
-2.026765594999999962e+02,-1.946437530000000038e+02,-3.357500000000000000e+02
-2.022468719999999962e+02,-1.946437530000000038e+02,-3.363750000000000000e+02
-2.022468719999999962e+02,-1.937843780000000038e+02,-3.463750000000000000e+02
-2.022468719999999962e+02,-1.942140655000000038e+02,-3.457500000000000000e+02
-2.026765594999999962e+02,-1.937843780000000038e+02,-3.357500000000000000e+02
-2.022468719999999962e+02,-1.937843780000000038e+02,-3.363750000000000000e+02
-2.026765594999999962e+02,-1.929250030000000038e+02,-3.470000000000000000e+02
-2.022468719999999962e+02,-1.929250030000000038e+02,-3.463750000000000000e+02
-2.026765594999999962e+02,-1.929250030000000038e+02,-3.357500000000000000e+02
-2.022468719999999962e+02,-1.929250030000000038e+02,-3.363750000000000000e+02
-2.022468719999999962e+02,-1.920656280000000038e+02,-3.463750000000000000e+02
-2.026765594999999962e+02,-1.920656280000000038e+02,-3.470000000000000000e+02
-2.026765594999999962e+02,-1.920656280000000038e+02,-3.445000000000000000e+02
-2.022468719999999962e+02,-1.924953155000000038e+02,-3.445000000000000000e+02
-2.022468719999999962e+02,-1.920656280000000038e+02,-3.451250000000000000e+02
-2.022468719999999962e+02,-1.920656280000000038e+02,-3.438750000000000000e+02
-2.022468719999999962e+02,-1.924953155000000038e+02,-3.357500000000000000e+02
-2.022468719999999962e+02,-1.920656280000000038e+02,-3.351250000000000000e+02
-2.022468719999999962e+02,-1.912062530000000038e+02,-3.463750000000000000e+02
-2.026765594999999962e+02,-1.912062530000000038e+02,-3.470000000000000000e+02
-2.022468719999999962e+02,-1.916359405000000038e+02,-3.445000000000000000e+02
-2.026765594999999962e+02,-1.912062530000000038e+02,-3.370000000000000000e+02
-2.022468719999999962e+02,-1.916359405000000038e+02,-3.370000000000000000e+02
-2.022468719999999962e+02,-1.912062530000000038e+02,-3.376250000000000000e+02
-2.022468719999999962e+02,-1.912062530000000038e+02,-3.363750000000000000e+02
-2.022468719999999962e+02,-1.912062530000000038e+02,-3.351250000000000000e+02
-2.026765594999999962e+02,-1.903468780000000038e+02,-3.457500000000000000e+02
-2.022468719999999962e+02,-1.907765655000000038e+02,-3.457500000000000000e+02
-2.022468719999999962e+02,-1.903468780000000038e+02,-3.451250000000000000e+02
-2.026765594999999962e+02,-1.903468780000000038e+02,-3.382500000000000000e+02
-2.022468719999999962e+02,-1.907765655000000038e+02,-3.382500000000000000e+02
-2.022468719999999962e+02,-1.903468780000000038e+02,-3.388750000000000000e+02
-2.022468719999999962e+02,-1.907765655000000038e+02,-3.357500000000000000e+02
-2.026765594999999962e+02,-1.894875030000000038e+02,-3.457500000000000000e+02
-2.022468719999999962e+02,-1.894875030000000038e+02,-3.451250000000000000e+02
-2.022468719999999962e+02,-1.894875030000000038e+02,-3.388750000000000000e+02
-2.026765594999999962e+02,-1.886281280000000038e+02,-3.457500000000000000e+02
-2.022468719999999962e+02,-1.886281280000000038e+02,-3.451250000000000000e+02
-2.022468719999999962e+02,-1.890578155000000038e+02,-3.395000000000000000e+02
-2.022468719999999962e+02,-1.886281280000000038e+02,-3.401250000000000000e+02
-2.026765594999999962e+02,-1.877687530000000038e+02,-3.457500000000000000e+02
-2.022468719999999962e+02,-1.877687530000000038e+02,-3.451250000000000000e+02
-2.022468719999999962e+02,-1.877687530000000038e+02,-3.401250000000000000e+02
-2.026765594999999962e+02,-1.869093780000000038e+02,-3.457500000000000000e+02
-2.022468719999999962e+02,-1.873390655000000038e+02,-3.445000000000000000e+02
-2.026765594999999962e+02,-1.869093780000000038e+02,-3.445000000000000000e+02
-2.022468719999999962e+02,-1.869093780000000038e+02,-3.438750000000000000e+02
-2.026765594999999962e+02,-1.869093780000000038e+02,-3.407500000000000000e+02
-2.022468719999999962e+02,-1.873390655000000038e+02,-3.407500000000000000e+02
-2.022468719999999962e+02,-1.869093780000000038e+02,-3.413750000000000000e+02
-2.026765594999999962e+02,-1.860500030000000038e+02,-3.432500000000000000e+02
-2.022468719999999962e+02,-1.864796905000000038e+02,-3.432500000000000000e+02
-2.022468719999999962e+02,-1.864796905000000038e+02,-3.420000000000000000e+02
-2.018171844999999962e+02,-1.989406280000000038e+02,-3.445000000000000000e+02
-2.018171844999999962e+02,-1.989406280000000038e+02,-3.432500000000000000e+02
-2.018171844999999962e+02,-1.980812530000000038e+02,-3.445000000000000000e+02
-2.018171844999999962e+02,-1.980812530000000038e+02,-3.432500000000000000e+02
-2.018171844999999962e+02,-1.980812530000000038e+02,-3.420000000000000000e+02
-2.018171844999999962e+02,-1.972218780000000038e+02,-3.432500000000000000e+02
-2.013874969999999962e+02,-1.972218780000000038e+02,-3.426250000000000000e+02
-2.013874969999999962e+02,-1.976515655000000038e+02,-3.420000000000000000e+02
-2.018171844999999962e+02,-1.972218780000000038e+02,-3.407500000000000000e+02
-2.013874969999999962e+02,-1.972218780000000038e+02,-3.413750000000000000e+02
-2.018171844999999962e+02,-1.963625030000000038e+02,-3.432500000000000000e+02
-2.013874969999999962e+02,-1.963625030000000038e+02,-3.426250000000000000e+02
-2.013874969999999962e+02,-1.967921905000000038e+02,-3.407500000000000000e+02
-2.018171844999999962e+02,-1.963625030000000038e+02,-3.395000000000000000e+02
-2.013874969999999962e+02,-1.963625030000000038e+02,-3.401250000000000000e+02
-2.018171844999999962e+02,-1.955031280000000038e+02,-3.445000000000000000e+02
-2.018171844999999962e+02,-1.955031280000000038e+02,-3.432500000000000000e+02
-2.013874969999999962e+02,-1.955031280000000038e+02,-3.426250000000000000e+02
-2.013874969999999962e+02,-1.959328155000000038e+02,-3.395000000000000000e+02
-2.018171844999999962e+02,-1.955031280000000038e+02,-3.382500000000000000e+02
-2.013874969999999962e+02,-1.955031280000000038e+02,-3.388750000000000000e+02
-2.018171844999999962e+02,-1.955031280000000038e+02,-3.370000000000000000e+02
-2.018171844999999962e+02,-1.946437530000000038e+02,-3.457500000000000000e+02
-2.013874969999999962e+02,-1.946437530000000038e+02,-3.463750000000000000e+02
-2.013874969999999962e+02,-1.950734405000000038e+02,-3.457500000000000000e+02
-2.013874969999999962e+02,-1.950734405000000038e+02,-3.445000000000000000e+02
-2.013874969999999962e+02,-1.950734405000000038e+02,-3.432500000000000000e+02
-2.013874969999999962e+02,-1.950734405000000038e+02,-3.382500000000000000e+02
-2.013874969999999962e+02,-1.946437530000000038e+02,-3.376250000000000000e+02
-2.018171844999999962e+02,-1.946437530000000038e+02,-3.370000000000000000e+02
-2.013874969999999962e+02,-1.937843780000000038e+02,-3.463750000000000000e+02
-2.018171844999999962e+02,-1.937843780000000038e+02,-3.370000000000000000e+02
-2.013874969999999962e+02,-1.937843780000000038e+02,-3.376250000000000000e+02
-2.013874969999999962e+02,-1.929250030000000038e+02,-3.463750000000000000e+02
-2.013874969999999962e+02,-1.933546905000000038e+02,-3.370000000000000000e+02
-2.013874969999999962e+02,-1.929250030000000038e+02,-3.363750000000000000e+02
-2.013874969999999962e+02,-1.920656280000000038e+02,-3.463750000000000000e+02
-2.013874969999999962e+02,-1.924953155000000038e+02,-3.445000000000000000e+02
-2.013874969999999962e+02,-1.920656280000000038e+02,-3.451250000000000000e+02
-2.013874969999999962e+02,-1.920656280000000038e+02,-3.438750000000000000e+02
-2.018171844999999962e+02,-1.920656280000000038e+02,-3.357500000000000000e+02
-2.013874969999999962e+02,-1.920656280000000038e+02,-3.363750000000000000e+02
-2.013874969999999962e+02,-1.916359405000000038e+02,-3.457500000000000000e+02
-2.018171844999999962e+02,-1.912062530000000038e+02,-3.457500000000000000e+02
-2.018171844999999962e+02,-1.912062530000000038e+02,-3.445000000000000000e+02
-2.013874969999999962e+02,-1.912062530000000038e+02,-3.438750000000000000e+02
-2.018171844999999962e+02,-1.912062530000000038e+02,-3.382500000000000000e+02
-2.013874969999999962e+02,-1.916359405000000038e+02,-3.382500000000000000e+02
-2.013874969999999962e+02,-1.912062530000000038e+02,-3.388750000000000000e+02
-2.013874969999999962e+02,-1.916359405000000038e+02,-3.370000000000000000e+02
-2.018171844999999962e+02,-1.912062530000000038e+02,-3.357500000000000000e+02
-2.013874969999999962e+02,-1.907765655000000038e+02,-3.445000000000000000e+02
-2.013874969999999962e+02,-1.903468780000000038e+02,-3.451250000000000000e+02
-2.013874969999999962e+02,-1.903468780000000038e+02,-3.388750000000000000e+02
-2.013874969999999962e+02,-1.894875030000000038e+02,-3.451250000000000000e+02
-2.013874969999999962e+02,-1.894875030000000038e+02,-3.388750000000000000e+02
-2.013874969999999962e+02,-1.886281280000000038e+02,-3.451250000000000000e+02
-2.018171844999999962e+02,-1.886281280000000038e+02,-3.395000000000000000e+02
-2.013874969999999962e+02,-1.886281280000000038e+02,-3.388750000000000000e+02
-2.013874969999999962e+02,-1.877687530000000038e+02,-3.451250000000000000e+02
-2.018171844999999962e+02,-1.877687530000000038e+02,-3.407500000000000000e+02
-2.013874969999999962e+02,-1.881984405000000038e+02,-3.407500000000000000e+02
-2.013874969999999962e+02,-1.877687530000000038e+02,-3.413750000000000000e+02
-2.013874969999999962e+02,-1.881984405000000038e+02,-3.395000000000000000e+02
-2.013874969999999962e+02,-1.873390655000000038e+02,-3.445000000000000000e+02
-2.013874969999999962e+02,-1.869093780000000038e+02,-3.438750000000000000e+02
-2.018171844999999962e+02,-1.869093780000000038e+02,-3.420000000000000000e+02
-2.013874969999999962e+02,-1.873390655000000038e+02,-3.420000000000000000e+02
-2.013874969999999962e+02,-1.869093780000000038e+02,-3.426250000000000000e+02
-2.013874969999999962e+02,-1.864796905000000038e+02,-3.432500000000000000e+02
-2.009578094999999962e+02,-1.972218780000000038e+02,-3.420000000000000000e+02
-2.009578094999999962e+02,-1.963625030000000038e+02,-3.420000000000000000e+02
-2.009578094999999962e+02,-1.963625030000000038e+02,-3.407500000000000000e+02
-2.009578094999999962e+02,-1.955031280000000038e+02,-3.420000000000000000e+02
-2.009578094999999962e+02,-1.955031280000000038e+02,-3.407500000000000000e+02
-2.009578094999999962e+02,-1.955031280000000038e+02,-3.395000000000000000e+02
-2.009578094999999962e+02,-1.946437530000000038e+02,-3.457500000000000000e+02
-2.009578094999999962e+02,-1.946437530000000038e+02,-3.445000000000000000e+02
-2.009578094999999962e+02,-1.946437530000000038e+02,-3.432500000000000000e+02
-2.009578094999999962e+02,-1.946437530000000038e+02,-3.420000000000000000e+02
-2.005281219999999962e+02,-1.946437530000000038e+02,-3.413750000000000000e+02
-2.005281219999999962e+02,-1.950734405000000038e+02,-3.407500000000000000e+02
-2.005281219999999962e+02,-1.946437530000000038e+02,-3.401250000000000000e+02
-2.009578094999999962e+02,-1.946437530000000038e+02,-3.395000000000000000e+02
-2.005281219999999962e+02,-1.950734405000000038e+02,-3.382500000000000000e+02
-2.005281219999999962e+02,-1.946437530000000038e+02,-3.388750000000000000e+02
-2.005281219999999962e+02,-1.946437530000000038e+02,-3.376250000000000000e+02
-2.009578094999999962e+02,-1.937843780000000038e+02,-3.457500000000000000e+02
-2.009578094999999962e+02,-1.937843780000000038e+02,-3.445000000000000000e+02
-2.005281219999999962e+02,-1.937843780000000038e+02,-3.438750000000000000e+02
-2.005281219999999962e+02,-1.942140655000000038e+02,-3.432500000000000000e+02
-2.005281219999999962e+02,-1.942140655000000038e+02,-3.420000000000000000e+02
-2.009578094999999962e+02,-1.937843780000000038e+02,-3.395000000000000000e+02
-2.005281219999999962e+02,-1.937843780000000038e+02,-3.401250000000000000e+02
-2.005281219999999962e+02,-1.937843780000000038e+02,-3.388750000000000000e+02
-2.005281219999999962e+02,-1.937843780000000038e+02,-3.376250000000000000e+02
-2.009578094999999962e+02,-1.929250030000000038e+02,-3.457500000000000000e+02
-2.009578094999999962e+02,-1.929250030000000038e+02,-3.445000000000000000e+02
-2.005281219999999962e+02,-1.929250030000000038e+02,-3.438750000000000000e+02
-2.009578094999999962e+02,-1.929250030000000038e+02,-3.395000000000000000e+02
-2.005281219999999962e+02,-1.929250030000000038e+02,-3.401250000000000000e+02
-2.005281219999999962e+02,-1.933546905000000038e+02,-3.382500000000000000e+02
-2.009578094999999962e+02,-1.929250030000000038e+02,-3.382500000000000000e+02
-2.009578094999999962e+02,-1.929250030000000038e+02,-3.370000000000000000e+02
-2.009578094999999962e+02,-1.920656280000000038e+02,-3.457500000000000000e+02
-2.005281219999999962e+02,-1.920656280000000038e+02,-3.438750000000000000e+02
-2.009578094999999962e+02,-1.920656280000000038e+02,-3.395000000000000000e+02
-2.005281219999999962e+02,-1.920656280000000038e+02,-3.401250000000000000e+02
-2.009578094999999962e+02,-1.920656280000000038e+02,-3.382500000000000000e+02
-2.009578094999999962e+02,-1.920656280000000038e+02,-3.370000000000000000e+02
-2.005281219999999962e+02,-1.912062530000000038e+02,-3.438750000000000000e+02
-2.005281219999999962e+02,-1.916359405000000038e+02,-3.395000000000000000e+02
-2.005281219999999962e+02,-1.912062530000000038e+02,-3.388750000000000000e+02
-2.009578094999999962e+02,-1.903468780000000038e+02,-3.445000000000000000e+02
-2.005281219999999962e+02,-1.903468780000000038e+02,-3.438750000000000000e+02
-2.005281219999999962e+02,-1.903468780000000038e+02,-3.388750000000000000e+02
-2.009578094999999962e+02,-1.894875030000000038e+02,-3.445000000000000000e+02
-2.005281219999999962e+02,-1.894875030000000038e+02,-3.438750000000000000e+02
-2.005281219999999962e+02,-1.894875030000000038e+02,-3.388750000000000000e+02
-2.009578094999999962e+02,-1.886281280000000038e+02,-3.445000000000000000e+02
-2.005281219999999962e+02,-1.886281280000000038e+02,-3.438750000000000000e+02
-2.005281219999999962e+02,-1.886281280000000038e+02,-3.388750000000000000e+02
-2.009578094999999962e+02,-1.877687530000000038e+02,-3.445000000000000000e+02
-2.005281219999999962e+02,-1.877687530000000038e+02,-3.438750000000000000e+02
-2.009578094999999962e+02,-1.877687530000000038e+02,-3.420000000000000000e+02
-2.005281219999999962e+02,-1.881984405000000038e+02,-3.420000000000000000e+02
-2.005281219999999962e+02,-1.877687530000000038e+02,-3.426250000000000000e+02
-2.005281219999999962e+02,-1.881984405000000038e+02,-3.407500000000000000e+02
-2.005281219999999962e+02,-1.881984405000000038e+02,-3.395000000000000000e+02
-2.009578094999999962e+02,-1.869093780000000038e+02,-3.432500000000000000e+02
-2.005281219999999962e+02,-1.873390655000000038e+02,-3.432500000000000000e+02
-2.000984344999999962e+02,-1.946437530000000038e+02,-3.407500000000000000e+02
-2.000984344999999962e+02,-1.946437530000000038e+02,-3.382500000000000000e+02
-2.000984344999999962e+02,-1.937843780000000038e+02,-3.432500000000000000e+02
-2.000984344999999962e+02,-1.937843780000000038e+02,-3.420000000000000000e+02
-2.000984344999999962e+02,-1.937843780000000038e+02,-3.407500000000000000e+02
-2.000984344999999962e+02,-1.937843780000000038e+02,-3.382500000000000000e+02
-2.000984344999999962e+02,-1.929250030000000038e+02,-3.432500000000000000e+02
-2.000984344999999962e+02,-1.929250030000000038e+02,-3.420000000000000000e+02
-2.000984344999999962e+02,-1.929250030000000038e+02,-3.407500000000000000e+02
-2.000984344999999962e+02,-1.920656280000000038e+02,-3.432500000000000000e+02
-1.996687469999999962e+02,-1.920656280000000038e+02,-3.426250000000000000e+02
-1.996687469999999962e+02,-1.924953155000000038e+02,-3.420000000000000000e+02
-1.996687469999999962e+02,-1.920656280000000038e+02,-3.413750000000000000e+02
-2.000984344999999962e+02,-1.920656280000000038e+02,-3.407500000000000000e+02
-2.000984344999999962e+02,-1.912062530000000038e+02,-3.432500000000000000e+02
-1.996687469999999962e+02,-1.912062530000000038e+02,-3.426250000000000000e+02
-1.996687469999999962e+02,-1.916359405000000038e+02,-3.407500000000000000e+02
-1.996687469999999962e+02,-1.916359405000000038e+02,-3.395000000000000000e+02
-1.996687469999999962e+02,-1.912062530000000038e+02,-3.388750000000000000e+02
-2.000984344999999962e+02,-1.903468780000000038e+02,-3.432500000000000000e+02
-1.996687469999999962e+02,-1.903468780000000038e+02,-3.426250000000000000e+02
-1.996687469999999962e+02,-1.903468780000000038e+02,-3.388750000000000000e+02
-2.000984344999999962e+02,-1.894875030000000038e+02,-3.432500000000000000e+02
-1.996687469999999962e+02,-1.894875030000000038e+02,-3.426250000000000000e+02
-2.000984344999999962e+02,-1.894875030000000038e+02,-3.395000000000000000e+02
-1.996687469999999962e+02,-1.899171905000000038e+02,-3.395000000000000000e+02
-1.996687469999999962e+02,-1.894875030000000038e+02,-3.401250000000000000e+02
-2.000984344999999962e+02,-1.886281280000000038e+02,-3.432500000000000000e+02
-1.996687469999999962e+02,-1.890578155000000038e+02,-3.420000000000000000e+02
-2.000984344999999962e+02,-1.886281280000000038e+02,-3.420000000000000000e+02
-2.000984344999999962e+02,-1.886281280000000038e+02,-3.407500000000000000e+02
-1.996687469999999962e+02,-1.890578155000000038e+02,-3.407500000000000000e+02
-2.000984344999999962e+02,-1.886281280000000038e+02,-3.395000000000000000e+02
-2.000984344999999962e+02,-1.877687530000000038e+02,-3.432500000000000000e+02
-1.992390594999999962e+02,-1.920656280000000038e+02,-3.420000000000000000e+02
-1.992390594999999962e+02,-1.912062530000000038e+02,-3.420000000000000000e+02
-1.992390594999999962e+02,-1.912062530000000038e+02,-3.407500000000000000e+02
-1.992390594999999962e+02,-1.912062530000000038e+02,-3.395000000000000000e+02
-1.992390594999999962e+02,-1.903468780000000038e+02,-3.420000000000000000e+02
-1.992390594999999962e+02,-1.903468780000000038e+02,-3.407500000000000000e+02
-1.992390594999999962e+02,-1.903468780000000038e+02,-3.395000000000000000e+02
-1.992390594999999962e+02,-1.894875030000000038e+02,-3.420000000000000000e+02
-1.992390594999999962e+02,-1.894875030000000038e+02,-3.407500000000000000e+02
