-1.803125000000000000e+02,-1.835937500000000000e+02,-2.633750000000000000e+02
-1.705468750000000000e+02,-1.859375000000000000e+02,-2.665000000000000000e+02
-1.783593750000000000e+02,-1.945312500000000000e+02,-2.677500000000000000e+02
-1.732812500000000000e+02,-1.808593750000000000e+02,-2.715000000000000000e+02
-1.732812500000000000e+02,-1.789062500000000000e+02,-2.671250000000000000e+02
-1.783593750000000000e+02,-1.968750000000000000e+02,-2.715000000000000000e+02
-1.685937500000000000e+02,-1.867187500000000000e+02,-2.671250000000000000e+02
-1.728906250000000000e+02,-1.953125000000000000e+02,-2.727500000000000000e+02
-1.771875000000000000e+02,-1.960937500000000000e+02,-2.658750000000000000e+02
-1.818750000000000000e+02,-1.839843750000000000e+02,-2.665000000000000000e+02
-1.764062500000000000e+02,-1.820312500000000000e+02,-2.633750000000000000e+02
-1.814843750000000000e+02,-1.835937500000000000e+02,-2.690000000000000000e+02
-1.725000000000000000e+02,-1.945312500000000000e+02,-2.633750000000000000e+02
-1.795312500000000000e+02,-1.875000000000000000e+02,-2.721250000000000000e+02
-1.803125000000000000e+02,-1.859375000000000000e+02,-2.721250000000000000e+02
-1.787500000000000000e+02,-1.984375000000000000e+02,-2.658750000000000000e+02
-1.685937500000000000e+02,-1.910156250000000000e+02,-2.702500000000000000e+02
-1.818750000000000000e+02,-1.851562500000000000e+02,-2.633750000000000000e+02
-1.799218750000000000e+02,-1.812500000000000000e+02,-2.652500000000000000e+02
-1.818750000000000000e+02,-1.843750000000000000e+02,-2.646250000000000000e+02
-1.717187500000000000e+02,-1.835937500000000000e+02,-2.721250000000000000e+02
-1.764062500000000000e+02,-1.972656250000000000e+02,-2.727500000000000000e+02
-1.713281250000000000e+02,-1.968750000000000000e+02,-2.640000000000000000e+02
-1.728906250000000000e+02,-1.812500000000000000e+02,-2.702500000000000000e+02
-1.810937500000000000e+02,-1.867187500000000000e+02,-2.633750000000000000e+02
-1.736718750000000000e+02,-1.804687500000000000e+02,-2.640000000000000000e+02
-1.732812500000000000e+02,-1.796875000000000000e+02,-2.683750000000000000e+02
-1.764062500000000000e+02,-1.796875000000000000e+02,-2.683750000000000000e+02
-1.721093750000000000e+02,-1.875000000000000000e+02,-2.690000000000000000e+02
-1.693750000000000000e+02,-1.839843750000000000e+02,-2.677500000000000000e+02
-1.756250000000000000e+02,-1.976562500000000000e+02,-2.721250000000000000e+02
-1.830468750000000000e+02,-1.875000000000000000e+02,-2.665000000000000000e+02
-1.822656250000000000e+02,-1.859375000000000000e+02,-2.640000000000000000e+02
-1.709375000000000000e+02,-1.804687500000000000e+02,-2.683750000000000000e+02
-1.725000000000000000e+02,-1.972656250000000000e+02,-2.665000000000000000e+02
-1.818750000000000000e+02,-1.953125000000000000e+02,-2.696250000000000000e+02
-1.717187500000000000e+02,-1.875000000000000000e+02,-2.721250000000000000e+02
-1.701562500000000000e+02,-1.960937500000000000e+02,-2.658750000000000000e+02
-1.748437500000000000e+02,-1.953125000000000000e+02,-2.683750000000000000e+02
-1.803125000000000000e+02,-1.925781250000000000e+02,-2.702500000000000000e+02
-1.795312500000000000e+02,-1.789062500000000000e+02,-2.646250000000000000e+02
-1.779687500000000000e+02,-1.773437500000000000e+02,-2.646250000000000000e+02
-1.725000000000000000e+02,-1.843750000000000000e+02,-2.683750000000000000e+02
-1.764062500000000000e+02,-1.804687500000000000e+02,-2.708750000000000000e+02
-1.764062500000000000e+02,-1.964843750000000000e+02,-2.652500000000000000e+02
-1.834375000000000000e+02,-1.898437500000000000e+02,-2.683750000000000000e+02
-1.803125000000000000e+02,-1.945312500000000000e+02,-2.721250000000000000e+02
-1.748437500000000000e+02,-1.890625000000000000e+02,-2.633750000000000000e+02
-1.717187500000000000e+02,-1.867187500000000000e+02,-2.696250000000000000e+02
-1.787500000000000000e+02,-1.851562500000000000e+02,-2.721250000000000000e+02
-1.795312500000000000e+02,-1.835937500000000000e+02,-2.633750000000000000e+02
-1.748437500000000000e+02,-1.773437500000000000e+02,-2.671250000000000000e+02
-1.756250000000000000e+02,-1.804687500000000000e+02,-2.696250000000000000e+02
-1.701562500000000000e+02,-1.937500000000000000e+02,-2.696250000000000000e+02
-1.799218750000000000e+02,-1.796875000000000000e+02,-2.652500000000000000e+02
-1.756250000000000000e+02,-1.804687500000000000e+02,-2.633750000000000000e+02
-1.689843750000000000e+02,-1.871093750000000000e+02,-2.671250000000000000e+02
-1.725000000000000000e+02,-1.785156250000000000e+02,-2.677500000000000000e+02
-1.810937500000000000e+02,-1.851562500000000000e+02,-2.633750000000000000e+02
-1.787500000000000000e+02,-1.960937500000000000e+02,-2.708750000000000000e+02
-1.834375000000000000e+02,-1.875000000000000000e+02,-2.671250000000000000e+02
-1.725000000000000000e+02,-1.812500000000000000e+02,-2.671250000000000000e+02
-1.748437500000000000e+02,-1.785156250000000000e+02,-2.652500000000000000e+02
-1.795312500000000000e+02,-1.953125000000000000e+02,-2.671250000000000000e+02
-1.732812500000000000e+02,-1.949218750000000000e+02,-2.690000000000000000e+02
-1.717187500000000000e+02,-1.960937500000000000e+02,-2.708750000000000000e+02
-1.725000000000000000e+02,-1.859375000000000000e+02,-2.683750000000000000e+02
-1.756250000000000000e+02,-1.968750000000000000e+02,-2.646250000000000000e+02
-1.701562500000000000e+02,-1.843750000000000000e+02,-2.721250000000000000e+02
-1.818750000000000000e+02,-1.906250000000000000e+02,-2.633750000000000000e+02
-1.799218750000000000e+02,-1.796875000000000000e+02,-2.665000000000000000e+02
-1.807031250000000000e+02,-1.882812500000000000e+02,-2.627500000000000000e+02
-1.795312500000000000e+02,-1.914062500000000000e+02,-2.721250000000000000e+02
-1.732812500000000000e+02,-1.835937500000000000e+02,-2.683750000000000000e+02
-1.756250000000000000e+02,-1.820312500000000000e+02,-2.696250000000000000e+02
-1.803125000000000000e+02,-1.816406250000000000e+02,-2.665000000000000000e+02
-1.678125000000000000e+02,-1.937500000000000000e+02,-2.658750000000000000e+02
-1.732812500000000000e+02,-1.968750000000000000e+02,-2.633750000000000000e+02
-1.814843750000000000e+02,-1.890625000000000000e+02,-2.690000000000000000e+02
-1.834375000000000000e+02,-1.851562500000000000e+02,-2.683750000000000000e+02
-1.662500000000000000e+02,-1.898437500000000000e+02,-2.708750000000000000e+02
-1.814843750000000000e+02,-1.929687500000000000e+02,-2.715000000000000000e+02
-1.685937500000000000e+02,-1.882812500000000000e+02,-2.671250000000000000e+02
-1.732812500000000000e+02,-1.832031250000000000e+02,-2.640000000000000000e+02
-1.740625000000000000e+02,-1.851562500000000000e+02,-2.721250000000000000e+02
-1.717187500000000000e+02,-1.968750000000000000e+02,-2.633750000000000000e+02
-1.725000000000000000e+02,-1.816406250000000000e+02,-2.702500000000000000e+02
-1.678125000000000000e+02,-1.937500000000000000e+02,-2.721250000000000000e+02
-1.709375000000000000e+02,-1.968750000000000000e+02,-2.646250000000000000e+02
-1.728906250000000000e+02,-1.992187500000000000e+02,-2.652500000000000000e+02
-1.709375000000000000e+02,-1.835937500000000000e+02,-2.721250000000000000e+02
-1.709375000000000000e+02,-1.855468750000000000e+02,-2.665000000000000000e+02
-1.842187500000000000e+02,-1.945312500000000000e+02,-2.683750000000000000e+02
-1.814843750000000000e+02,-1.898437500000000000e+02,-2.690000000000000000e+02
-1.810937500000000000e+02,-1.972656250000000000e+02,-2.665000000000000000e+02
-1.701562500000000000e+02,-1.921875000000000000e+02,-2.671250000000000000e+02
-1.834375000000000000e+02,-1.953125000000000000e+02,-2.696250000000000000e+02
-1.685937500000000000e+02,-1.898437500000000000e+02,-2.646250000000000000e+02
-1.693750000000000000e+02,-1.867187500000000000e+02,-2.696250000000000000e+02
-1.775781250000000000e+02,-1.789062500000000000e+02,-2.640000000000000000e+02
-1.740625000000000000e+02,-1.976562500000000000e+02,-2.671250000000000000e+02
-1.810937500000000000e+02,-1.832031250000000000e+02,-2.652500000000000000e+02
-1.799218750000000000e+02,-1.890625000000000000e+02,-2.715000000000000000e+02
-1.717187500000000000e+02,-1.875000000000000000e+02,-2.683750000000000000e+02
-1.807031250000000000e+02,-1.929687500000000000e+02,-2.640000000000000000e+02
-1.826562500000000000e+02,-1.878906250000000000e+02,-2.690000000000000000e+02
-1.795312500000000000e+02,-1.867187500000000000e+02,-2.721250000000000000e+02
-1.701562500000000000e+02,-1.843750000000000000e+02,-2.683750000000000000e+02
-1.822656250000000000e+02,-1.843750000000000000e+02,-2.690000000000000000e+02
-1.779687500000000000e+02,-1.882812500000000000e+02,-2.721250000000000000e+02
-1.756250000000000000e+02,-1.828125000000000000e+02,-2.633750000000000000e+02
-1.748437500000000000e+02,-1.835937500000000000e+02,-2.696250000000000000e+02
-1.748437500000000000e+02,-1.781250000000000000e+02,-2.671250000000000000e+02
-1.830468750000000000e+02,-1.929687500000000000e+02,-2.652500000000000000e+02
-1.752343750000000000e+02,-1.781250000000000000e+02,-2.652500000000000000e+02
-1.717187500000000000e+02,-1.945312500000000000e+02,-2.721250000000000000e+02
-1.830468750000000000e+02,-1.875000000000000000e+02,-2.690000000000000000e+02
-1.803125000000000000e+02,-1.835937500000000000e+02,-2.696250000000000000e+02
-1.767968750000000000e+02,-1.984375000000000000e+02,-2.715000000000000000e+02
-1.779687500000000000e+02,-1.843750000000000000e+02,-2.721250000000000000e+02
-1.818750000000000000e+02,-1.890625000000000000e+02,-2.633750000000000000e+02
-1.740625000000000000e+02,-1.882812500000000000e+02,-2.633750000000000000e+02
-1.771875000000000000e+02,-1.984375000000000000e+02,-2.658750000000000000e+02
-1.787500000000000000e+02,-1.976562500000000000e+02,-2.671250000000000000e+02
-1.795312500000000000e+02,-1.929687500000000000e+02,-2.633750000000000000e+02
-1.795312500000000000e+02,-1.921875000000000000e+02,-2.633750000000000000e+02
-1.764062500000000000e+02,-1.820312500000000000e+02,-2.708750000000000000e+02
-1.697656250000000000e+02,-1.929687500000000000e+02,-2.702500000000000000e+02
-1.717187500000000000e+02,-1.812500000000000000e+02,-2.671250000000000000e+02
-1.709375000000000000e+02,-1.917968750000000000e+02,-2.677500000000000000e+02
-1.771875000000000000e+02,-1.964843750000000000e+02,-2.640000000000000000e+02
-1.725000000000000000e+02,-1.882812500000000000e+02,-2.633750000000000000e+02
-1.752343750000000000e+02,-1.882812500000000000e+02,-2.627500000000000000e+02
-1.744531250000000000e+02,-1.804687500000000000e+02,-2.702500000000000000e+02
-1.721093750000000000e+02,-1.851562500000000000e+02,-2.640000000000000000e+02
-1.662500000000000000e+02,-1.906250000000000000e+02,-2.708750000000000000e+02
-1.670312500000000000e+02,-1.898437500000000000e+02,-2.708750000000000000e+02
-1.717187500000000000e+02,-1.976562500000000000e+02,-2.646250000000000000e+02
-1.779687500000000000e+02,-1.960937500000000000e+02,-2.671250000000000000e+02
-1.799218750000000000e+02,-1.937500000000000000e+02,-2.690000000000000000e+02
-1.810937500000000000e+02,-1.820312500000000000e+02,-2.646250000000000000e+02
-1.787500000000000000e+02,-1.843750000000000000e+02,-2.633750000000000000e+02
-1.787500000000000000e+02,-1.847656250000000000e+02,-2.627500000000000000e+02
-1.818750000000000000e+02,-1.937500000000000000e+02,-2.696250000000000000e+02
-1.760156250000000000e+02,-1.820312500000000000e+02,-2.690000000000000000e+02
-1.713281250000000000e+02,-1.929687500000000000e+02,-2.677500000000000000e+02
-1.810937500000000000e+02,-1.847656250000000000e+02,-2.702500000000000000e+02
-1.787500000000000000e+02,-1.949218750000000000e+02,-2.727500000000000000e+02
-1.818750000000000000e+02,-1.898437500000000000e+02,-2.708750000000000000e+02
-1.756250000000000000e+02,-1.937500000000000000e+02,-2.633750000000000000e+02
-1.834375000000000000e+02,-1.859375000000000000e+02,-2.683750000000000000e+02
-1.709375000000000000e+02,-1.800781250000000000e+02,-2.677500000000000000e+02
-1.725000000000000000e+02,-1.984375000000000000e+02,-2.658750000000000000e+02
-1.693750000000000000e+02,-1.898437500000000000e+02,-2.721250000000000000e+02
-1.701562500000000000e+02,-1.914062500000000000e+02,-2.721250000000000000e+02
-1.818750000000000000e+02,-1.886718750000000000e+02,-2.690000000000000000e+02
-1.787500000000000000e+02,-1.910156250000000000e+02,-2.627500000000000000e+02
-1.693750000000000000e+02,-1.882812500000000000e+02,-2.646250000000000000e+02
-1.709375000000000000e+02,-1.929687500000000000e+02,-2.721250000000000000e+02
-1.670312500000000000e+02,-1.914062500000000000e+02,-2.721250000000000000e+02
-1.693750000000000000e+02,-1.898437500000000000e+02,-2.646250000000000000e+02
-1.795312500000000000e+02,-1.800781250000000000e+02,-2.677500000000000000e+02
-1.705468750000000000e+02,-1.890625000000000000e+02,-2.640000000000000000e+02
-1.810937500000000000e+02,-1.914062500000000000e+02,-2.633750000000000000e+02
-1.725000000000000000e+02,-1.851562500000000000e+02,-2.721250000000000000e+02
-1.822656250000000000e+02,-1.859375000000000000e+02,-2.652500000000000000e+02
-1.779687500000000000e+02,-1.789062500000000000e+02,-2.671250000000000000e+02
-1.756250000000000000e+02,-1.964843750000000000e+02,-2.677500000000000000e+02
-1.775781250000000000e+02,-1.890625000000000000e+02,-2.727500000000000000e+02
-1.822656250000000000e+02,-1.867187500000000000e+02,-2.702500000000000000e+02
-1.791406250000000000e+02,-1.812500000000000000e+02,-2.690000000000000000e+02
-1.787500000000000000e+02,-1.773437500000000000e+02,-2.658750000000000000e+02
-1.693750000000000000e+02,-1.835937500000000000e+02,-2.708750000000000000e+02
-1.701562500000000000e+02,-1.875000000000000000e+02,-2.696250000000000000e+02
-1.803125000000000000e+02,-1.867187500000000000e+02,-2.721250000000000000e+02
-1.717187500000000000e+02,-1.851562500000000000e+02,-2.696250000000000000e+02
-1.725000000000000000e+02,-1.960937500000000000e+02,-2.721250000000000000e+02
-1.756250000000000000e+02,-1.828125000000000000e+02,-2.696250000000000000e+02
-1.740625000000000000e+02,-1.777343750000000000e+02,-2.677500000000000000e+02
-1.713281250000000000e+02,-1.968750000000000000e+02,-2.665000000000000000e+02
-1.752343750000000000e+02,-1.835937500000000000e+02,-2.690000000000000000e+02
-1.756250000000000000e+02,-1.953125000000000000e+02,-2.708750000000000000e+02
-1.748437500000000000e+02,-1.976562500000000000e+02,-2.671250000000000000e+02
-1.685937500000000000e+02,-1.886718750000000000e+02,-2.690000000000000000e+02
-1.717187500000000000e+02,-1.921875000000000000e+02,-2.633750000000000000e+02
-1.748437500000000000e+02,-1.839843750000000000e+02,-2.690000000000000000e+02
-1.838281250000000000e+02,-1.882812500000000000e+02,-2.677500000000000000e+02
-1.814843750000000000e+02,-1.820312500000000000e+02,-2.677500000000000000e+02
-1.732812500000000000e+02,-1.796875000000000000e+02,-2.671250000000000000e+02
-1.685937500000000000e+02,-1.921875000000000000e+02,-2.721250000000000000e+02
-1.787500000000000000e+02,-1.796875000000000000e+02,-2.633750000000000000e+02
-1.771875000000000000e+02,-1.789062500000000000e+02,-2.633750000000000000e+02
-1.787500000000000000e+02,-1.914062500000000000e+02,-2.721250000000000000e+02
-1.740625000000000000e+02,-1.996093750000000000e+02,-2.652500000000000000e+02
-1.693750000000000000e+02,-1.867187500000000000e+02,-2.646250000000000000e+02
-1.830468750000000000e+02,-1.921875000000000000e+02,-2.690000000000000000e+02
-1.826562500000000000e+02,-1.882812500000000000e+02,-2.696250000000000000e+02
-1.771875000000000000e+02,-1.968750000000000000e+02,-2.708750000000000000e+02
-1.756250000000000000e+02,-1.960937500000000000e+02,-2.708750000000000000e+02
-1.799218750000000000e+02,-1.984375000000000000e+02,-2.665000000000000000e+02
-1.725000000000000000e+02,-1.871093750000000000e+02,-2.690000000000000000e+02
-1.818750000000000000e+02,-1.917968750000000000e+02,-2.640000000000000000e+02
-1.814843750000000000e+02,-1.914062500000000000e+02,-2.715000000000000000e+02
-1.756250000000000000e+02,-1.984375000000000000e+02,-2.708750000000000000e+02
-1.670312500000000000e+02,-1.898437500000000000e+02,-2.721250000000000000e+02
-1.709375000000000000e+02,-1.917968750000000000e+02,-2.690000000000000000e+02
-1.838281250000000000e+02,-1.859375000000000000e+02,-2.677500000000000000e+02
-1.830468750000000000e+02,-1.859375000000000000e+02,-2.690000000000000000e+02
-1.764062500000000000e+02,-1.988281250000000000e+02,-2.715000000000000000e+02
-1.756250000000000000e+02,-1.781250000000000000e+02,-2.646250000000000000e+02
-1.818750000000000000e+02,-1.945312500000000000e+02,-2.646250000000000000e+02
-1.646875000000000000e+02,-1.914062500000000000e+02,-2.708750000000000000e+02
-1.779687500000000000e+02,-1.914062500000000000e+02,-2.633750000000000000e+02
-1.810937500000000000e+02,-1.875000000000000000e+02,-2.633750000000000000e+02
-1.795312500000000000e+02,-1.925781250000000000e+02,-2.702500000000000000e+02
-1.725000000000000000e+02,-1.828125000000000000e+02,-2.671250000000000000e+02
-1.803125000000000000e+02,-1.824218750000000000e+02,-2.690000000000000000e+02
-1.678125000000000000e+02,-1.898437500000000000e+02,-2.658750000000000000e+02
-1.646875000000000000e+02,-1.910156250000000000e+02,-2.715000000000000000e+02
-1.838281250000000000e+02,-1.937500000000000000e+02,-2.690000000000000000e+02
-1.795312500000000000e+02,-1.851562500000000000e+02,-2.721250000000000000e+02
-1.740625000000000000e+02,-1.906250000000000000e+02,-2.633750000000000000e+02
-1.740625000000000000e+02,-1.843750000000000000e+02,-2.696250000000000000e+02
-1.717187500000000000e+02,-1.820312500000000000e+02,-2.708750000000000000e+02
-1.678125000000000000e+02,-1.875000000000000000e+02,-2.696250000000000000e+02
-1.744531250000000000e+02,-1.953125000000000000e+02,-2.702500000000000000e+02
-1.756250000000000000e+02,-1.781250000000000000e+02,-2.683750000000000000e+02
-1.787500000000000000e+02,-1.820312500000000000e+02,-2.696250000000000000e+02
-1.717187500000000000e+02,-1.812500000000000000e+02,-2.683750000000000000e+02
-1.693750000000000000e+02,-1.906250000000000000e+02,-2.633750000000000000e+02
-1.764062500000000000e+02,-1.992187500000000000e+02,-2.658750000000000000e+02
-1.756250000000000000e+02,-1.968750000000000000e+02,-2.708750000000000000e+02
-1.732812500000000000e+02,-1.835937500000000000e+02,-2.633750000000000000e+02
-1.709375000000000000e+02,-1.945312500000000000e+02,-2.633750000000000000e+02
-1.654687500000000000e+02,-1.906250000000000000e+02,-2.708750000000000000e+02
-1.732812500000000000e+02,-1.984375000000000000e+02,-2.646250000000000000e+02
-1.748437500000000000e+02,-1.960937500000000000e+02,-2.708750000000000000e+02
-1.795312500000000000e+02,-1.843750000000000000e+02,-2.633750000000000000e+02
-1.693750000000000000e+02,-1.964843750000000000e+02,-2.715000000000000000e+02
-1.725000000000000000e+02,-1.937500000000000000e+02,-2.633750000000000000e+02
-1.795312500000000000e+02,-1.925781250000000000e+02,-2.727500000000000000e+02
-1.822656250000000000e+02,-1.890625000000000000e+02,-2.702500000000000000e+02
-1.834375000000000000e+02,-1.929687500000000000e+02,-2.696250000000000000e+02
-1.725000000000000000e+02,-1.972656250000000000e+02,-2.640000000000000000e+02
-1.728906250000000000e+02,-1.781250000000000000e+02,-2.677500000000000000e+02
-1.662500000000000000e+02,-1.929687500000000000e+02,-2.721250000000000000e+02
-1.826562500000000000e+02,-1.937500000000000000e+02,-2.696250000000000000e+02
-1.771875000000000000e+02,-1.968750000000000000e+02,-2.671250000000000000e+02
-1.725000000000000000e+02,-1.953125000000000000e+02,-2.696250000000000000e+02
-1.701562500000000000e+02,-1.929687500000000000e+02,-2.671250000000000000e+02
-1.732812500000000000e+02,-1.781250000000000000e+02,-2.683750000000000000e+02
-1.826562500000000000e+02,-1.914062500000000000e+02,-2.683750000000000000e+02
-1.732812500000000000e+02,-1.957031250000000000e+02,-2.677500000000000000e+02
-1.787500000000000000e+02,-1.976562500000000000e+02,-2.658750000000000000e+02
-1.725000000000000000e+02,-1.832031250000000000e+02,-2.665000000000000000e+02
-1.803125000000000000e+02,-1.968750000000000000e+02,-2.671250000000000000e+02
-1.701562500000000000e+02,-1.929687500000000000e+02,-2.721250000000000000e+02
-1.748437500000000000e+02,-1.804687500000000000e+02,-2.696250000000000000e+02
-1.826562500000000000e+02,-1.953125000000000000e+02,-2.696250000000000000e+02
-1.732812500000000000e+02,-1.898437500000000000e+02,-2.633750000000000000e+02
-1.771875000000000000e+02,-1.945312500000000000e+02,-2.683750000000000000e+02
-1.744531250000000000e+02,-1.812500000000000000e+02,-2.715000000000000000e+02
-1.756250000000000000e+02,-1.804687500000000000e+02,-2.683750000000000000e+02
-1.830468750000000000e+02,-1.890625000000000000e+02,-2.665000000000000000e+02
-1.689843750000000000e+02,-1.890625000000000000e+02,-2.677500000000000000e+02
-1.740625000000000000e+02,-1.960937500000000000e+02,-2.683750000000000000e+02
-1.771875000000000000e+02,-1.953125000000000000e+02,-2.708750000000000000e+02
-1.814843750000000000e+02,-1.937500000000000000e+02,-2.715000000000000000e+02
-1.670312500000000000e+02,-1.890625000000000000e+02,-2.708750000000000000e+02
-1.701562500000000000e+02,-1.890625000000000000e+02,-2.646250000000000000e+02
-1.725000000000000000e+02,-1.835937500000000000e+02,-2.658750000000000000e+02
-1.830468750000000000e+02,-1.882812500000000000e+02,-2.702500000000000000e+02
-1.810937500000000000e+02,-1.925781250000000000e+02,-2.640000000000000000e+02
-1.705468750000000000e+02,-1.820312500000000000e+02,-2.677500000000000000e+02
-1.736718750000000000e+02,-1.796875000000000000e+02,-2.652500000000000000e+02
-1.787500000000000000e+02,-1.828125000000000000e+02,-2.708750000000000000e+02
-1.764062500000000000e+02,-1.812500000000000000e+02,-2.708750000000000000e+02
-1.810937500000000000e+02,-1.890625000000000000e+02,-2.633750000000000000e+02
-1.717187500000000000e+02,-1.898437500000000000e+02,-2.633750000000000000e+02
-1.689843750000000000e+02,-1.851562500000000000e+02,-2.677500000000000000e+02
-1.779687500000000000e+02,-1.804687500000000000e+02,-2.633750000000000000e+02
-1.756250000000000000e+02,-1.949218750000000000e+02,-2.702500000000000000e+02
-1.834375000000000000e+02,-1.921875000000000000e+02,-2.683750000000000000e+02
-1.740625000000000000e+02,-1.796875000000000000e+02,-2.633750000000000000e+02
-1.678125000000000000e+02,-1.898437500000000000e+02,-2.646250000000000000e+02
-1.787500000000000000e+02,-1.968750000000000000e+02,-2.658750000000000000e+02
-1.709375000000000000e+02,-1.980468750000000000e+02,-2.715000000000000000e+02
-1.807031250000000000e+02,-1.976562500000000000e+02,-2.665000000000000000e+02
-1.713281250000000000e+02,-1.898437500000000000e+02,-2.727500000000000000e+02
-1.732812500000000000e+02,-1.843750000000000000e+02,-2.683750000000000000e+02
-1.725000000000000000e+02,-1.890625000000000000e+02,-2.633750000000000000e+02
-1.826562500000000000e+02,-1.906250000000000000e+02,-2.633750000000000000e+02
-1.725000000000000000e+02,-1.851562500000000000e+02,-2.683750000000000000e+02
-1.685937500000000000e+02,-1.859375000000000000e+02,-2.708750000000000000e+02
-1.748437500000000000e+02,-1.785156250000000000e+02,-2.640000000000000000e+02
-1.830468750000000000e+02,-1.953125000000000000e+02,-2.665000000000000000e+02
-1.732812500000000000e+02,-1.960937500000000000e+02,-2.708750000000000000e+02
-1.756250000000000000e+02,-1.953125000000000000e+02,-2.633750000000000000e+02
-1.771875000000000000e+02,-1.875000000000000000e+02,-2.721250000000000000e+02
-1.748437500000000000e+02,-1.929687500000000000e+02,-2.633750000000000000e+02
-1.826562500000000000e+02,-1.839843750000000000e+02,-2.665000000000000000e+02
-1.685937500000000000e+02,-1.894531250000000000e+02,-2.690000000000000000e+02
-1.756250000000000000e+02,-1.820312500000000000e+02,-2.633750000000000000e+02
-1.748437500000000000e+02,-1.828125000000000000e+02,-2.696250000000000000e+02
-1.717187500000000000e+02,-1.933593750000000000e+02,-2.690000000000000000e+02
-1.713281250000000000e+02,-1.828125000000000000e+02,-2.702500000000000000e+02
-1.830468750000000000e+02,-1.945312500000000000e+02,-2.665000000000000000e+02
-1.693750000000000000e+02,-1.875000000000000000e+02,-2.696250000000000000e+02
-1.717187500000000000e+02,-1.968750000000000000e+02,-2.708750000000000000e+02
-1.693750000000000000e+02,-1.890625000000000000e+02,-2.646250000000000000e+02
-1.685937500000000000e+02,-1.871093750000000000e+02,-2.665000000000000000e+02
-1.775781250000000000e+02,-1.960937500000000000e+02,-2.727500000000000000e+02
-1.717187500000000000e+02,-1.941406250000000000e+02,-2.677500000000000000e+02
-1.693750000000000000e+02,-1.875000000000000000e+02,-2.683750000000000000e+02
-1.803125000000000000e+02,-1.875000000000000000e+02,-2.708750000000000000e+02
-1.682031250000000000e+02,-1.937500000000000000e+02,-2.640000000000000000e+02
-1.713281250000000000e+02,-1.890625000000000000e+02,-2.727500000000000000e+02
-1.748437500000000000e+02,-1.820312500000000000e+02,-2.721250000000000000e+02
-1.810937500000000000e+02,-1.937500000000000000e+02,-2.696250000000000000e+02
-1.834375000000000000e+02,-1.890625000000000000e+02,-2.671250000000000000e+02
-1.717187500000000000e+02,-1.882812500000000000e+02,-2.721250000000000000e+02
-1.834375000000000000e+02,-1.953125000000000000e+02,-2.683750000000000000e+02
-1.756250000000000000e+02,-1.835937500000000000e+02,-2.721250000000000000e+02
-1.701562500000000000e+02,-1.914062500000000000e+02,-2.696250000000000000e+02
-1.752343750000000000e+02,-1.984375000000000000e+02,-2.652500000000000000e+02
-1.756250000000000000e+02,-1.949218750000000000e+02,-2.690000000000000000e+02
-1.670312500000000000e+02,-1.906250000000000000e+02,-2.708750000000000000e+02
-1.826562500000000000e+02,-1.855468750000000000e+02,-2.690000000000000000e+02
-1.709375000000000000e+02,-1.945312500000000000e+02,-2.671250000000000000e+02
-1.732812500000000000e+02,-1.859375000000000000e+02,-2.721250000000000000e+02
-1.725000000000000000e+02,-1.796875000000000000e+02,-2.683750000000000000e+02
-1.764062500000000000e+02,-1.785156250000000000e+02,-2.640000000000000000e+02
-1.838281250000000000e+02,-1.953125000000000000e+02,-2.690000000000000000e+02
-1.795312500000000000e+02,-1.953125000000000000e+02,-2.721250000000000000e+02
-1.709375000000000000e+02,-1.960937500000000000e+02,-2.708750000000000000e+02
-1.818750000000000000e+02,-1.937500000000000000e+02,-2.646250000000000000e+02
-1.728906250000000000e+02,-1.812500000000000000e+02,-2.665000000000000000e+02
-1.756250000000000000e+02,-1.843750000000000000e+02,-2.721250000000000000e+02
-1.764062500000000000e+02,-1.968750000000000000e+02,-2.671250000000000000e+02
-1.822656250000000000e+02,-1.828125000000000000e+02,-2.677500000000000000e+02
-1.803125000000000000e+02,-1.945312500000000000e+02,-2.683750000000000000e+02
-1.674218750000000000e+02,-1.937500000000000000e+02,-2.652500000000000000e+02
-1.764062500000000000e+02,-1.976562500000000000e+02,-2.671250000000000000e+02
-1.799218750000000000e+02,-1.929687500000000000e+02,-2.727500000000000000e+02
-1.732812500000000000e+02,-1.972656250000000000e+02,-2.640000000000000000e+02
-1.732812500000000000e+02,-1.820312500000000000e+02,-2.696250000000000000e+02
-1.748437500000000000e+02,-1.882812500000000000e+02,-2.633750000000000000e+02
-1.701562500000000000e+02,-1.867187500000000000e+02,-2.646250000000000000e+02
-1.799218750000000000e+02,-1.820312500000000000e+02,-2.690000000000000000e+02
-1.795312500000000000e+02,-1.843750000000000000e+02,-2.708750000000000000e+02
-1.756250000000000000e+02,-1.820312500000000000e+02,-2.708750000000000000e+02
-1.666406250000000000e+02,-1.875000000000000000e+02,-2.715000000000000000e+02
-1.717187500000000000e+02,-1.851562500000000000e+02,-2.646250000000000000e+02
-1.717187500000000000e+02,-1.914062500000000000e+02,-2.633750000000000000e+02
-1.678125000000000000e+02,-1.871093750000000000e+02,-2.702500000000000000e+02
-1.685937500000000000e+02,-1.910156250000000000e+02,-2.640000000000000000e+02
-1.721093750000000000e+02,-1.882812500000000000e+02,-2.727500000000000000e+02
-1.795312500000000000e+02,-1.929687500000000000e+02,-2.708750000000000000e+02
-1.725000000000000000e+02,-1.859375000000000000e+02,-2.721250000000000000e+02
-1.705468750000000000e+02,-1.914062500000000000e+02,-2.690000000000000000e+02
-1.779687500000000000e+02,-1.867187500000000000e+02,-2.721250000000000000e+02
-1.748437500000000000e+02,-1.812500000000000000e+02,-2.633750000000000000e+02
-1.764062500000000000e+02,-1.984375000000000000e+02,-2.721250000000000000e+02
-1.736718750000000000e+02,-1.796875000000000000e+02,-2.665000000000000000e+02
-1.693750000000000000e+02,-1.957031250000000000e+02,-2.652500000000000000e+02
-1.693750000000000000e+02,-1.953125000000000000e+02,-2.633750000000000000e+02
-1.830468750000000000e+02,-1.906250000000000000e+02,-2.640000000000000000e+02
-1.693750000000000000e+02,-1.835937500000000000e+02,-2.721250000000000000e+02
-1.717187500000000000e+02,-1.820312500000000000e+02,-2.671250000000000000e+02
-1.666406250000000000e+02,-1.906250000000000000e+02,-2.652500000000000000e+02
-1.670312500000000000e+02,-1.906250000000000000e+02,-2.658750000000000000e+02
-1.709375000000000000e+02,-1.828125000000000000e+02,-2.708750000000000000e+02
-1.732812500000000000e+02,-1.851562500000000000e+02,-2.696250000000000000e+02
-1.748437500000000000e+02,-1.949218750000000000e+02,-2.690000000000000000e+02
-1.725000000000000000e+02,-1.898437500000000000e+02,-2.633750000000000000e+02
-1.803125000000000000e+02,-1.945312500000000000e+02,-2.633750000000000000e+02
-1.732812500000000000e+02,-1.777343750000000000e+02,-2.677500000000000000e+02
-1.748437500000000000e+02,-1.804687500000000000e+02,-2.683750000000000000e+02
-1.717187500000000000e+02,-1.835937500000000000e+02,-2.696250000000000000e+02
-1.779687500000000000e+02,-1.796875000000000000e+02,-2.683750000000000000e+02
-1.826562500000000000e+02,-1.851562500000000000e+02,-2.646250000000000000e+02
-1.717187500000000000e+02,-1.851562500000000000e+02,-2.721250000000000000e+02
-1.709375000000000000e+02,-1.835937500000000000e+02,-2.696250000000000000e+02
-1.740625000000000000e+02,-1.828125000000000000e+02,-2.696250000000000000e+02
-1.779687500000000000e+02,-1.820312500000000000e+02,-2.633750000000000000e+02
-1.771875000000000000e+02,-1.773437500000000000e+02,-2.658750000000000000e+02
-1.678125000000000000e+02,-1.921875000000000000e+02,-2.646250000000000000e+02
-1.771875000000000000e+02,-1.921875000000000000e+02,-2.633750000000000000e+02
-1.779687500000000000e+02,-1.828125000000000000e+02,-2.708750000000000000e+02
-1.826562500000000000e+02,-1.875000000000000000e+02,-2.708750000000000000e+02
-1.701562500000000000e+02,-1.867187500000000000e+02,-2.721250000000000000e+02
-1.795312500000000000e+02,-1.796875000000000000e+02,-2.646250000000000000e+02
-1.709375000000000000e+02,-1.968750000000000000e+02,-2.658750000000000000e+02
-1.795312500000000000e+02,-1.851562500000000000e+02,-2.633750000000000000e+02
-1.807031250000000000e+02,-1.906250000000000000e+02,-2.715000000000000000e+02
-1.670312500000000000e+02,-1.929687500000000000e+02,-2.721250000000000000e+02
-1.717187500000000000e+02,-1.843750000000000000e+02,-2.683750000000000000e+02
-1.748437500000000000e+02,-1.921875000000000000e+02,-2.633750000000000000e+02
-1.764062500000000000e+02,-1.777343750000000000e+02,-2.677500000000000000e+02
-1.740625000000000000e+02,-1.812500000000000000e+02,-2.721250000000000000e+02
-1.740625000000000000e+02,-1.789062500000000000e+02,-2.658750000000000000e+02
-1.810937500000000000e+02,-1.929687500000000000e+02,-2.646250000000000000e+02
-1.725000000000000000e+02,-1.828125000000000000e+02,-2.721250000000000000e+02
-1.693750000000000000e+02,-1.960937500000000000e+02,-2.721250000000000000e+02
-1.807031250000000000e+02,-1.812500000000000000e+02,-2.640000000000000000e+02
-1.818750000000000000e+02,-1.859375000000000000e+02,-2.708750000000000000e+02
-1.795312500000000000e+02,-1.976562500000000000e+02,-2.671250000000000000e+02
-1.787500000000000000e+02,-1.945312500000000000e+02,-2.633750000000000000e+02
-1.748437500000000000e+02,-1.976562500000000000e+02,-2.708750000000000000e+02
-1.818750000000000000e+02,-1.835937500000000000e+02,-2.683750000000000000e+02
-1.725000000000000000e+02,-1.796875000000000000e+02,-2.671250000000000000e+02
-1.787500000000000000e+02,-1.796875000000000000e+02,-2.671250000000000000e+02
-1.685937500000000000e+02,-1.867187500000000000e+02,-2.721250000000000000e+02
-1.744531250000000000e+02,-1.859375000000000000e+02,-2.627500000000000000e+02
-1.709375000000000000e+02,-1.980468750000000000e+02,-2.652500000000000000e+02
-1.803125000000000000e+02,-1.929687500000000000e+02,-2.708750000000000000e+02
-1.756250000000000000e+02,-1.863281250000000000e+02,-2.727500000000000000e+02
-1.771875000000000000e+02,-1.980468750000000000e+02,-2.715000000000000000e+02
-1.771875000000000000e+02,-1.843750000000000000e+02,-2.633750000000000000e+02
-1.709375000000000000e+02,-1.882812500000000000e+02,-2.633750000000000000e+02
-1.693750000000000000e+02,-1.937500000000000000e+02,-2.721250000000000000e+02
-1.771875000000000000e+02,-1.968750000000000000e+02,-2.721250000000000000e+02
-1.787500000000000000e+02,-1.949218750000000000e+02,-2.677500000000000000e+02
-1.756250000000000000e+02,-1.832031250000000000e+02,-2.690000000000000000e+02
-1.771875000000000000e+02,-1.843750000000000000e+02,-2.721250000000000000e+02
-1.701562500000000000e+02,-1.910156250000000000e+02,-2.690000000000000000e+02
-1.795312500000000000e+02,-1.914062500000000000e+02,-2.633750000000000000e+02
-1.732812500000000000e+02,-1.890625000000000000e+02,-2.633750000000000000e+02
-1.740625000000000000e+02,-1.835937500000000000e+02,-2.683750000000000000e+02
-1.842187500000000000e+02,-1.949218750000000000e+02,-2.690000000000000000e+02
-1.740625000000000000e+02,-1.976562500000000000e+02,-2.721250000000000000e+02
-1.685937500000000000e+02,-1.945312500000000000e+02,-2.721250000000000000e+02
-1.709375000000000000e+02,-1.867187500000000000e+02,-2.696250000000000000e+02
-1.732812500000000000e+02,-1.972656250000000000e+02,-2.665000000000000000e+02
-1.810937500000000000e+02,-1.960937500000000000e+02,-2.658750000000000000e+02
-1.685937500000000000e+02,-1.945312500000000000e+02,-2.708750000000000000e+02
-1.697656250000000000e+02,-1.867187500000000000e+02,-2.665000000000000000e+02
-1.795312500000000000e+02,-1.976562500000000000e+02,-2.658750000000000000e+02
-1.764062500000000000e+02,-1.812500000000000000e+02,-2.696250000000000000e+02
-1.760156250000000000e+02,-1.828125000000000000e+02,-2.690000000000000000e+02
-1.736718750000000000e+02,-1.976562500000000000e+02,-2.665000000000000000e+02
-1.740625000000000000e+02,-1.992187500000000000e+02,-2.658750000000000000e+02
-1.693750000000000000e+02,-1.867187500000000000e+02,-2.721250000000000000e+02
-1.787500000000000000e+02,-1.968750000000000000e+02,-2.671250000000000000e+02
-1.826562500000000000e+02,-1.851562500000000000e+02,-2.633750000000000000e+02
-1.787500000000000000e+02,-1.824218750000000000e+02,-2.702500000000000000e+02
-1.717187500000000000e+02,-1.960937500000000000e+02,-2.671250000000000000e+02
-1.705468750000000000e+02,-1.882812500000000000e+02,-2.640000000000000000e+02
-1.779687500000000000e+02,-1.792968750000000000e+02,-2.640000000000000000e+02
-1.701562500000000000e+02,-1.941406250000000000e+02,-2.702500000000000000e+02
-1.725000000000000000e+02,-1.945312500000000000e+02,-2.696250000000000000e+02
-1.709375000000000000e+02,-1.843750000000000000e+02,-2.696250000000000000e+02
-1.701562500000000000e+02,-1.875000000000000000e+02,-2.646250000000000000e+02
-1.826562500000000000e+02,-1.898437500000000000e+02,-2.646250000000000000e+02
-1.807031250000000000e+02,-1.867187500000000000e+02,-2.715000000000000000e+02
-1.725000000000000000e+02,-1.945312500000000000e+02,-2.683750000000000000e+02
-1.830468750000000000e+02,-1.914062500000000000e+02,-2.652500000000000000e+02
-1.709375000000000000e+02,-1.859375000000000000e+02,-2.646250000000000000e+02
-1.787500000000000000e+02,-1.988281250000000000e+02,-2.665000000000000000e+02
-1.748437500000000000e+02,-1.996093750000000000e+02,-2.652500000000000000e+02
-1.764062500000000000e+02,-1.960937500000000000e+02,-2.708750000000000000e+02
-1.725000000000000000e+02,-1.820312500000000000e+02,-2.671250000000000000e+02
-1.756250000000000000e+02,-1.984375000000000000e+02,-2.671250000000000000e+02
-1.705468750000000000e+02,-1.976562500000000000e+02,-2.652500000000000000e+02
-1.744531250000000000e+02,-1.875000000000000000e+02,-2.627500000000000000e+02
-1.807031250000000000e+02,-1.945312500000000000e+02,-2.690000000000000000e+02
-1.740625000000000000e+02,-1.929687500000000000e+02,-2.633750000000000000e+02
-1.803125000000000000e+02,-1.855468750000000000e+02,-2.715000000000000000e+02
-1.678125000000000000e+02,-1.945312500000000000e+02,-2.708750000000000000e+02
-1.826562500000000000e+02,-1.898437500000000000e+02,-2.658750000000000000e+02
-1.826562500000000000e+02,-1.945312500000000000e+02,-2.646250000000000000e+02
-1.838281250000000000e+02,-1.929687500000000000e+02,-2.690000000000000000e+02
-1.693750000000000000e+02,-1.937500000000000000e+02,-2.633750000000000000e+02
-1.756250000000000000e+02,-1.789062500000000000e+02,-2.683750000000000000e+02
-1.779687500000000000e+02,-1.972656250000000000e+02,-2.715000000000000000e+02
-1.732812500000000000e+02,-1.976562500000000000e+02,-2.708750000000000000e+02
-1.697656250000000000e+02,-1.898437500000000000e+02,-2.640000000000000000e+02
-1.732812500000000000e+02,-1.820312500000000000e+02,-2.646250000000000000e+02
-1.670312500000000000e+02,-1.906250000000000000e+02,-2.646250000000000000e+02
-1.756250000000000000e+02,-1.796875000000000000e+02,-2.683750000000000000e+02
-1.791406250000000000e+02,-1.945312500000000000e+02,-2.727500000000000000e+02
-1.834375000000000000e+02,-1.867187500000000000e+02,-2.671250000000000000e+02
-1.771875000000000000e+02,-1.847656250000000000e+02,-2.627500000000000000e+02
-1.807031250000000000e+02,-1.828125000000000000e+02,-2.690000000000000000e+02
-1.725000000000000000e+02,-1.988281250000000000e+02,-2.652500000000000000e+02
-1.685937500000000000e+02,-1.937500000000000000e+02,-2.658750000000000000e+02
-1.756250000000000000e+02,-1.828125000000000000e+02,-2.683750000000000000e+02
-1.771875000000000000e+02,-1.949218750000000000e+02,-2.677500000000000000e+02
-1.725000000000000000e+02,-1.976562500000000000e+02,-2.708750000000000000e+02
-1.818750000000000000e+02,-1.902343750000000000e+02,-2.702500000000000000e+02
-1.725000000000000000e+02,-1.968750000000000000e+02,-2.708750000000000000e+02
-1.764062500000000000e+02,-1.781250000000000000e+02,-2.646250000000000000e+02
-1.693750000000000000e+02,-1.953125000000000000e+02,-2.721250000000000000e+02
-1.740625000000000000e+02,-1.808593750000000000e+02,-2.715000000000000000e+02
-1.670312500000000000e+02,-1.882812500000000000e+02,-2.708750000000000000e+02
-1.732812500000000000e+02,-1.960937500000000000e+02,-2.671250000000000000e+02
-1.783593750000000000e+02,-1.953125000000000000e+02,-2.727500000000000000e+02
-1.728906250000000000e+02,-1.953125000000000000e+02,-2.677500000000000000e+02
-1.779687500000000000e+02,-1.960937500000000000e+02,-2.658750000000000000e+02
-1.756250000000000000e+02,-1.984375000000000000e+02,-2.721250000000000000e+02
-1.725000000000000000e+02,-1.984375000000000000e+02,-2.646250000000000000e+02
-1.834375000000000000e+02,-1.859375000000000000e+02,-2.671250000000000000e+02
-1.717187500000000000e+02,-1.828125000000000000e+02,-2.696250000000000000e+02
-1.760156250000000000e+02,-1.968750000000000000e+02,-2.652500000000000000e+02
-1.701562500000000000e+02,-1.859375000000000000e+02,-2.696250000000000000e+02
-1.709375000000000000e+02,-1.828125000000000000e+02,-2.671250000000000000e+02
-1.771875000000000000e+02,-1.859375000000000000e+02,-2.721250000000000000e+02
-1.732812500000000000e+02,-1.871093750000000000e+02,-2.727500000000000000e+02
-1.709375000000000000e+02,-1.953125000000000000e+02,-2.708750000000000000e+02
-1.771875000000000000e+02,-1.820312500000000000e+02,-2.633750000000000000e+02
-1.787500000000000000e+02,-1.960937500000000000e+02,-2.721250000000000000e+02
-1.725000000000000000e+02,-1.976562500000000000e+02,-2.721250000000000000e+02
-1.779687500000000000e+02,-1.816406250000000000e+02,-2.702500000000000000e+02
-1.709375000000000000e+02,-1.929687500000000000e+02,-2.633750000000000000e+02
-1.764062500000000000e+02,-1.937500000000000000e+02,-2.633750000000000000e+02
-1.795312500000000000e+02,-1.960937500000000000e+02,-2.671250000000000000e+02
-1.826562500000000000e+02,-1.851562500000000000e+02,-2.658750000000000000e+02
-1.803125000000000000e+02,-1.828125000000000000e+02,-2.696250000000000000e+02
-1.732812500000000000e+02,-1.851562500000000000e+02,-2.633750000000000000e+02
-1.810937500000000000e+02,-1.921875000000000000e+02,-2.708750000000000000e+02
-1.771875000000000000e+02,-1.796875000000000000e+02,-2.633750000000000000e+02
-1.670312500000000000e+02,-1.914062500000000000e+02,-2.658750000000000000e+02
-1.771875000000000000e+02,-1.941406250000000000e+02,-2.690000000000000000e+02
-1.810937500000000000e+02,-1.843750000000000000e+02,-2.696250000000000000e+02
-1.756250000000000000e+02,-1.804687500000000000e+02,-2.708750000000000000e+02
-1.787500000000000000e+02,-1.800781250000000000e+02,-2.690000000000000000e+02
-1.701562500000000000e+02,-1.828125000000000000e+02,-2.683750000000000000e+02
-1.705468750000000000e+02,-1.960937500000000000e+02,-2.665000000000000000e+02
-1.709375000000000000e+02,-1.921875000000000000e+02,-2.696250000000000000e+02
-1.783593750000000000e+02,-1.960937500000000000e+02,-2.640000000000000000e+02
-1.779687500000000000e+02,-1.960937500000000000e+02,-2.708750000000000000e+02
-1.787500000000000000e+02,-1.781250000000000000e+02,-2.658750000000000000e+02
-1.842187500000000000e+02,-1.941406250000000000e+02,-2.690000000000000000e+02
-1.662500000000000000e+02,-1.898437500000000000e+02,-2.721250000000000000e+02
-1.795312500000000000e+02,-1.921875000000000000e+02,-2.721250000000000000e+02
-1.666406250000000000e+02,-1.929687500000000000e+02,-2.652500000000000000e+02
-1.693750000000000000e+02,-1.867187500000000000e+02,-2.658750000000000000e+02
-1.764062500000000000e+02,-1.835937500000000000e+02,-2.633750000000000000e+02
-1.775781250000000000e+02,-1.945312500000000000e+02,-2.677500000000000000e+02
-1.701562500000000000e+02,-1.859375000000000000e+02,-2.721250000000000000e+02
-1.748437500000000000e+02,-1.800781250000000000e+02,-2.702500000000000000e+02
-1.725000000000000000e+02,-1.804687500000000000e+02,-2.683750000000000000e+02
-1.771875000000000000e+02,-1.867187500000000000e+02,-2.721250000000000000e+02
-1.701562500000000000e+02,-1.882812500000000000e+02,-2.721250000000000000e+02
-1.685937500000000000e+02,-1.832031250000000000e+02,-2.715000000000000000e+02
-1.666406250000000000e+02,-1.914062500000000000e+02,-2.652500000000000000e+02
-1.705468750000000000e+02,-1.914062500000000000e+02,-2.677500000000000000e+02
-1.701562500000000000e+02,-1.867187500000000000e+02,-2.683750000000000000e+02
-1.732812500000000000e+02,-1.828125000000000000e+02,-2.721250000000000000e+02
-1.834375000000000000e+02,-1.925781250000000000e+02,-2.690000000000000000e+02
-1.725000000000000000e+02,-1.984375000000000000e+02,-2.708750000000000000e+02
-1.764062500000000000e+02,-1.960937500000000000e+02,-2.633750000000000000e+02
-1.826562500000000000e+02,-1.832031250000000000e+02,-2.640000000000000000e+02
-1.662500000000000000e+02,-1.914062500000000000e+02,-2.708750000000000000e+02
-1.803125000000000000e+02,-1.945312500000000000e+02,-2.708750000000000000e+02
-1.803125000000000000e+02,-1.949218750000000000e+02,-2.715000000000000000e+02
-1.760156250000000000e+02,-1.773437500000000000e+02,-2.652500000000000000e+02
-1.764062500000000000e+02,-1.804687500000000000e+02,-2.683750000000000000e+02
-1.764062500000000000e+02,-1.789062500000000000e+02,-2.683750000000000000e+02
-1.740625000000000000e+02,-1.820312500000000000e+02,-2.696250000000000000e+02
-1.756250000000000000e+02,-1.921875000000000000e+02,-2.633750000000000000e+02
-1.795312500000000000e+02,-1.792968750000000000e+02,-2.665000000000000000e+02
-1.748437500000000000e+02,-1.859375000000000000e+02,-2.721250000000000000e+02
-1.818750000000000000e+02,-1.828125000000000000e+02,-2.646250000000000000e+02
-1.775781250000000000e+02,-1.812500000000000000e+02,-2.702500000000000000e+02
-1.697656250000000000e+02,-1.953125000000000000e+02,-2.665000000000000000e+02
-1.814843750000000000e+02,-1.921875000000000000e+02,-2.715000000000000000e+02
-1.682031250000000000e+02,-1.929687500000000000e+02,-2.640000000000000000e+02
-1.685937500000000000e+02,-1.843750000000000000e+02,-2.721250000000000000e+02
-1.826562500000000000e+02,-1.917968750000000000e+02,-2.690000000000000000e+02
-1.834375000000000000e+02,-1.945312500000000000e+02,-2.696250000000000000e+02
-1.764062500000000000e+02,-1.968750000000000000e+02,-2.708750000000000000e+02
-1.713281250000000000e+02,-1.929687500000000000e+02,-2.690000000000000000e+02
-1.701562500000000000e+02,-1.945312500000000000e+02,-2.708750000000000000e+02
-1.752343750000000000e+02,-1.890625000000000000e+02,-2.627500000000000000e+02
-1.756250000000000000e+02,-1.976562500000000000e+02,-2.708750000000000000e+02
-1.795312500000000000e+02,-1.855468750000000000e+02,-2.627500000000000000e+02
-1.795312500000000000e+02,-1.847656250000000000e+02,-2.715000000000000000e+02
-1.689843750000000000e+02,-1.843750000000000000e+02,-2.677500000000000000e+02
-1.764062500000000000e+02,-1.828125000000000000e+02,-2.721250000000000000e+02
-1.662500000000000000e+02,-1.914062500000000000e+02,-2.721250000000000000e+02
-1.709375000000000000e+02,-1.812500000000000000e+02,-2.683750000000000000e+02
-1.725000000000000000e+02,-1.945312500000000000e+02,-2.721250000000000000e+02
-1.717187500000000000e+02,-1.988281250000000000e+02,-2.652500000000000000e+02
-1.701562500000000000e+02,-1.851562500000000000e+02,-2.671250000000000000e+02
-1.717187500000000000e+02,-1.925781250000000000e+02,-2.727500000000000000e+02
-1.764062500000000000e+02,-1.960937500000000000e+02,-2.671250000000000000e+02
-1.736718750000000000e+02,-1.804687500000000000e+02,-2.652500000000000000e+02
-1.803125000000000000e+02,-1.902343750000000000e+02,-2.627500000000000000e+02
-1.771875000000000000e+02,-1.820312500000000000e+02,-2.708750000000000000e+02
-1.748437500000000000e+02,-1.984375000000000000e+02,-2.721250000000000000e+02
-1.744531250000000000e+02,-1.984375000000000000e+02,-2.665000000000000000e+02
-1.771875000000000000e+02,-1.804687500000000000e+02,-2.683750000000000000e+02
-1.764062500000000000e+02,-1.945312500000000000e+02,-2.683750000000000000e+02
-1.810937500000000000e+02,-1.957031250000000000e+02,-2.677500000000000000e+02
-1.674218750000000000e+02,-1.890625000000000000e+02,-2.702500000000000000e+02
-1.826562500000000000e+02,-1.921875000000000000e+02,-2.646250000000000000e+02
-1.795312500000000000e+02,-1.910156250000000000e+02,-2.627500000000000000e+02
-1.728906250000000000e+02,-1.828125000000000000e+02,-2.652500000000000000e+02
-1.725000000000000000e+02,-1.804687500000000000e+02,-2.671250000000000000e+02
-1.709375000000000000e+02,-1.929687500000000000e+02,-2.696250000000000000e+02
-1.803125000000000000e+02,-1.976562500000000000e+02,-2.658750000000000000e+02
-1.732812500000000000e+02,-1.992187500000000000e+02,-2.646250000000000000e+02
-1.709375000000000000e+02,-1.804687500000000000e+02,-2.671250000000000000e+02
-1.822656250000000000e+02,-1.898437500000000000e+02,-2.702500000000000000e+02
-1.717187500000000000e+02,-1.976562500000000000e+02,-2.721250000000000000e+02
-1.709375000000000000e+02,-1.875000000000000000e+02,-2.721250000000000000e+02
-1.803125000000000000e+02,-1.808593750000000000e+02,-2.640000000000000000e+02
-1.799218750000000000e+02,-1.906250000000000000e+02,-2.627500000000000000e+02
-1.826562500000000000e+02,-1.882812500000000000e+02,-2.683750000000000000e+02
-1.682031250000000000e+02,-1.875000000000000000e+02,-2.652500000000000000e+02
-1.717187500000000000e+02,-1.937500000000000000e+02,-2.696250000000000000e+02
-1.838281250000000000e+02,-1.875000000000000000e+02,-2.677500000000000000e+02
-1.764062500000000000e+02,-1.921875000000000000e+02,-2.633750000000000000e+02
-1.748437500000000000e+02,-1.804687500000000000e+02,-2.633750000000000000e+02
-1.725000000000000000e+02,-1.867187500000000000e+02,-2.683750000000000000e+02
-1.771875000000000000e+02,-1.812500000000000000e+02,-2.708750000000000000e+02
-1.810937500000000000e+02,-1.914062500000000000e+02,-2.721250000000000000e+02
-1.810937500000000000e+02,-1.859375000000000000e+02,-2.708750000000000000e+02
-1.779687500000000000e+02,-1.976562500000000000e+02,-2.671250000000000000e+02
-1.787500000000000000e+02,-1.964843750000000000e+02,-2.715000000000000000e+02
-1.732812500000000000e+02,-1.937500000000000000e+02,-2.633750000000000000e+02
-1.803125000000000000e+02,-1.949218750000000000e+02,-2.640000000000000000e+02
-1.830468750000000000e+02,-1.835937500000000000e+02,-2.677500000000000000e+02
-1.787500000000000000e+02,-1.867187500000000000e+02,-2.721250000000000000e+02
-1.764062500000000000e+02,-1.847656250000000000e+02,-2.627500000000000000e+02
-1.721093750000000000e+02,-1.929687500000000000e+02,-2.727500000000000000e+02
-1.685937500000000000e+02,-1.937500000000000000e+02,-2.721250000000000000e+02
-1.662500000000000000e+02,-1.921875000000000000e+02,-2.721250000000000000e+02
-1.732812500000000000e+02,-1.976562500000000000e+02,-2.658750000000000000e+02
-1.838281250000000000e+02,-1.929687500000000000e+02,-2.677500000000000000e+02
-1.814843750000000000e+02,-1.875000000000000000e+02,-2.640000000000000000e+02
-1.814843750000000000e+02,-1.914062500000000000e+02,-2.702500000000000000e+02
-1.732812500000000000e+02,-1.820312500000000000e+02,-2.683750000000000000e+02
-1.826562500000000000e+02,-1.882812500000000000e+02,-2.708750000000000000e+02
-1.771875000000000000e+02,-1.914062500000000000e+02,-2.633750000000000000e+02
-1.701562500000000000e+02,-1.972656250000000000e+02,-2.715000000000000000e+02
-1.678125000000000000e+02,-1.890625000000000000e+02,-2.658750000000000000e+02
-1.685937500000000000e+02,-1.929687500000000000e+02,-2.633750000000000000e+02
-1.826562500000000000e+02,-1.832031250000000000e+02,-2.677500000000000000e+02
-1.693750000000000000e+02,-1.921875000000000000e+02,-2.671250000000000000e+02
-1.803125000000000000e+02,-1.929687500000000000e+02,-2.721250000000000000e+02
-1.717187500000000000e+02,-1.980468750000000000e+02,-2.715000000000000000e+02
-1.689843750000000000e+02,-1.867187500000000000e+02,-2.652500000000000000e+02
-1.725000000000000000e+02,-1.960937500000000000e+02,-2.671250000000000000e+02
-1.779687500000000000e+02,-1.937500000000000000e+02,-2.633750000000000000e+02
-1.709375000000000000e+02,-1.820312500000000000e+02,-2.721250000000000000e+02
-1.717187500000000000e+02,-1.824218750000000000e+02,-2.702500000000000000e+02
-1.709375000000000000e+02,-1.890625000000000000e+02,-2.721250000000000000e+02
-1.678125000000000000e+02,-1.906250000000000000e+02,-2.658750000000000000e+02
-1.725000000000000000e+02,-1.953125000000000000e+02,-2.633750000000000000e+02
-1.670312500000000000e+02,-1.890625000000000000e+02,-2.721250000000000000e+02
-1.717187500000000000e+02,-1.929687500000000000e+02,-2.721250000000000000e+02
-1.740625000000000000e+02,-1.976562500000000000e+02,-2.708750000000000000e+02
-1.685937500000000000e+02,-1.949218750000000000e+02,-2.652500000000000000e+02
-1.810937500000000000e+02,-1.843750000000000000e+02,-2.633750000000000000e+02
-1.678125000000000000e+02,-1.914062500000000000e+02,-2.646250000000000000e+02
-1.779687500000000000e+02,-1.890625000000000000e+02,-2.721250000000000000e+02
-1.795312500000000000e+02,-1.945312500000000000e+02,-2.708750000000000000e+02
-1.756250000000000000e+02,-1.992187500000000000e+02,-2.671250000000000000e+02
-1.818750000000000000e+02,-1.898437500000000000e+02,-2.683750000000000000e+02
-1.717187500000000000e+02,-1.847656250000000000e+02,-2.665000000000000000e+02
-1.685937500000000000e+02,-1.835937500000000000e+02,-2.721250000000000000e+02
-1.744531250000000000e+02,-1.789062500000000000e+02,-2.652500000000000000e+02
-1.779687500000000000e+02,-1.835937500000000000e+02,-2.721250000000000000e+02
-1.803125000000000000e+02,-1.960937500000000000e+02,-2.671250000000000000e+02
-1.666406250000000000e+02,-1.882812500000000000e+02,-2.715000000000000000e+02
-1.799218750000000000e+02,-1.882812500000000000e+02,-2.715000000000000000e+02
-1.779687500000000000e+02,-1.898437500000000000e+02,-2.721250000000000000e+02
-1.693750000000000000e+02,-1.925781250000000000e+02,-2.702500000000000000e+02
-1.678125000000000000e+02,-1.929687500000000000e+02,-2.646250000000000000e+02
-1.771875000000000000e+02,-1.945312500000000000e+02,-2.633750000000000000e+02
-1.732812500000000000e+02,-1.808593750000000000e+02,-2.665000000000000000e+02
-1.791406250000000000e+02,-1.804687500000000000e+02,-2.690000000000000000e+02
-1.744531250000000000e+02,-1.992187500000000000e+02,-2.665000000000000000e+02
-1.717187500000000000e+02,-1.953125000000000000e+02,-2.671250000000000000e+02
-1.693750000000000000e+02,-1.929687500000000000e+02,-2.721250000000000000e+02
-1.803125000000000000e+02,-1.820312500000000000e+02,-2.658750000000000000e+02
-1.787500000000000000e+02,-1.914062500000000000e+02,-2.633750000000000000e+02
-1.838281250000000000e+02,-1.867187500000000000e+02,-2.690000000000000000e+02
-1.826562500000000000e+02,-1.898437500000000000e+02,-2.683750000000000000e+02
-1.725000000000000000e+02,-1.820312500000000000e+02,-2.721250000000000000e+02
-1.678125000000000000e+02,-1.867187500000000000e+02,-2.721250000000000000e+02
-1.787500000000000000e+02,-1.960937500000000000e+02,-2.671250000000000000e+02
-1.764062500000000000e+02,-1.843750000000000000e+02,-2.721250000000000000e+02
-1.807031250000000000e+02,-1.890625000000000000e+02,-2.627500000000000000e+02
-1.717187500000000000e+02,-1.785156250000000000e+02,-2.677500000000000000e+02
-1.834375000000000000e+02,-1.839843750000000000e+02,-2.677500000000000000e+02
-1.795312500000000000e+02,-1.945312500000000000e+02,-2.683750000000000000e+02
-1.693750000000000000e+02,-1.843750000000000000e+02,-2.721250000000000000e+02
-1.685937500000000000e+02,-1.921875000000000000e+02,-2.708750000000000000e+02
-1.678125000000000000e+02,-1.914062500000000000e+02,-2.708750000000000000e+02
-1.826562500000000000e+02,-1.945312500000000000e+02,-2.696250000000000000e+02
-1.740625000000000000e+02,-1.988281250000000000e+02,-2.715000000000000000e+02
-1.658593750000000000e+02,-1.898437500000000000e+02,-2.715000000000000000e+02
-1.693750000000000000e+02,-1.945312500000000000e+02,-2.708750000000000000e+02
-1.748437500000000000e+02,-1.914062500000000000e+02,-2.633750000000000000e+02
-1.709375000000000000e+02,-1.960937500000000000e+02,-2.721250000000000000e+02
-1.713281250000000000e+02,-1.914062500000000000e+02,-2.727500000000000000e+02
-1.752343750000000000e+02,-1.992187500000000000e+02,-2.652500000000000000e+02
-1.838281250000000000e+02,-1.921875000000000000e+02,-2.677500000000000000e+02
-1.670312500000000000e+02,-1.871093750000000000e+02,-2.715000000000000000e+02
-1.779687500000000000e+02,-1.953125000000000000e+02,-2.708750000000000000e+02
-1.678125000000000000e+02,-1.945312500000000000e+02,-2.721250000000000000e+02
-1.779687500000000000e+02,-1.929687500000000000e+02,-2.633750000000000000e+02
-1.818750000000000000e+02,-1.929687500000000000e+02,-2.646250000000000000e+02
-1.732812500000000000e+02,-1.882812500000000000e+02,-2.633750000000000000e+02
-1.732812500000000000e+02,-1.906250000000000000e+02,-2.633750000000000000e+02
-1.732812500000000000e+02,-1.859375000000000000e+02,-2.683750000000000000e+02
-1.693750000000000000e+02,-1.859375000000000000e+02,-2.721250000000000000e+02
-1.685937500000000000e+02,-1.859375000000000000e+02,-2.683750000000000000e+02
-1.803125000000000000e+02,-1.824218750000000000e+02,-2.652500000000000000e+02
-1.779687500000000000e+02,-1.960937500000000000e+02,-2.721250000000000000e+02
-1.689843750000000000e+02,-1.859375000000000000e+02,-2.702500000000000000e+02
-1.732812500000000000e+02,-1.835937500000000000e+02,-2.696250000000000000e+02
-1.717187500000000000e+02,-1.828125000000000000e+02,-2.721250000000000000e+02
-1.771875000000000000e+02,-1.960937500000000000e+02,-2.633750000000000000e+02
-1.764062500000000000e+02,-1.863281250000000000e+02,-2.727500000000000000e+02
-1.810937500000000000e+02,-1.898437500000000000e+02,-2.633750000000000000e+02
-1.787500000000000000e+02,-1.960937500000000000e+02,-2.658750000000000000e+02
-1.803125000000000000e+02,-1.921875000000000000e+02,-2.633750000000000000e+02
-1.787500000000000000e+02,-1.937500000000000000e+02,-2.683750000000000000e+02
-1.826562500000000000e+02,-1.843750000000000000e+02,-2.646250000000000000e+02
-1.771875000000000000e+02,-1.910156250000000000e+02,-2.627500000000000000e+02
-1.740625000000000000e+02,-1.835937500000000000e+02,-2.696250000000000000e+02
-1.787500000000000000e+02,-1.933593750000000000e+02,-2.690000000000000000e+02
-1.682031250000000000e+02,-1.953125000000000000e+02,-2.715000000000000000e+02
-1.697656250000000000e+02,-1.906250000000000000e+02,-2.677500000000000000e+02
-1.709375000000000000e+02,-1.828125000000000000e+02,-2.721250000000000000e+02
-1.771875000000000000e+02,-1.937500000000000000e+02,-2.696250000000000000e+02
-1.767968750000000000e+02,-1.960937500000000000e+02,-2.652500000000000000e+02
-1.717187500000000000e+02,-1.984375000000000000e+02,-2.646250000000000000e+02
-1.697656250000000000e+02,-1.937500000000000000e+02,-2.702500000000000000e+02
-1.818750000000000000e+02,-1.839843750000000000e+02,-2.690000000000000000e+02
-1.764062500000000000e+02,-1.984375000000000000e+02,-2.658750000000000000e+02
-1.740625000000000000e+02,-1.792968750000000000e+02,-2.652500000000000000e+02
-1.709375000000000000e+02,-1.867187500000000000e+02,-2.646250000000000000e+02
-1.701562500000000000e+02,-1.878906250000000000e+02,-2.690000000000000000e+02
-1.764062500000000000e+02,-1.843750000000000000e+02,-2.633750000000000000e+02
-1.756250000000000000e+02,-1.785156250000000000e+02,-2.640000000000000000e+02
-1.834375000000000000e+02,-1.957031250000000000e+02,-2.690000000000000000e+02
-1.697656250000000000e+02,-1.882812500000000000e+02,-2.690000000000000000e+02
-1.834375000000000000e+02,-1.906250000000000000e+02,-2.671250000000000000e+02
-1.834375000000000000e+02,-1.843750000000000000e+02,-2.671250000000000000e+02
-1.732812500000000000e+02,-1.828125000000000000e+02,-2.646250000000000000e+02
-1.670312500000000000e+02,-1.921875000000000000e+02,-2.646250000000000000e+02
-1.787500000000000000e+02,-1.898437500000000000e+02,-2.721250000000000000e+02
-1.810937500000000000e+02,-1.890625000000000000e+02,-2.708750000000000000e+02
-1.760156250000000000e+02,-1.960937500000000000e+02,-2.677500000000000000e+02
-1.779687500000000000e+02,-1.796875000000000000e+02,-2.633750000000000000e+02
-1.775781250000000000e+02,-1.789062500000000000e+02,-2.677500000000000000e+02
-1.803125000000000000e+02,-1.812500000000000000e+02,-2.633750000000000000e+02
-1.666406250000000000e+02,-1.921875000000000000e+02,-2.652500000000000000e+02
-1.791406250000000000e+02,-1.828125000000000000e+02,-2.702500000000000000e+02
-1.779687500000000000e+02,-1.992187500000000000e+02,-2.658750000000000000e+02
-1.682031250000000000e+02,-1.843750000000000000e+02,-2.715000000000000000e+02
-1.728906250000000000e+02,-1.835937500000000000e+02,-2.652500000000000000e+02
-1.834375000000000000e+02,-1.875000000000000000e+02,-2.683750000000000000e+02
-1.740625000000000000e+02,-1.781250000000000000e+02,-2.683750000000000000e+02
-1.678125000000000000e+02,-1.890625000000000000e+02,-2.696250000000000000e+02
-1.685937500000000000e+02,-1.906250000000000000e+02,-2.721250000000000000e+02
-1.740625000000000000e+02,-1.835937500000000000e+02,-2.633750000000000000e+02
-1.795312500000000000e+02,-1.796875000000000000e+02,-2.671250000000000000e+02
-1.662500000000000000e+02,-1.890625000000000000e+02,-2.721250000000000000e+02
-1.713281250000000000e+02,-1.789062500000000000e+02,-2.677500000000000000e+02
-1.740625000000000000e+02,-1.792968750000000000e+02,-2.640000000000000000e+02
-1.732812500000000000e+02,-1.960937500000000000e+02,-2.633750000000000000e+02
-1.830468750000000000e+02,-1.859375000000000000e+02,-2.665000000000000000e+02
-1.764062500000000000e+02,-1.906250000000000000e+02,-2.633750000000000000e+02
-1.783593750000000000e+02,-1.781250000000000000e+02,-2.665000000000000000e+02
-1.670312500000000000e+02,-1.937500000000000000e+02,-2.721250000000000000e+02
-1.807031250000000000e+02,-1.945312500000000000e+02,-2.640000000000000000e+02
-1.717187500000000000e+02,-1.945312500000000000e+02,-2.696250000000000000e+02
-1.771875000000000000e+02,-1.960937500000000000e+02,-2.708750000000000000e+02
-1.678125000000000000e+02,-1.867187500000000000e+02,-2.708750000000000000e+02
-1.787500000000000000e+02,-1.835937500000000000e+02,-2.633750000000000000e+02
-1.799218750000000000e+02,-1.960937500000000000e+02,-2.715000000000000000e+02
-1.810937500000000000e+02,-1.960937500000000000e+02,-2.671250000000000000e+02
-1.779687500000000000e+02,-1.843750000000000000e+02,-2.633750000000000000e+02
-1.721093750000000000e+02,-1.875000000000000000e+02,-2.727500000000000000e+02
-1.685937500000000000e+02,-1.867187500000000000e+02,-2.683750000000000000e+02
-1.764062500000000000e+02,-1.804687500000000000e+02,-2.696250000000000000e+02
-1.799218750000000000e+02,-1.937500000000000000e+02,-2.727500000000000000e+02
-1.654687500000000000e+02,-1.921875000000000000e+02,-2.721250000000000000e+02
-1.807031250000000000e+02,-1.875000000000000000e+02,-2.627500000000000000e+02
-1.709375000000000000e+02,-1.914062500000000000e+02,-2.633750000000000000e+02
-1.740625000000000000e+02,-1.968750000000000000e+02,-2.633750000000000000e+02
-1.740625000000000000e+02,-1.804687500000000000e+02,-2.683750000000000000e+02
-1.678125000000000000e+02,-1.898437500000000000e+02,-2.696250000000000000e+02
-1.685937500000000000e+02,-1.906250000000000000e+02,-2.671250000000000000e+02
-1.795312500000000000e+02,-1.832031250000000000e+02,-2.702500000000000000e+02
-1.721093750000000000e+02,-1.843750000000000000e+02,-2.652500000000000000e+02
-1.732812500000000000e+02,-1.843750000000000000e+02,-2.696250000000000000e+02
-1.728906250000000000e+02,-1.968750000000000000e+02,-2.727500000000000000e+02
-1.713281250000000000e+02,-1.921875000000000000e+02,-2.727500000000000000e+02
-1.810937500000000000e+02,-1.820312500000000000e+02,-2.671250000000000000e+02
-1.693750000000000000e+02,-1.882812500000000000e+02,-2.721250000000000000e+02
-1.725000000000000000e+02,-1.812500000000000000e+02,-2.683750000000000000e+02
-1.787500000000000000e+02,-1.812500000000000000e+02,-2.696250000000000000e+02
-1.717187500000000000e+02,-1.859375000000000000e+02,-2.721250000000000000e+02
-1.748437500000000000e+02,-1.996093750000000000e+02,-2.665000000000000000e+02
-1.725000000000000000e+02,-1.851562500000000000e+02,-2.696250000000000000e+02
-1.701562500000000000e+02,-1.953125000000000000e+02,-2.721250000000000000e+02
-1.826562500000000000e+02,-1.890625000000000000e+02,-2.683750000000000000e+02
-1.838281250000000000e+02,-1.851562500000000000e+02,-2.677500000000000000e+02
-1.654687500000000000e+02,-1.914062500000000000e+02,-2.708750000000000000e+02
-1.764062500000000000e+02,-1.796875000000000000e+02,-2.633750000000000000e+02
-1.787500000000000000e+02,-1.804687500000000000e+02,-2.696250000000000000e+02
-1.670312500000000000e+02,-1.875000000000000000e+02,-2.721250000000000000e+02
-1.803125000000000000e+02,-1.941406250000000000e+02,-2.690000000000000000e+02
-1.732812500000000000e+02,-1.867187500000000000e+02,-2.633750000000000000e+02
-1.779687500000000000e+02,-1.851562500000000000e+02,-2.721250000000000000e+02
-1.732812500000000000e+02,-1.953125000000000000e+02,-2.633750000000000000e+02
-1.764062500000000000e+02,-1.941406250000000000e+02,-2.702500000000000000e+02
-1.678125000000000000e+02,-1.882812500000000000e+02,-2.646250000000000000e+02
-1.810937500000000000e+02,-1.929687500000000000e+02,-2.696250000000000000e+02
-1.740625000000000000e+02,-1.781250000000000000e+02,-2.671250000000000000e+02
-1.756250000000000000e+02,-1.992187500000000000e+02,-2.658750000000000000e+02
-1.650781250000000000e+02,-1.906250000000000000e+02,-2.715000000000000000e+02
-1.775781250000000000e+02,-1.898437500000000000e+02,-2.727500000000000000e+02
-1.771875000000000000e+02,-1.957031250000000000e+02,-2.652500000000000000e+02
-1.732812500000000000e+02,-1.953125000000000000e+02,-2.696250000000000000e+02
-1.748437500000000000e+02,-1.945312500000000000e+02,-2.633750000000000000e+02
-1.693750000000000000e+02,-1.937500000000000000e+02,-2.671250000000000000e+02
-1.807031250000000000e+02,-1.937500000000000000e+02,-2.640000000000000000e+02
-1.826562500000000000e+02,-1.906250000000000000e+02,-2.658750000000000000e+02
-1.810937500000000000e+02,-1.882812500000000000e+02,-2.633750000000000000e+02
-1.795312500000000000e+02,-1.890625000000000000e+02,-2.721250000000000000e+02
-1.795312500000000000e+02,-1.984375000000000000e+02,-2.658750000000000000e+02
-1.756250000000000000e+02,-1.812500000000000000e+02,-2.696250000000000000e+02
-1.826562500000000000e+02,-1.906250000000000000e+02,-2.646250000000000000e+02
-1.752343750000000000e+02,-1.781250000000000000e+02,-2.665000000000000000e+02
-1.748437500000000000e+02,-1.855468750000000000e+02,-2.627500000000000000e+02
-1.685937500000000000e+02,-1.882812500000000000e+02,-2.721250000000000000e+02
-1.795312500000000000e+02,-1.941406250000000000e+02,-2.727500000000000000e+02
-1.748437500000000000e+02,-1.953125000000000000e+02,-2.633750000000000000e+02
-1.709375000000000000e+02,-1.851562500000000000e+02,-2.671250000000000000e+02
-1.779687500000000000e+02,-1.957031250000000000e+02,-2.727500000000000000e+02
-1.764062500000000000e+02,-1.945312500000000000e+02,-2.633750000000000000e+02
-1.779687500000000000e+02,-1.968750000000000000e+02,-2.721250000000000000e+02
-1.814843750000000000e+02,-1.953125000000000000e+02,-2.690000000000000000e+02
-1.709375000000000000e+02,-1.898437500000000000e+02,-2.721250000000000000e+02
-1.697656250000000000e+02,-1.906250000000000000e+02,-2.690000000000000000e+02
-1.693750000000000000e+02,-1.843750000000000000e+02,-2.671250000000000000e+02
-1.795312500000000000e+02,-1.789062500000000000e+02,-2.658750000000000000e+02
-1.803125000000000000e+02,-1.859375000000000000e+02,-2.633750000000000000e+02
-1.764062500000000000e+02,-1.968750000000000000e+02,-2.658750000000000000e+02
-1.685937500000000000e+02,-1.921875000000000000e+02,-2.633750000000000000e+02
-1.803125000000000000e+02,-1.902343750000000000e+02,-2.715000000000000000e+02
-1.826562500000000000e+02,-1.890625000000000000e+02,-2.658750000000000000e+02
-1.725000000000000000e+02,-1.789062500000000000e+02,-2.683750000000000000e+02
-1.701562500000000000e+02,-1.929687500000000000e+02,-2.696250000000000000e+02
-1.693750000000000000e+02,-1.890625000000000000e+02,-2.721250000000000000e+02
-1.740625000000000000e+02,-1.980468750000000000e+02,-2.665000000000000000e+02
-1.709375000000000000e+02,-1.871093750000000000e+02,-2.640000000000000000e+02
-1.748437500000000000e+02,-1.785156250000000000e+02,-2.665000000000000000e+02
-1.818750000000000000e+02,-1.957031250000000000e+02,-2.677500000000000000e+02
-1.701562500000000000e+02,-1.945312500000000000e+02,-2.671250000000000000e+02
-1.701562500000000000e+02,-1.914062500000000000e+02,-2.671250000000000000e+02
-1.791406250000000000e+02,-1.789062500000000000e+02,-2.665000000000000000e+02
-1.682031250000000000e+02,-1.921875000000000000e+02,-2.640000000000000000e+02
-1.771875000000000000e+02,-1.968750000000000000e+02,-2.658750000000000000e+02
-1.693750000000000000e+02,-1.906250000000000000e+02,-2.696250000000000000e+02
-1.803125000000000000e+02,-1.843750000000000000e+02,-2.708750000000000000e+02
-1.826562500000000000e+02,-1.855468750000000000e+02,-2.640000000000000000e+02
-1.713281250000000000e+02,-1.984375000000000000e+02,-2.652500000000000000e+02
-1.787500000000000000e+02,-1.875000000000000000e+02,-2.721250000000000000e+02
-1.810937500000000000e+02,-1.867187500000000000e+02,-2.708750000000000000e+02
-1.830468750000000000e+02,-1.921875000000000000e+02,-2.665000000000000000e+02
-1.810937500000000000e+02,-1.937500000000000000e+02,-2.708750000000000000e+02
-1.818750000000000000e+02,-1.843750000000000000e+02,-2.633750000000000000e+02
-1.701562500000000000e+02,-1.828125000000000000e+02,-2.708750000000000000e+02
-1.732812500000000000e+02,-1.976562500000000000e+02,-2.646250000000000000e+02
-1.779687500000000000e+02,-1.937500000000000000e+02,-2.683750000000000000e+02
-1.662500000000000000e+02,-1.921875000000000000e+02,-2.708750000000000000e+02
-1.740625000000000000e+02,-1.843750000000000000e+02,-2.721250000000000000e+02
-1.787500000000000000e+02,-1.781250000000000000e+02,-2.646250000000000000e+02
-1.682031250000000000e+02,-1.898437500000000000e+02,-2.665000000000000000e+02
-1.642968750000000000e+02,-1.914062500000000000e+02,-2.715000000000000000e+02
-1.818750000000000000e+02,-1.847656250000000000e+02,-2.652500000000000000e+02
-1.705468750000000000e+02,-1.812500000000000000e+02,-2.677500000000000000e+02
-1.834375000000000000e+02,-1.914062500000000000e+02,-2.683750000000000000e+02
-1.740625000000000000e+02,-1.843750000000000000e+02,-2.633750000000000000e+02
-1.705468750000000000e+02,-1.835937500000000000e+02,-2.702500000000000000e+02
-1.807031250000000000e+02,-1.828125000000000000e+02,-2.665000000000000000e+02
-1.721093750000000000e+02,-1.984375000000000000e+02,-2.715000000000000000e+02
-1.701562500000000000e+02,-1.937500000000000000e+02,-2.721250000000000000e+02
-1.810937500000000000e+02,-1.832031250000000000e+02,-2.690000000000000000e+02
-1.717187500000000000e+02,-1.875000000000000000e+02,-2.633750000000000000e+02
-1.810937500000000000e+02,-1.968750000000000000e+02,-2.671250000000000000e+02
-1.771875000000000000e+02,-1.937500000000000000e+02,-2.708750000000000000e+02
-1.756250000000000000e+02,-1.988281250000000000e+02,-2.715000000000000000e+02
-1.685937500000000000e+02,-1.945312500000000000e+02,-2.633750000000000000e+02
-1.826562500000000000e+02,-1.843750000000000000e+02,-2.683750000000000000e+02
-1.678125000000000000e+02,-1.914062500000000000e+02,-2.658750000000000000e+02
-1.685937500000000000e+02,-1.953125000000000000e+02,-2.721250000000000000e+02
-1.740625000000000000e+02,-1.804687500000000000e+02,-2.633750000000000000e+02
-1.725000000000000000e+02,-1.843750000000000000e+02,-2.633750000000000000e+02
-1.740625000000000000e+02,-1.812500000000000000e+02,-2.683750000000000000e+02
-1.810937500000000000e+02,-1.828125000000000000e+02,-2.683750000000000000e+02
-1.701562500000000000e+02,-1.906250000000000000e+02,-2.633750000000000000e+02
-1.787500000000000000e+02,-1.792968750000000000e+02,-2.640000000000000000e+02
-1.838281250000000000e+02,-1.843750000000000000e+02,-2.677500000000000000e+02
-1.725000000000000000e+02,-1.820312500000000000e+02,-2.696250000000000000e+02
-1.787500000000000000e+02,-1.835937500000000000e+02,-2.708750000000000000e+02
-1.709375000000000000e+02,-1.921875000000000000e+02,-2.721250000000000000e+02
-1.697656250000000000e+02,-1.828125000000000000e+02,-2.677500000000000000e+02
-1.826562500000000000e+02,-1.875000000000000000e+02,-2.658750000000000000e+02
-1.803125000000000000e+02,-1.968750000000000000e+02,-2.658750000000000000e+02
-1.826562500000000000e+02,-1.953125000000000000e+02,-2.658750000000000000e+02
-1.740625000000000000e+02,-1.820312500000000000e+02,-2.683750000000000000e+02
-1.670312500000000000e+02,-1.914062500000000000e+02,-2.646250000000000000e+02
-1.713281250000000000e+02,-1.796875000000000000e+02,-2.677500000000000000e+02
-1.795312500000000000e+02,-1.906250000000000000e+02,-2.721250000000000000e+02
-1.803125000000000000e+02,-1.828125000000000000e+02,-2.633750000000000000e+02
-1.779687500000000000e+02,-1.996093750000000000e+02,-2.665000000000000000e+02
-1.658593750000000000e+02,-1.929687500000000000e+02,-2.715000000000000000e+02
-1.807031250000000000e+02,-1.820312500000000000e+02,-2.665000000000000000e+02
-1.771875000000000000e+02,-1.832031250000000000e+02,-2.715000000000000000e+02
-1.771875000000000000e+02,-1.777343750000000000e+02,-2.665000000000000000e+02
-1.818750000000000000e+02,-1.843750000000000000e+02,-2.658750000000000000e+02
-1.764062500000000000e+02,-1.996093750000000000e+02,-2.665000000000000000e+02
-1.709375000000000000e+02,-1.937500000000000000e+02,-2.633750000000000000e+02
-1.721093750000000000e+02,-1.953125000000000000e+02,-2.702500000000000000e+02
-1.646875000000000000e+02,-1.914062500000000000e+02,-2.721250000000000000e+02
-1.787500000000000000e+02,-1.953125000000000000e+02,-2.671250000000000000e+02
-1.709375000000000000e+02,-1.937500000000000000e+02,-2.721250000000000000e+02
-1.748437500000000000e+02,-1.984375000000000000e+02,-2.708750000000000000e+02
-1.685937500000000000e+02,-1.882812500000000000e+02,-2.646250000000000000e+02
-1.775781250000000000e+02,-1.882812500000000000e+02,-2.727500000000000000e+02
-1.810937500000000000e+02,-1.929687500000000000e+02,-2.708750000000000000e+02
-1.807031250000000000e+02,-1.921875000000000000e+02,-2.702500000000000000e+02
-1.678125000000000000e+02,-1.859375000000000000e+02,-2.708750000000000000e+02
-1.748437500000000000e+02,-1.789062500000000000e+02,-2.683750000000000000e+02
-1.795312500000000000e+02,-1.937500000000000000e+02,-2.683750000000000000e+02
-1.748437500000000000e+02,-1.968750000000000000e+02,-2.671250000000000000e+02
-1.834375000000000000e+02,-1.949218750000000000e+02,-2.677500000000000000e+02
-1.764062500000000000e+02,-1.824218750000000000e+02,-2.715000000000000000e+02
-1.670312500000000000e+02,-1.921875000000000000e+02,-2.721250000000000000e+02
-1.799218750000000000e+02,-1.804687500000000000e+02,-2.665000000000000000e+02
-1.779687500000000000e+02,-1.812500000000000000e+02,-2.633750000000000000e+02
-1.779687500000000000e+02,-1.945312500000000000e+02,-2.633750000000000000e+02
-1.795312500000000000e+02,-1.960937500000000000e+02,-2.708750000000000000e+02
-1.807031250000000000e+02,-1.945312500000000000e+02,-2.715000000000000000e+02
-1.764062500000000000e+02,-1.914062500000000000e+02,-2.633750000000000000e+02
-1.748437500000000000e+02,-1.953125000000000000e+02,-2.708750000000000000e+02
-1.685937500000000000e+02,-1.882812500000000000e+02,-2.696250000000000000e+02
-1.803125000000000000e+02,-1.812500000000000000e+02,-2.683750000000000000e+02
-1.771875000000000000e+02,-1.804687500000000000e+02,-2.633750000000000000e+02
-1.748437500000000000e+02,-1.878906250000000000e+02,-2.627500000000000000e+02
-1.826562500000000000e+02,-1.843750000000000000e+02,-2.658750000000000000e+02
-1.748437500000000000e+02,-1.960937500000000000e+02,-2.683750000000000000e+02
-1.689843750000000000e+02,-1.953125000000000000e+02,-2.652500000000000000e+02
-1.779687500000000000e+02,-1.968750000000000000e+02,-2.671250000000000000e+02
-1.682031250000000000e+02,-1.867187500000000000e+02,-2.677500000000000000e+02
-1.732812500000000000e+02,-1.804687500000000000e+02,-2.683750000000000000e+02
-1.732812500000000000e+02,-1.929687500000000000e+02,-2.633750000000000000e+02
-1.740625000000000000e+02,-1.984375000000000000e+02,-2.658750000000000000e+02
-1.826562500000000000e+02,-1.929687500000000000e+02,-2.696250000000000000e+02
-1.748437500000000000e+02,-1.816406250000000000e+02,-2.715000000000000000e+02
-1.674218750000000000e+02,-1.859375000000000000e+02,-2.715000000000000000e+02
-1.725000000000000000e+02,-1.968750000000000000e+02,-2.721250000000000000e+02
-1.682031250000000000e+02,-1.906250000000000000e+02,-2.665000000000000000e+02
-1.740625000000000000e+02,-1.808593750000000000e+02,-2.702500000000000000e+02
-1.689843750000000000e+02,-1.929687500000000000e+02,-2.665000000000000000e+02
-1.830468750000000000e+02,-1.843750000000000000e+02,-2.640000000000000000e+02
-1.693750000000000000e+02,-1.960937500000000000e+02,-2.708750000000000000e+02
-1.771875000000000000e+02,-1.984375000000000000e+02,-2.671250000000000000e+02
-1.717187500000000000e+02,-1.843750000000000000e+02,-2.696250000000000000e+02
-1.834375000000000000e+02,-1.867187500000000000e+02,-2.696250000000000000e+02
-1.810937500000000000e+02,-1.835937500000000000e+02,-2.633750000000000000e+02
-1.764062500000000000e+02,-1.769531250000000000e+02,-2.652500000000000000e+02
-1.838281250000000000e+02,-1.890625000000000000e+02,-2.677500000000000000e+02
-1.693750000000000000e+02,-1.859375000000000000e+02,-2.683750000000000000e+02
-1.787500000000000000e+02,-1.953125000000000000e+02,-2.721250000000000000e+02
-1.779687500000000000e+02,-1.832031250000000000e+02,-2.715000000000000000e+02
-1.728906250000000000e+02,-1.945312500000000000e+02,-2.727500000000000000e+02
-1.717187500000000000e+02,-1.847656250000000000e+02,-2.652500000000000000e+02
-1.748437500000000000e+02,-1.812500000000000000e+02,-2.683750000000000000e+02
-1.795312500000000000e+02,-1.949218750000000000e+02,-2.640000000000000000e+02
-1.693750000000000000e+02,-1.914062500000000000e+02,-2.633750000000000000e+02
-1.685937500000000000e+02,-1.863281250000000000e+02,-2.702500000000000000e+02
-1.748437500000000000e+02,-1.820312500000000000e+02,-2.633750000000000000e+02
-1.756250000000000000e+02,-1.976562500000000000e+02,-2.646250000000000000e+02
-1.709375000000000000e+02,-1.949218750000000000e+02,-2.702500000000000000e+02
-1.701562500000000000e+02,-1.957031250000000000e+02,-2.665000000000000000e+02
-1.685937500000000000e+02,-1.871093750000000000e+02,-2.677500000000000000e+02
-1.822656250000000000e+02,-1.851562500000000000e+02,-2.690000000000000000e+02
-1.717187500000000000e+02,-1.953125000000000000e+02,-2.708750000000000000e+02
-1.701562500000000000e+02,-1.828125000000000000e+02,-2.671250000000000000e+02
-1.740625000000000000e+02,-1.953125000000000000e+02,-2.633750000000000000e+02
-1.818750000000000000e+02,-1.875000000000000000e+02,-2.646250000000000000e+02
-1.725000000000000000e+02,-1.929687500000000000e+02,-2.633750000000000000e+02
-1.701562500000000000e+02,-1.859375000000000000e+02,-2.683750000000000000e+02
-1.810937500000000000e+02,-1.917968750000000000e+02,-2.702500000000000000e+02
-1.732812500000000000e+02,-1.812500000000000000e+02,-2.646250000000000000e+02
-1.810937500000000000e+02,-1.957031250000000000e+02,-2.652500000000000000e+02
-1.830468750000000000e+02,-1.843750000000000000e+02,-2.665000000000000000e+02
-1.678125000000000000e+02,-1.921875000000000000e+02,-2.721250000000000000e+02
-1.693750000000000000e+02,-1.945312500000000000e+02,-2.721250000000000000e+02
