-2.170695350000000019e+02,-2.042578159999999912e+02,-3.655000000000000000e+02
-2.166593790000000013e+02,-2.042578159999999912e+02,-3.661250000000000000e+02
-2.166593790000000013e+02,-2.046679719999999918e+02,-3.655000000000000000e+02
-2.166593790000000013e+02,-2.042578159999999912e+02,-3.648750000000000000e+02
-2.166593790000000013e+02,-2.038476599999999905e+02,-3.655000000000000000e+02
-2.162492230000000006e+02,-2.050781279999999924e+02,-3.655000000000000000e+02
-2.158390670000000000e+02,-2.050781279999999924e+02,-3.661250000000000000e+02
-2.158390670000000000e+02,-2.054882839999999931e+02,-3.655000000000000000e+02
-2.158390670000000000e+02,-2.050781279999999924e+02,-3.648750000000000000e+02
-2.158390670000000000e+02,-2.042578159999999912e+02,-3.661250000000000000e+02
-2.158390670000000000e+02,-2.042578159999999912e+02,-3.648750000000000000e+02
-2.162492230000000006e+02,-2.034375039999999899e+02,-3.667500000000000000e+02
-2.158390670000000000e+02,-2.034375039999999899e+02,-3.673750000000000000e+02
-2.158390670000000000e+02,-2.038476599999999905e+02,-3.667500000000000000e+02
-2.162492230000000006e+02,-2.034375039999999899e+02,-3.655000000000000000e+02
-2.158390670000000000e+02,-2.034375039999999899e+02,-3.648750000000000000e+02
-2.162492230000000006e+02,-2.026171919999999886e+02,-3.667500000000000000e+02
-2.158390670000000000e+02,-2.026171919999999886e+02,-3.673750000000000000e+02
-2.158390670000000000e+02,-2.026171919999999886e+02,-3.661250000000000000e+02
-2.158390670000000000e+02,-2.030273479999999893e+02,-3.655000000000000000e+02
-2.158390670000000000e+02,-2.022070359999999880e+02,-3.667500000000000000e+02
-2.150187549999999987e+02,-2.050781279999999924e+02,-3.661250000000000000e+02
-2.150187549999999987e+02,-2.054882839999999931e+02,-3.655000000000000000e+02
-2.150187549999999987e+02,-2.050781279999999924e+02,-3.648750000000000000e+02
-2.154289109999999994e+02,-2.042578159999999912e+02,-3.680000000000000000e+02
-2.150187549999999987e+02,-2.042578159999999912e+02,-3.686250000000000000e+02
-2.150187549999999987e+02,-2.046679719999999918e+02,-3.680000000000000000e+02
-2.150187549999999987e+02,-2.046679719999999918e+02,-3.667500000000000000e+02
-2.154289109999999994e+02,-2.042578159999999912e+02,-3.667500000000000000e+02
-2.150187549999999987e+02,-2.042578159999999912e+02,-3.648750000000000000e+02
-2.154289109999999994e+02,-2.034375039999999899e+02,-3.680000000000000000e+02
-2.150187549999999987e+02,-2.034375039999999899e+02,-3.686250000000000000e+02
-2.150187549999999987e+02,-2.034375039999999899e+02,-3.648750000000000000e+02
-2.150187549999999987e+02,-2.030273479999999893e+02,-3.680000000000000000e+02
-2.150187549999999987e+02,-2.026171919999999886e+02,-3.673750000000000000e+02
-2.150187549999999987e+02,-2.030273479999999893e+02,-3.655000000000000000e+02
-2.150187549999999987e+02,-2.026171919999999886e+02,-3.661250000000000000e+02
-2.150187549999999987e+02,-2.022070359999999880e+02,-3.667500000000000000e+02
-2.141984429999999975e+02,-2.071289079999999956e+02,-3.692500000000000000e+02
-2.141984429999999975e+02,-2.067187519999999950e+02,-3.686250000000000000e+02
-2.146085989999999981e+02,-2.067187519999999950e+02,-3.692500000000000000e+02
-2.141984429999999975e+02,-2.058984399999999937e+02,-3.686250000000000000e+02
-2.146085989999999981e+02,-2.058984399999999937e+02,-3.692500000000000000e+02
-2.146085989999999981e+02,-2.058984399999999937e+02,-3.655000000000000000e+02
-2.141984429999999975e+02,-2.058984399999999937e+02,-3.661250000000000000e+02
-2.141984429999999975e+02,-2.063085959999999943e+02,-3.655000000000000000e+02
-2.141984429999999975e+02,-2.058984399999999937e+02,-3.648750000000000000e+02
-2.141984429999999975e+02,-2.050781279999999924e+02,-3.686250000000000000e+02
-2.146085989999999981e+02,-2.050781279999999924e+02,-3.692500000000000000e+02
-2.141984429999999975e+02,-2.050781279999999924e+02,-3.661250000000000000e+02
-2.141984429999999975e+02,-2.050781279999999924e+02,-3.648750000000000000e+02
-2.141984429999999975e+02,-2.046679719999999918e+02,-3.680000000000000000e+02
-2.146085989999999981e+02,-2.042578159999999912e+02,-3.692500000000000000e+02
-2.141984429999999975e+02,-2.046679719999999918e+02,-3.667500000000000000e+02
-2.141984429999999975e+02,-2.042578159999999912e+02,-3.648750000000000000e+02
-2.141984429999999975e+02,-2.038476599999999905e+02,-3.692500000000000000e+02
-2.141984429999999975e+02,-2.034375039999999899e+02,-3.686250000000000000e+02
-2.141984429999999975e+02,-2.034375039999999899e+02,-3.648750000000000000e+02
-2.146085989999999981e+02,-2.026171919999999886e+02,-3.680000000000000000e+02
-2.141984429999999975e+02,-2.026171919999999886e+02,-3.686250000000000000e+02
-2.146085989999999981e+02,-2.026171919999999886e+02,-3.655000000000000000e+02
-2.141984429999999975e+02,-2.026171919999999886e+02,-3.648750000000000000e+02
-2.141984429999999975e+02,-2.022070359999999880e+02,-3.680000000000000000e+02
-2.141984429999999975e+02,-2.022070359999999880e+02,-3.667500000000000000e+02
-2.141984429999999975e+02,-2.022070359999999880e+02,-3.655000000000000000e+02
-2.137882869999999969e+02,-2.075390639999999962e+02,-3.680000000000000000e+02
-2.133781309999999962e+02,-2.075390639999999962e+02,-3.686250000000000000e+02
-2.133781309999999962e+02,-2.079492199999999968e+02,-3.680000000000000000e+02
-2.133781309999999962e+02,-2.075390639999999962e+02,-3.673750000000000000e+02
-2.137882869999999969e+02,-2.067187519999999950e+02,-3.680000000000000000e+02
-2.133781309999999962e+02,-2.071289079999999956e+02,-3.692500000000000000e+02
-2.133781309999999962e+02,-2.067187519999999950e+02,-3.673750000000000000e+02
-2.137882869999999969e+02,-2.067187519999999950e+02,-3.655000000000000000e+02
-2.133781309999999962e+02,-2.067187519999999950e+02,-3.661250000000000000e+02
-2.133781309999999962e+02,-2.071289079999999956e+02,-3.655000000000000000e+02
-2.133781309999999962e+02,-2.067187519999999950e+02,-3.648750000000000000e+02
-2.137882869999999969e+02,-2.058984399999999937e+02,-3.680000000000000000e+02
-2.133781309999999962e+02,-2.058984399999999937e+02,-3.673750000000000000e+02
-2.133781309999999962e+02,-2.058984399999999937e+02,-3.661250000000000000e+02
-2.133781309999999962e+02,-2.058984399999999937e+02,-3.648750000000000000e+02
-2.137882869999999969e+02,-2.050781279999999924e+02,-3.680000000000000000e+02
-2.133781309999999962e+02,-2.054882839999999931e+02,-3.667500000000000000e+02
-2.137882869999999969e+02,-2.050781279999999924e+02,-3.667500000000000000e+02
-2.133781309999999962e+02,-2.050781279999999924e+02,-3.648750000000000000e+02
-2.133781309999999962e+02,-2.042578159999999912e+02,-3.648750000000000000e+02
-2.137882869999999969e+02,-2.034375039999999899e+02,-3.692500000000000000e+02
-2.133781309999999962e+02,-2.034375039999999899e+02,-3.648750000000000000e+02
-2.137882869999999969e+02,-2.026171919999999886e+02,-3.692500000000000000e+02
-2.133781309999999962e+02,-2.026171919999999886e+02,-3.648750000000000000e+02
-2.137882869999999969e+02,-2.017968799999999874e+02,-3.680000000000000000e+02
-2.137882869999999969e+02,-2.017968799999999874e+02,-3.692500000000000000e+02
-2.137882869999999969e+02,-2.017968799999999874e+02,-3.667500000000000000e+02
-2.137882869999999969e+02,-2.017968799999999874e+02,-3.655000000000000000e+02
-2.133781309999999962e+02,-2.017968799999999874e+02,-3.648750000000000000e+02
-2.137882869999999969e+02,-2.009765679999999861e+02,-3.680000000000000000e+02
-2.137882869999999969e+02,-2.009765679999999861e+02,-3.692500000000000000e+02
-2.133781309999999962e+02,-2.009765679999999861e+02,-3.673750000000000000e+02
-2.133781309999999962e+02,-2.013867239999999867e+02,-3.667500000000000000e+02
-2.137882869999999969e+02,-2.009765679999999861e+02,-3.655000000000000000e+02
-2.133781309999999962e+02,-2.009765679999999861e+02,-3.661250000000000000e+02
-2.133781309999999962e+02,-2.009765679999999861e+02,-3.648750000000000000e+02
-2.133781309999999962e+02,-2.001562559999999849e+02,-3.686250000000000000e+02
-2.133781309999999962e+02,-2.005664120000000139e+02,-3.680000000000000000e+02
-2.137882869999999969e+02,-2.001562559999999849e+02,-3.692500000000000000e+02
-2.133781309999999962e+02,-2.005664120000000139e+02,-3.655000000000000000e+02
-2.133781309999999962e+02,-1.997461000000000126e+02,-3.692500000000000000e+02
-2.129679749999999956e+02,-2.083593759999999975e+02,-3.680000000000000000e+02
-2.125578189999999950e+02,-2.083593759999999975e+02,-3.686250000000000000e+02
-2.125578189999999950e+02,-2.087695319999999981e+02,-3.680000000000000000e+02
-2.125578189999999950e+02,-2.083593759999999975e+02,-3.673750000000000000e+02
-2.125578189999999950e+02,-2.075390639999999962e+02,-3.686250000000000000e+02
-2.125578189999999950e+02,-2.079492199999999968e+02,-3.667500000000000000e+02
-2.129679749999999956e+02,-2.075390639999999962e+02,-3.667500000000000000e+02
-2.125578189999999950e+02,-2.075390639999999962e+02,-3.661250000000000000e+02
-2.125578189999999950e+02,-2.071289079999999956e+02,-3.692500000000000000e+02
-2.129679749999999956e+02,-2.067187519999999950e+02,-3.667500000000000000e+02
-2.125578189999999950e+02,-2.071289079999999956e+02,-3.655000000000000000e+02
-2.125578189999999950e+02,-2.071289079999999956e+02,-3.642500000000000000e+02
-2.129679749999999956e+02,-2.067187519999999950e+02,-3.642500000000000000e+02
-2.125578189999999950e+02,-2.067187519999999950e+02,-3.636250000000000000e+02
-2.129679749999999956e+02,-2.058984399999999937e+02,-3.667500000000000000e+02
-2.129679749999999956e+02,-2.058984399999999937e+02,-3.642500000000000000e+02
-2.125578189999999950e+02,-2.058984399999999937e+02,-3.636250000000000000e+02
-2.129679749999999956e+02,-2.050781279999999924e+02,-3.642500000000000000e+02
-2.125578189999999950e+02,-2.050781279999999924e+02,-3.636250000000000000e+02
-2.129679749999999956e+02,-2.042578159999999912e+02,-3.642500000000000000e+02
-2.125578189999999950e+02,-2.042578159999999912e+02,-3.636250000000000000e+02
-2.129679749999999956e+02,-2.034375039999999899e+02,-3.642500000000000000e+02
-2.125578189999999950e+02,-2.034375039999999899e+02,-3.636250000000000000e+02
-2.129679749999999956e+02,-2.026171919999999886e+02,-3.642500000000000000e+02
-2.125578189999999950e+02,-2.026171919999999886e+02,-3.636250000000000000e+02
-2.129679749999999956e+02,-2.017968799999999874e+02,-3.642500000000000000e+02
-2.125578189999999950e+02,-2.017968799999999874e+02,-3.636250000000000000e+02
-2.125578189999999950e+02,-2.013867239999999867e+02,-3.667500000000000000e+02
-2.125578189999999950e+02,-2.009765679999999861e+02,-3.673750000000000000e+02
-2.125578189999999950e+02,-2.009765679999999861e+02,-3.661250000000000000e+02
-2.125578189999999950e+02,-2.013867239999999867e+02,-3.642500000000000000e+02
-2.125578189999999950e+02,-2.009765679999999861e+02,-3.648750000000000000e+02
-2.129679749999999956e+02,-2.001562559999999849e+02,-3.680000000000000000e+02
-2.125578189999999950e+02,-2.001562559999999849e+02,-3.673750000000000000e+02
-2.129679749999999956e+02,-2.001562559999999849e+02,-3.655000000000000000e+02
-2.125578189999999950e+02,-2.001562559999999849e+02,-3.661250000000000000e+02
-2.125578189999999950e+02,-2.001562559999999849e+02,-3.648750000000000000e+02
-2.125578189999999950e+02,-1.997461000000000126e+02,-3.692500000000000000e+02
-2.129679749999999956e+02,-1.993359440000000120e+02,-3.680000000000000000e+02
-2.125578189999999950e+02,-1.993359440000000120e+02,-3.686250000000000000e+02
-2.125578189999999950e+02,-1.993359440000000120e+02,-3.673750000000000000e+02
-2.125578189999999950e+02,-1.997461000000000126e+02,-3.655000000000000000e+02
-2.125578189999999950e+02,-1.989257880000000114e+02,-3.680000000000000000e+02
-2.117375069999999937e+02,-2.083593759999999975e+02,-3.686250000000000000e+02
-2.117375069999999937e+02,-2.087695319999999981e+02,-3.680000000000000000e+02
-2.117375069999999937e+02,-2.083593759999999975e+02,-3.673750000000000000e+02
-2.121476629999999943e+02,-2.083593759999999975e+02,-3.655000000000000000e+02
-2.117375069999999937e+02,-2.083593759999999975e+02,-3.661250000000000000e+02
-2.117375069999999937e+02,-2.087695319999999981e+02,-3.655000000000000000e+02
-2.117375069999999937e+02,-2.083593759999999975e+02,-3.648750000000000000e+02
-2.117375069999999937e+02,-2.075390639999999962e+02,-3.686250000000000000e+02
-2.117375069999999937e+02,-2.079492199999999968e+02,-3.667500000000000000e+02
-2.121476629999999943e+02,-2.075390639999999962e+02,-3.655000000000000000e+02
-2.117375069999999937e+02,-2.075390639999999962e+02,-3.648750000000000000e+02
-2.117375069999999937e+02,-2.071289079999999956e+02,-3.692500000000000000e+02
-2.117375069999999937e+02,-2.071289079999999956e+02,-3.642500000000000000e+02
-2.117375069999999937e+02,-2.067187519999999950e+02,-3.636250000000000000e+02
-2.117375069999999937e+02,-2.058984399999999937e+02,-3.636250000000000000e+02
-2.117375069999999937e+02,-2.054882839999999931e+02,-3.630000000000000000e+02
-2.121476629999999943e+02,-2.050781279999999924e+02,-3.630000000000000000e+02
-2.121476629999999943e+02,-2.042578159999999912e+02,-3.630000000000000000e+02
-2.121476629999999943e+02,-2.034375039999999899e+02,-3.630000000000000000e+02
-2.117375069999999937e+02,-2.030273479999999893e+02,-3.630000000000000000e+02
-2.117375069999999937e+02,-2.026171919999999886e+02,-3.636250000000000000e+02
-2.117375069999999937e+02,-2.017968799999999874e+02,-3.636250000000000000e+02
-2.117375069999999937e+02,-2.013867239999999867e+02,-3.667500000000000000e+02
-2.117375069999999937e+02,-2.009765679999999861e+02,-3.673750000000000000e+02
-2.117375069999999937e+02,-2.009765679999999861e+02,-3.661250000000000000e+02
-2.121476629999999943e+02,-2.009765679999999861e+02,-3.642500000000000000e+02
-2.117375069999999937e+02,-2.009765679999999861e+02,-3.636250000000000000e+02
-2.117375069999999937e+02,-2.001562559999999849e+02,-3.673750000000000000e+02
-2.117375069999999937e+02,-2.005664120000000139e+02,-3.655000000000000000e+02
-2.121476629999999943e+02,-2.001562559999999849e+02,-3.655000000000000000e+02
-2.117375069999999937e+02,-2.005664120000000139e+02,-3.642500000000000000e+02
-2.117375069999999937e+02,-1.997461000000000126e+02,-3.692500000000000000e+02
-2.117375069999999937e+02,-1.993359440000000120e+02,-3.686250000000000000e+02
-2.117375069999999937e+02,-1.993359440000000120e+02,-3.673750000000000000e+02
-2.117375069999999937e+02,-1.989257880000000114e+02,-3.680000000000000000e+02
-2.113273509999999931e+02,-2.091796879999999987e+02,-3.667500000000000000e+02
-2.109171949999999924e+02,-2.091796879999999987e+02,-3.673750000000000000e+02
-2.109171949999999924e+02,-2.095898439999999994e+02,-3.667500000000000000e+02
-2.109171949999999924e+02,-2.091796879999999987e+02,-3.661250000000000000e+02
-2.109171949999999924e+02,-2.083593759999999975e+02,-3.686250000000000000e+02
-2.109171949999999924e+02,-2.087695319999999981e+02,-3.680000000000000000e+02
-2.113273509999999931e+02,-2.083593759999999975e+02,-3.667500000000000000e+02
-2.109171949999999924e+02,-2.087695319999999981e+02,-3.655000000000000000e+02
-2.109171949999999924e+02,-2.083593759999999975e+02,-3.648750000000000000e+02
-2.113273509999999931e+02,-2.075390639999999962e+02,-3.692500000000000000e+02
-2.109171949999999924e+02,-2.079492199999999968e+02,-3.692500000000000000e+02
-2.109171949999999924e+02,-2.075390639999999962e+02,-3.648750000000000000e+02
-2.109171949999999924e+02,-2.071289079999999956e+02,-3.642500000000000000e+02
-2.109171949999999924e+02,-2.067187519999999950e+02,-3.636250000000000000e+02
-2.109171949999999924e+02,-2.063085959999999943e+02,-3.630000000000000000e+02
-2.113273509999999931e+02,-2.058984399999999937e+02,-3.630000000000000000e+02
-2.109171949999999924e+02,-2.030273479999999893e+02,-3.630000000000000000e+02
-2.109171949999999924e+02,-2.026171919999999886e+02,-3.636250000000000000e+02
-2.109171949999999924e+02,-2.017968799999999874e+02,-3.636250000000000000e+02
-2.109171949999999924e+02,-2.013867239999999867e+02,-3.667500000000000000e+02
-2.109171949999999924e+02,-2.009765679999999861e+02,-3.673750000000000000e+02
-2.109171949999999924e+02,-2.009765679999999861e+02,-3.661250000000000000e+02
-2.113273509999999931e+02,-2.009765679999999861e+02,-3.642500000000000000e+02
-2.109171949999999924e+02,-2.013867239999999867e+02,-3.642500000000000000e+02
-2.109171949999999924e+02,-2.009765679999999861e+02,-3.648750000000000000e+02
-2.109171949999999924e+02,-2.005664120000000139e+02,-3.692500000000000000e+02
-2.113273509999999931e+02,-2.001562559999999849e+02,-3.692500000000000000e+02
-2.109171949999999924e+02,-2.001562559999999849e+02,-3.686250000000000000e+02
-2.109171949999999924e+02,-2.001562559999999849e+02,-3.673750000000000000e+02
-2.109171949999999924e+02,-2.005664120000000139e+02,-3.655000000000000000e+02
-2.113273509999999931e+02,-1.993359440000000120e+02,-3.680000000000000000e+02
-2.109171949999999924e+02,-1.997461000000000126e+02,-3.680000000000000000e+02
-2.100968829999999912e+02,-2.091796879999999987e+02,-3.673750000000000000e+02
-2.100968829999999912e+02,-2.095898439999999994e+02,-3.667500000000000000e+02
-2.100968829999999912e+02,-2.091796879999999987e+02,-3.661250000000000000e+02
-2.100968829999999912e+02,-2.083593759999999975e+02,-3.686250000000000000e+02
-2.100968829999999912e+02,-2.087695319999999981e+02,-3.680000000000000000e+02
-2.100968829999999912e+02,-2.087695319999999981e+02,-3.655000000000000000e+02
-2.100968829999999912e+02,-2.083593759999999975e+02,-3.648750000000000000e+02
-2.100968829999999912e+02,-2.079492199999999968e+02,-3.692500000000000000e+02
-2.100968829999999912e+02,-2.075390639999999962e+02,-3.648750000000000000e+02
-2.100968829999999912e+02,-2.071289079999999956e+02,-3.642500000000000000e+02
-2.100968829999999912e+02,-2.067187519999999950e+02,-3.636250000000000000e+02
-2.100968829999999912e+02,-2.063085959999999943e+02,-3.630000000000000000e+02
-2.100968829999999912e+02,-2.030273479999999893e+02,-3.692500000000000000e+02
-2.105070389999999918e+02,-2.026171919999999886e+02,-3.692500000000000000e+02
-2.100968829999999912e+02,-2.026171919999999886e+02,-3.686250000000000000e+02
-2.100968829999999912e+02,-2.030273479999999893e+02,-3.630000000000000000e+02
-2.100968829999999912e+02,-2.026171919999999886e+02,-3.636250000000000000e+02
-2.100968829999999912e+02,-2.017968799999999874e+02,-3.686250000000000000e+02
-2.105070389999999918e+02,-2.017968799999999874e+02,-3.692500000000000000e+02
-2.100968829999999912e+02,-2.017968799999999874e+02,-3.636250000000000000e+02
-2.100968829999999912e+02,-2.009765679999999861e+02,-3.686250000000000000e+02
-2.105070389999999918e+02,-2.009765679999999861e+02,-3.692500000000000000e+02
-2.100968829999999912e+02,-2.013867239999999867e+02,-3.667500000000000000e+02
-2.100968829999999912e+02,-2.009765679999999861e+02,-3.673750000000000000e+02
-2.100968829999999912e+02,-2.009765679999999861e+02,-3.661250000000000000e+02
-2.100968829999999912e+02,-2.013867239999999867e+02,-3.642500000000000000e+02
-2.100968829999999912e+02,-2.009765679999999861e+02,-3.648750000000000000e+02
-2.105070389999999918e+02,-2.001562559999999849e+02,-3.680000000000000000e+02
-2.100968829999999912e+02,-2.005664120000000139e+02,-3.680000000000000000e+02
-2.100968829999999912e+02,-2.005664120000000139e+02,-3.655000000000000000e+02
-2.096867269999999905e+02,-2.091796879999999987e+02,-3.667500000000000000e+02
-2.092765709999999899e+02,-2.083593759999999975e+02,-3.686250000000000000e+02
-2.092765709999999899e+02,-2.087695319999999981e+02,-3.680000000000000000e+02
-2.092765709999999899e+02,-2.087695319999999981e+02,-3.667500000000000000e+02
-2.092765709999999899e+02,-2.087695319999999981e+02,-3.655000000000000000e+02
-2.092765709999999899e+02,-2.083593759999999975e+02,-3.648750000000000000e+02
-2.096867269999999905e+02,-2.075390639999999962e+02,-3.692500000000000000e+02
-2.092765709999999899e+02,-2.075390639999999962e+02,-3.686250000000000000e+02
-2.092765709999999899e+02,-2.075390639999999962e+02,-3.648750000000000000e+02
-2.092765709999999899e+02,-2.071289079999999956e+02,-3.692500000000000000e+02
-2.096867269999999905e+02,-2.067187519999999950e+02,-3.642500000000000000e+02
-2.092765709999999899e+02,-2.067187519999999950e+02,-3.648750000000000000e+02
-2.096867269999999905e+02,-2.058984399999999937e+02,-3.642500000000000000e+02
-2.092765709999999899e+02,-2.058984399999999937e+02,-3.648750000000000000e+02
-2.096867269999999905e+02,-2.058984399999999937e+02,-3.630000000000000000e+02
-2.092765709999999899e+02,-2.054882839999999931e+02,-3.642500000000000000e+02
-2.092765709999999899e+02,-2.054882839999999931e+02,-3.630000000000000000e+02
-2.092765709999999899e+02,-2.038476599999999905e+02,-3.692500000000000000e+02
-2.096867269999999905e+02,-2.034375039999999899e+02,-3.692500000000000000e+02
-2.092765709999999899e+02,-2.034375039999999899e+02,-3.686250000000000000e+02
-2.096867269999999905e+02,-2.026171919999999886e+02,-3.680000000000000000e+02
-2.092765709999999899e+02,-2.030273479999999893e+02,-3.680000000000000000e+02
-2.092765709999999899e+02,-2.026171919999999886e+02,-3.673750000000000000e+02
-2.092765709999999899e+02,-2.030273479999999893e+02,-3.630000000000000000e+02
-2.092765709999999899e+02,-2.026171919999999886e+02,-3.636250000000000000e+02
-2.096867269999999905e+02,-2.017968799999999874e+02,-3.680000000000000000e+02
-2.092765709999999899e+02,-2.017968799999999874e+02,-3.673750000000000000e+02
-2.092765709999999899e+02,-2.017968799999999874e+02,-3.636250000000000000e+02
-2.096867269999999905e+02,-2.009765679999999861e+02,-3.680000000000000000e+02
-2.092765709999999899e+02,-2.013867239999999867e+02,-3.667500000000000000e+02
-2.096867269999999905e+02,-2.009765679999999861e+02,-3.655000000000000000e+02
-2.092765709999999899e+02,-2.013867239999999867e+02,-3.655000000000000000e+02
-2.092765709999999899e+02,-2.013867239999999867e+02,-3.642500000000000000e+02
-2.088664150000000177e+02,-2.083593759999999975e+02,-3.680000000000000000e+02
-2.088664150000000177e+02,-2.083593759999999975e+02,-3.667500000000000000e+02
-2.084562589999999886e+02,-2.083593759999999975e+02,-3.661250000000000000e+02
-2.084562589999999886e+02,-2.087695319999999981e+02,-3.655000000000000000e+02
-2.084562589999999886e+02,-2.083593759999999975e+02,-3.648750000000000000e+02
-2.088664150000000177e+02,-2.075390639999999962e+02,-3.680000000000000000e+02
-2.084562589999999886e+02,-2.075390639999999962e+02,-3.673750000000000000e+02
-2.084562589999999886e+02,-2.079492199999999968e+02,-3.667500000000000000e+02
-2.084562589999999886e+02,-2.075390639999999962e+02,-3.648750000000000000e+02
-2.088664150000000177e+02,-2.067187519999999950e+02,-3.692500000000000000e+02
-2.088664150000000177e+02,-2.067187519999999950e+02,-3.680000000000000000e+02
-2.084562589999999886e+02,-2.067187519999999950e+02,-3.673750000000000000e+02
-2.084562589999999886e+02,-2.067187519999999950e+02,-3.648750000000000000e+02
-2.088664150000000177e+02,-2.058984399999999937e+02,-3.680000000000000000e+02
-2.088664150000000177e+02,-2.058984399999999937e+02,-3.692500000000000000e+02
-2.084562589999999886e+02,-2.058984399999999937e+02,-3.673750000000000000e+02
-2.084562589999999886e+02,-2.058984399999999937e+02,-3.648750000000000000e+02
-2.088664150000000177e+02,-2.058984399999999937e+02,-3.630000000000000000e+02
-2.084562589999999886e+02,-2.058984399999999937e+02,-3.636250000000000000e+02
-2.084562589999999886e+02,-2.063085959999999943e+02,-3.630000000000000000e+02
-2.088664150000000177e+02,-2.050781279999999924e+02,-3.680000000000000000e+02
-2.088664150000000177e+02,-2.050781279999999924e+02,-3.692500000000000000e+02
-2.084562589999999886e+02,-2.050781279999999924e+02,-3.673750000000000000e+02
-2.088664150000000177e+02,-2.050781279999999924e+02,-3.642500000000000000e+02
-2.084562589999999886e+02,-2.050781279999999924e+02,-3.648750000000000000e+02
-2.084562589999999886e+02,-2.050781279999999924e+02,-3.636250000000000000e+02
-2.088664150000000177e+02,-2.042578159999999912e+02,-3.680000000000000000e+02
-2.088664150000000177e+02,-2.042578159999999912e+02,-3.692500000000000000e+02
-2.084562589999999886e+02,-2.042578159999999912e+02,-3.673750000000000000e+02
-2.084562589999999886e+02,-2.046679719999999918e+02,-3.642500000000000000e+02
-2.088664150000000177e+02,-2.034375039999999899e+02,-3.680000000000000000e+02
-2.084562589999999886e+02,-2.034375039999999899e+02,-3.673750000000000000e+02
-2.088664150000000177e+02,-2.026171919999999886e+02,-3.667500000000000000e+02
-2.084562589999999886e+02,-2.030273479999999893e+02,-3.667500000000000000e+02
-2.084562589999999886e+02,-2.026171919999999886e+02,-3.661250000000000000e+02
-2.084562589999999886e+02,-2.030273479999999893e+02,-3.630000000000000000e+02
-2.084562589999999886e+02,-2.026171919999999886e+02,-3.636250000000000000e+02
-2.088664150000000177e+02,-2.017968799999999874e+02,-3.667500000000000000e+02
-2.084562589999999886e+02,-2.017968799999999874e+02,-3.661250000000000000e+02
-2.084562589999999886e+02,-2.017968799999999874e+02,-3.636250000000000000e+02
-2.084562589999999886e+02,-2.009765679999999861e+02,-3.661250000000000000e+02
-2.088664150000000177e+02,-2.009765679999999861e+02,-3.655000000000000000e+02
-2.084562589999999886e+02,-2.009765679999999861e+02,-3.648750000000000000e+02
-2.084562589999999886e+02,-2.013867239999999867e+02,-3.642500000000000000e+02
-2.088664150000000177e+02,-2.001562559999999849e+02,-3.655000000000000000e+02
-2.084562589999999886e+02,-2.001562559999999849e+02,-3.661250000000000000e+02
-2.084562589999999886e+02,-2.001562559999999849e+02,-3.648750000000000000e+02
-2.084562589999999886e+02,-1.997461000000000126e+02,-3.655000000000000000e+02
-2.080461030000000164e+02,-2.083593759999999975e+02,-3.655000000000000000e+02
-2.080461030000000164e+02,-2.075390639999999962e+02,-3.667500000000000000e+02
-2.080461030000000164e+02,-2.075390639999999962e+02,-3.655000000000000000e+02
-2.080461030000000164e+02,-2.067187519999999950e+02,-3.667500000000000000e+02
-2.080461030000000164e+02,-2.067187519999999950e+02,-3.655000000000000000e+02
-2.080461030000000164e+02,-2.058984399999999937e+02,-3.667500000000000000e+02
-2.080461030000000164e+02,-2.058984399999999937e+02,-3.655000000000000000e+02
-2.076359470000000158e+02,-2.058984399999999937e+02,-3.636250000000000000e+02
-2.076359470000000158e+02,-2.063085959999999943e+02,-3.630000000000000000e+02
-2.080461030000000164e+02,-2.050781279999999924e+02,-3.667500000000000000e+02
-2.080461030000000164e+02,-2.050781279999999924e+02,-3.655000000000000000e+02
-2.076359470000000158e+02,-2.050781279999999924e+02,-3.636250000000000000e+02
-2.080461030000000164e+02,-2.042578159999999912e+02,-3.667500000000000000e+02
-2.080461030000000164e+02,-2.042578159999999912e+02,-3.655000000000000000e+02
-2.080461030000000164e+02,-2.042578159999999912e+02,-3.642500000000000000e+02
-2.076359470000000158e+02,-2.042578159999999912e+02,-3.636250000000000000e+02
-2.080461030000000164e+02,-2.034375039999999899e+02,-3.667500000000000000e+02
-2.080461030000000164e+02,-2.034375039999999899e+02,-3.655000000000000000e+02
-2.076359470000000158e+02,-2.034375039999999899e+02,-3.648750000000000000e+02
-2.076359470000000158e+02,-2.038476599999999905e+02,-3.642500000000000000e+02
-2.080461030000000164e+02,-2.026171919999999886e+02,-3.655000000000000000e+02
-2.076359470000000158e+02,-2.026171919999999886e+02,-3.648750000000000000e+02
-2.076359470000000158e+02,-2.030273479999999893e+02,-3.630000000000000000e+02
-2.076359470000000158e+02,-2.026171919999999886e+02,-3.636250000000000000e+02
-2.080461030000000164e+02,-2.017968799999999874e+02,-3.655000000000000000e+02
-2.076359470000000158e+02,-2.017968799999999874e+02,-3.648750000000000000e+02
-2.076359470000000158e+02,-2.017968799999999874e+02,-3.636250000000000000e+02
-2.080461030000000164e+02,-2.009765679999999861e+02,-3.655000000000000000e+02
-2.076359470000000158e+02,-2.013867239999999867e+02,-3.642500000000000000e+02
-2.080461030000000164e+02,-2.001562559999999849e+02,-3.655000000000000000e+02
-2.068156350000000145e+02,-2.058984399999999937e+02,-3.636250000000000000e+02
-2.068156350000000145e+02,-2.063085959999999943e+02,-3.630000000000000000e+02
-2.068156350000000145e+02,-2.050781279999999924e+02,-3.636250000000000000e+02
-2.068156350000000145e+02,-2.042578159999999912e+02,-3.636250000000000000e+02
-2.072257910000000152e+02,-2.034375039999999899e+02,-3.642500000000000000e+02
-2.068156350000000145e+02,-2.038476599999999905e+02,-3.630000000000000000e+02
-2.072257910000000152e+02,-2.034375039999999899e+02,-3.630000000000000000e+02
-2.072257910000000152e+02,-2.026171919999999886e+02,-3.642500000000000000e+02
-2.072257910000000152e+02,-2.017968799999999874e+02,-3.642500000000000000e+02
-2.064054790000000139e+02,-2.058984399999999937e+02,-3.630000000000000000e+02
-2.064054790000000139e+02,-2.050781279999999924e+02,-3.630000000000000000e+02
-2.064054790000000139e+02,-2.042578159999999912e+02,-3.630000000000000000e+02
