-2.004499969999999962e+02,-2.081999969999999962e+02,-3.887500000000000000e+02
-1.883406219999999962e+02,-2.050749969999999962e+02,-3.900000000000000000e+02
-1.926374969999999962e+02,-2.144499969999999962e+02,-3.962500000000000000e+02
-2.035749969999999962e+02,-2.097624969999999962e+02,-3.912500000000000000e+02
-1.949812469999999962e+02,-1.953093719999999962e+02,-3.900000000000000000e+02
-2.043562469999999962e+02,-2.175749969999999962e+02,-3.962500000000000000e+02
-1.926374969999999962e+02,-2.027312469999999962e+02,-3.962500000000000000e+02
-1.957624969999999962e+02,-2.144499969999999962e+02,-3.912500000000000000e+02
-2.055281219999999962e+02,-2.097624969999999962e+02,-3.950000000000000000e+02
-2.004499969999999962e+02,-2.175749969999999962e+02,-3.912500000000000000e+02
-2.047468719999999962e+02,-2.042937469999999962e+02,-3.975000000000000000e+02
-1.934187469999999962e+02,-1.984343719999999962e+02,-3.950000000000000000e+02
-1.984968719999999962e+02,-2.027312469999999962e+02,-3.875000000000000000e+02
-1.965437469999999962e+02,-1.925749969999999962e+02,-3.937500000000000000e+02
-2.035749969999999962e+02,-1.941374969999999962e+02,-3.962500000000000000e+02
-2.027937469999999962e+02,-2.183562469999999962e+02,-3.962500000000000000e+02
-1.969343719999999962e+02,-1.933562469999999962e+02,-3.950000000000000000e+02
-2.004499969999999962e+02,-2.031218719999999962e+02,-3.975000000000000000e+02
-2.035749969999999962e+02,-1.949187469999999962e+02,-3.937500000000000000e+02
-1.922468719999999962e+02,-2.128874969999999962e+02,-3.950000000000000000e+02
-2.051374969999999962e+02,-2.089812469999999962e+02,-3.937500000000000000e+02
-2.027937469999999962e+02,-2.003874969999999962e+02,-3.962500000000000000e+02
-1.934187469999999962e+02,-1.988249969999999962e+02,-3.962500000000000000e+02
-2.035749969999999962e+02,-2.191374969999999962e+02,-3.962500000000000000e+02
-1.918562469999999962e+02,-2.089812469999999962e+02,-3.962500000000000000e+02
-1.996687469999999962e+02,-2.003874969999999962e+02,-3.887500000000000000e+02
-1.961531219999999962e+02,-2.128874969999999962e+02,-3.875000000000000000e+02
-2.008406219999999962e+02,-2.089812469999999962e+02,-3.900000000000000000e+02
-1.910749969999999962e+02,-2.066374969999999962e+02,-3.962500000000000000e+02
-1.973249969999999962e+02,-1.917937469999999962e+02,-3.937500000000000000e+02
-1.941999969999999962e+02,-2.019499969999999962e+02,-3.962500000000000000e+02
-1.891218719999999962e+02,-2.042937469999999962e+02,-3.925000000000000000e+02
-1.988874969999999962e+02,-2.027312469999999962e+02,-3.887500000000000000e+02
-2.035749969999999962e+02,-1.925749969999999962e+02,-3.937500000000000000e+02
-2.055281219999999962e+02,-2.105437469999999962e+02,-3.950000000000000000e+02
-1.953718719999999962e+02,-1.949187469999999962e+02,-3.875000000000000000e+02
-1.934187469999999962e+02,-2.132781219999999962e+02,-3.925000000000000000e+02
-2.020124969999999962e+02,-2.183562469999999962e+02,-3.912500000000000000e+02
-1.965437469999999962e+02,-1.941374969999999962e+02,-3.912500000000000000e+02
-1.981062469999999962e+02,-1.972624969999999962e+02,-3.962500000000000000e+02
-2.051374969999999962e+02,-2.160124969999999962e+02,-3.962500000000000000e+02
-1.981062469999999962e+02,-2.164031219999999962e+02,-3.925000000000000000e+02
-1.941999969999999962e+02,-1.949187469999999962e+02,-3.937500000000000000e+02
-1.973249969999999962e+02,-2.039031219999999962e+02,-3.975000000000000000e+02
-2.027937469999999962e+02,-2.132781219999999962e+02,-3.975000000000000000e+02
-2.027937469999999962e+02,-2.179656219999999962e+02,-3.925000000000000000e+02
-1.930281219999999962e+02,-2.128874969999999962e+02,-3.925000000000000000e+02
-1.910749969999999962e+02,-2.097624969999999962e+02,-3.962500000000000000e+02
-1.922468719999999962e+02,-1.956999969999999962e+02,-3.925000000000000000e+02
-2.012312469999999962e+02,-1.925749969999999962e+02,-3.962500000000000000e+02
-2.004499969999999962e+02,-1.917937469999999962e+02,-3.962500000000000000e+02
-1.953718719999999962e+02,-1.956999969999999962e+02,-3.950000000000000000e+02
-1.969343719999999962e+02,-2.144499969999999962e+02,-3.900000000000000000e+02
-1.934187469999999962e+02,-1.929656219999999962e+02,-3.925000000000000000e+02
-2.027937469999999962e+02,-2.081999969999999962e+02,-3.912500000000000000e+02
-2.035749969999999962e+02,-2.003874969999999962e+02,-3.962500000000000000e+02
-2.012312469999999962e+02,-1.972624969999999962e+02,-3.912500000000000000e+02
-1.981062469999999962e+02,-1.917937469999999962e+02,-3.962500000000000000e+02
-1.957624969999999962e+02,-2.027312469999999962e+02,-3.962500000000000000e+02
-2.012312469999999962e+02,-2.019499969999999962e+02,-3.962500000000000000e+02
-1.953718719999999962e+02,-2.144499969999999962e+02,-3.925000000000000000e+02
-2.012312469999999962e+02,-1.917937469999999962e+02,-3.962500000000000000e+02
-1.988874969999999962e+02,-2.167937469999999962e+02,-3.912500000000000000e+02
-2.012312469999999962e+02,-1.941374969999999962e+02,-3.912500000000000000e+02
-1.969343719999999962e+02,-1.980437469999999962e+02,-3.875000000000000000e+02
-2.004499969999999962e+02,-2.183562469999999962e+02,-3.937500000000000000e+02
-1.949812469999999962e+02,-1.921843719999999962e+02,-3.925000000000000000e+02
-2.043562469999999962e+02,-2.097624969999999962e+02,-3.962500000000000000e+02
-1.981062469999999962e+02,-2.019499969999999962e+02,-3.962500000000000000e+02
-1.953718719999999962e+02,-2.183562469999999962e+02,-3.975000000000000000e+02
-1.922468719999999962e+02,-1.949187469999999962e+02,-3.925000000000000000e+02
-2.047468719999999962e+02,-1.980437469999999962e+02,-3.950000000000000000e+02
-2.020124969999999962e+02,-2.183562469999999962e+02,-3.962500000000000000e+02
-2.027937469999999962e+02,-2.027312469999999962e+02,-3.937500000000000000e+02
-1.914656219999999962e+02,-2.105437469999999962e+02,-3.925000000000000000e+02
-1.941999969999999962e+02,-2.042937469999999962e+02,-3.962500000000000000e+02
-2.020124969999999962e+02,-1.933562469999999962e+02,-3.962500000000000000e+02
-1.973249969999999962e+02,-1.949187469999999962e+02,-3.962500000000000000e+02
-1.996687469999999962e+02,-2.113249969999999962e+02,-3.887500000000000000e+02
-1.996687469999999962e+02,-1.964812469999999962e+02,-3.887500000000000000e+02
-2.012312469999999962e+02,-2.128874969999999962e+02,-3.912500000000000000e+02
-1.981062469999999962e+02,-2.003874969999999962e+02,-3.962500000000000000e+02
-1.996687469999999962e+02,-2.097624969999999962e+02,-3.887500000000000000e+02
-1.981062469999999962e+02,-1.964812469999999962e+02,-3.887500000000000000e+02
-1.926374969999999962e+02,-1.949187469999999962e+02,-3.937500000000000000e+02
-2.020124969999999962e+02,-2.167937469999999962e+02,-3.962500000000000000e+02
-1.879499969999999962e+02,-2.027312469999999962e+02,-3.912500000000000000e+02
-2.020124969999999962e+02,-2.019499969999999962e+02,-3.962500000000000000e+02
-2.024031219999999962e+02,-2.019499969999999962e+02,-3.925000000000000000e+02
-1.996687469999999962e+02,-1.972624969999999962e+02,-3.962500000000000000e+02
-1.973249969999999962e+02,-1.956999969999999962e+02,-3.887500000000000000e+02
-2.000593719999999962e+02,-1.956999969999999962e+02,-3.900000000000000000e+02
-1.902937469999999962e+02,-2.074187469999999962e+02,-3.937500000000000000e+02
-1.965437469999999962e+02,-1.914031219999999962e+02,-3.925000000000000000e+02
-1.981062469999999962e+02,-2.132781219999999962e+02,-3.875000000000000000e+02
-1.996687469999999962e+02,-1.956999969999999962e+02,-3.887500000000000000e+02
-1.887312469999999962e+02,-2.050749969999999962e+02,-3.912500000000000000e+02
-1.926374969999999962e+02,-1.956999969999999962e+02,-3.912500000000000000e+02
-1.918562469999999962e+02,-2.148406219999999962e+02,-3.975000000000000000e+02
-1.996687469999999962e+02,-1.988249969999999962e+02,-3.962500000000000000e+02
-2.016218719999999962e+02,-2.167937469999999962e+02,-3.975000000000000000e+02
-2.027937469999999962e+02,-2.144499969999999962e+02,-3.962500000000000000e+02
-2.039656219999999962e+02,-2.097624969999999962e+02,-3.925000000000000000e+02
-1.981062469999999962e+02,-2.195281219999999962e+02,-3.975000000000000000e+02
-1.996687469999999962e+02,-2.191374969999999962e+02,-3.937500000000000000e+02
-1.988874969999999962e+02,-1.988249969999999962e+02,-3.962500000000000000e+02
-1.969343719999999962e+02,-2.042937469999999962e+02,-3.975000000000000000e+02
-2.035749969999999962e+02,-2.175749969999999962e+02,-3.937500000000000000e+02
-1.988874969999999962e+02,-1.953093719999999962e+02,-3.900000000000000000e+02
-1.906843719999999962e+02,-2.042937469999999962e+02,-3.950000000000000000e+02
-1.996687469999999962e+02,-2.203093719999999962e+02,-3.950000000000000000e+02
-2.055281219999999962e+02,-2.089812469999999962e+02,-3.950000000000000000e+02
-1.926374969999999962e+02,-2.066374969999999962e+02,-3.962500000000000000e+02
-2.043562469999999962e+02,-1.988249969999999962e+02,-3.937500000000000000e+02
-2.020124969999999962e+02,-1.949187469999999962e+02,-3.962500000000000000e+02
-2.000593719999999962e+02,-1.972624969999999962e+02,-3.900000000000000000e+02
-1.957624969999999962e+02,-1.933562469999999962e+02,-3.912500000000000000e+02
-2.016218719999999962e+02,-2.152312469999999962e+02,-3.975000000000000000e+02
-1.949812469999999962e+02,-1.956999969999999962e+02,-3.937500000000000000e+02
-2.012312469999999962e+02,-1.929656219999999962e+02,-3.925000000000000000e+02
-2.004499969999999962e+02,-1.933562469999999962e+02,-3.962500000000000000e+02
-2.027937469999999962e+02,-2.167937469999999962e+02,-3.912500000000000000e+02
-2.027937469999999962e+02,-2.191374969999999962e+02,-3.937500000000000000e+02
-1.949812469999999962e+02,-1.933562469999999962e+02,-3.912500000000000000e+02
-2.035749969999999962e+02,-1.956999969999999962e+02,-3.937500000000000000e+02
-1.988874969999999962e+02,-2.160124969999999962e+02,-3.912500000000000000e+02
-1.973249969999999962e+02,-1.910124969999999962e+02,-3.912500000000000000e+02
-1.973249969999999962e+02,-1.949187469999999962e+02,-3.887500000000000000e+02
-1.918562469999999962e+02,-1.968718719999999962e+02,-3.925000000000000000e+02
-2.055281219999999962e+02,-2.066374969999999962e+02,-3.950000000000000000e+02
-2.012312469999999962e+02,-2.011687469999999962e+02,-3.962500000000000000e+02
-1.906843719999999962e+02,-2.105437469999999962e+02,-3.950000000000000000e+02
-1.883406219999999962e+02,-2.019499969999999962e+02,-3.900000000000000000e+02
-2.008406219999999962e+02,-2.128874969999999962e+02,-3.900000000000000000e+02
-1.906843719999999962e+02,-2.011687469999999962e+02,-3.925000000000000000e+02
-1.922468719999999962e+02,-2.011687469999999962e+02,-3.950000000000000000e+02
-2.020124969999999962e+02,-1.910124969999999962e+02,-3.937500000000000000e+02
-1.926374969999999962e+02,-2.117156219999999962e+02,-3.900000000000000000e+02
-1.883406219999999962e+02,-2.035124969999999962e+02,-3.875000000000000000e+02
-1.965437469999999962e+02,-1.949187469999999962e+02,-3.962500000000000000e+02
-2.020124969999999962e+02,-1.941374969999999962e+02,-3.962500000000000000e+02
-2.012312469999999962e+02,-1.996062469999999962e+02,-3.962500000000000000e+02
-1.949812469999999962e+02,-1.949187469999999962e+02,-3.912500000000000000e+02
-1.910749969999999962e+02,-1.968718719999999962e+02,-3.875000000000000000e+02
-2.020124969999999962e+02,-2.027312469999999962e+02,-3.912500000000000000e+02
-1.895124969999999962e+02,-2.019499969999999962e+02,-3.912500000000000000e+02
-1.918562469999999962e+02,-2.085906219999999962e+02,-3.875000000000000000e+02
-2.043562469999999962e+02,-2.062468719999999962e+02,-3.975000000000000000e+02
-1.930281219999999962e+02,-1.964812469999999962e+02,-3.900000000000000000e+02
-2.020124969999999962e+02,-2.160124969999999962e+02,-3.962500000000000000e+02
-2.039656219999999962e+02,-1.933562469999999962e+02,-3.950000000000000000e+02
-1.965437469999999962e+02,-1.933562469999999962e+02,-3.937500000000000000e+02
-1.941999969999999962e+02,-1.949187469999999962e+02,-3.912500000000000000e+02
-1.941999969999999962e+02,-2.132781219999999962e+02,-3.900000000000000000e+02
-1.981062469999999962e+02,-1.980437469999999962e+02,-3.887500000000000000e+02
-1.973249969999999962e+02,-2.019499969999999962e+02,-3.962500000000000000e+02
-1.926374969999999962e+02,-1.999968719999999962e+02,-3.950000000000000000e+02
-1.957624969999999962e+02,-2.152312469999999962e+02,-3.937500000000000000e+02
-1.996687469999999962e+02,-2.164031219999999962e+02,-3.900000000000000000e+02
-2.027937469999999962e+02,-2.136687469999999962e+02,-3.962500000000000000e+02
-1.981062469999999962e+02,-1.910124969999999962e+02,-3.937500000000000000e+02
-1.938093719999999962e+02,-2.105437469999999962e+02,-3.875000000000000000e+02
-1.926374969999999962e+02,-2.136687469999999962e+02,-3.937500000000000000e+02
-2.039656219999999962e+02,-2.199187469999999962e+02,-3.950000000000000000e+02
-2.020124969999999962e+02,-2.175749969999999962e+02,-3.912500000000000000e+02
-2.012312469999999962e+02,-2.074187469999999962e+02,-3.912500000000000000e+02
-1.992781219999999962e+02,-2.160124969999999962e+02,-3.900000000000000000e+02
-1.922468719999999962e+02,-2.089812469999999962e+02,-3.875000000000000000e+02
-1.910749969999999962e+02,-2.101531219999999962e+02,-3.925000000000000000e+02
-2.020124969999999962e+02,-1.996062469999999962e+02,-3.962500000000000000e+02
-2.031843719999999962e+02,-2.175749969999999962e+02,-3.925000000000000000e+02
-2.000593719999999962e+02,-1.910124969999999962e+02,-3.925000000000000000e+02
-1.996687469999999962e+02,-2.003874969999999962e+02,-3.962500000000000000e+02
-1.926374969999999962e+02,-1.988249969999999962e+02,-3.937500000000000000e+02
-1.887312469999999962e+02,-2.058562469999999962e+02,-3.887500000000000000e+02
-1.934187469999999962e+02,-1.956999969999999962e+02,-3.912500000000000000e+02
-2.020124969999999962e+02,-2.160124969999999962e+02,-3.912500000000000000e+02
-1.887312469999999962e+02,-2.007781219999999962e+02,-3.900000000000000000e+02
-1.895124969999999962e+02,-2.027312469999999962e+02,-3.912500000000000000e+02
-1.930281219999999962e+02,-2.144499969999999962e+02,-3.950000000000000000e+02
-1.988874969999999962e+02,-1.972624969999999962e+02,-3.962500000000000000e+02
-2.020124969999999962e+02,-1.996062469999999962e+02,-3.912500000000000000e+02
-1.899031219999999962e+02,-2.035124969999999962e+02,-3.925000000000000000e+02
-1.996687469999999962e+02,-1.910124969999999962e+02,-3.937500000000000000e+02
-1.910749969999999962e+02,-2.089812469999999962e+02,-3.962500000000000000e+02
-2.027937469999999962e+02,-2.039031219999999962e+02,-3.925000000000000000e+02
-1.949812469999999962e+02,-2.140593719999999962e+02,-3.925000000000000000e+02
-2.047468719999999962e+02,-2.058562469999999962e+02,-3.950000000000000000e+02
-2.027937469999999962e+02,-2.199187469999999962e+02,-3.937500000000000000e+02
-2.004499969999999962e+02,-2.019499969999999962e+02,-3.912500000000000000e+02
-2.035749969999999962e+02,-1.972624969999999962e+02,-3.962500000000000000e+02
-1.934187469999999962e+02,-2.042937469999999962e+02,-3.962500000000000000e+02
-1.891218719999999962e+02,-1.988249969999999962e+02,-3.875000000000000000e+02
-2.012312469999999962e+02,-1.933562469999999962e+02,-3.912500000000000000e+02
-2.043562469999999962e+02,-2.132781219999999962e+02,-3.925000000000000000e+02
-2.039656219999999962e+02,-1.956999969999999962e+02,-3.950000000000000000e+02
-1.926374969999999962e+02,-1.964812469999999962e+02,-3.912500000000000000e+02
-1.977156219999999962e+02,-2.035124969999999962e+02,-3.975000000000000000e+02
-1.957624969999999962e+02,-2.175749969999999962e+02,-3.962500000000000000e+02
-1.981062469999999962e+02,-1.949187469999999962e+02,-3.887500000000000000e+02
-2.016218719999999962e+02,-2.105437469999999962e+02,-3.900000000000000000e+02
-1.973249969999999962e+02,-1.964812469999999962e+02,-3.962500000000000000e+02
-2.047468719999999962e+02,-2.105437469999999962e+02,-3.925000000000000000e+02
-2.004499969999999962e+02,-2.152312469999999962e+02,-3.912500000000000000e+02
-1.918562469999999962e+02,-2.015593719999999962e+02,-3.950000000000000000e+02
-2.016218719999999962e+02,-1.956999969999999962e+02,-3.925000000000000000e+02
-2.059187469999999962e+02,-2.124968719999999962e+02,-3.950000000000000000e+02
-2.035749969999999962e+02,-2.191374969999999962e+02,-3.937500000000000000e+02
-2.020124969999999962e+02,-1.972624969999999962e+02,-3.912500000000000000e+02
-2.008406219999999962e+02,-2.035124969999999962e+02,-3.900000000000000000e+02
-2.027937469999999962e+02,-1.949187469999999962e+02,-3.962500000000000000e+02
-2.043562469999999962e+02,-2.081999969999999962e+02,-3.937500000000000000e+02
-1.906843719999999962e+02,-2.081999969999999962e+02,-3.950000000000000000e+02
-2.008406219999999962e+02,-1.925749969999999962e+02,-3.925000000000000000e+02
-1.910749969999999962e+02,-2.058562469999999962e+02,-3.962500000000000000e+02
-2.008406219999999962e+02,-2.027312469999999962e+02,-3.975000000000000000e+02
-2.043562469999999962e+02,-2.167937469999999962e+02,-3.937500000000000000e+02
-1.941999969999999962e+02,-2.003874969999999962e+02,-3.962500000000000000e+02
-2.004499969999999962e+02,-1.988249969999999962e+02,-3.912500000000000000e+02
-1.949812469999999962e+02,-2.144499969999999962e+02,-3.937500000000000000e+02
-2.035749969999999962e+02,-1.988249969999999962e+02,-3.937500000000000000e+02
-1.981062469999999962e+02,-1.925749969999999962e+02,-3.962500000000000000e+02
-1.938093719999999962e+02,-2.136687469999999962e+02,-3.925000000000000000e+02
-1.988874969999999962e+02,-1.941374969999999962e+02,-3.962500000000000000e+02
-2.039656219999999962e+02,-1.964812469999999962e+02,-3.950000000000000000e+02
-1.996687469999999962e+02,-1.980437469999999962e+02,-3.887500000000000000e+02
-1.934187469999999962e+02,-2.058562469999999962e+02,-3.962500000000000000e+02
-2.027937469999999962e+02,-2.152312469999999962e+02,-3.962500000000000000e+02
-1.914656219999999962e+02,-2.113249969999999962e+02,-3.925000000000000000e+02
-1.965437469999999962e+02,-1.933562469999999962e+02,-3.912500000000000000e+02
-1.934187469999999962e+02,-1.964812469999999962e+02,-3.937500000000000000e+02
-1.941999969999999962e+02,-1.996062469999999962e+02,-3.962500000000000000e+02
-1.981062469999999962e+02,-2.011687469999999962e+02,-3.887500000000000000e+02
-1.984968719999999962e+02,-2.050749969999999962e+02,-3.875000000000000000e+02
-1.981062469999999962e+02,-2.144499969999999962e+02,-3.887500000000000000e+02
-1.965437469999999962e+02,-1.960906219999999962e+02,-3.875000000000000000e+02
-1.957624969999999962e+02,-1.925749969999999962e+02,-3.937500000000000000e+02
-1.981062469999999962e+02,-1.956999969999999962e+02,-3.962500000000000000e+02
-2.027937469999999962e+02,-1.925749969999999962e+02,-3.962500000000000000e+02
-1.973249969999999962e+02,-2.148406219999999962e+02,-3.900000000000000000e+02
-1.953718719999999962e+02,-1.949187469999999962e+02,-3.900000000000000000e+02
-2.020124969999999962e+02,-2.113249969999999962e+02,-3.912500000000000000e+02
-1.934187469999999962e+02,-2.050749969999999962e+02,-3.962500000000000000e+02
-2.020124969999999962e+02,-1.964812469999999962e+02,-3.912500000000000000e+02
-2.004499969999999962e+02,-2.199187469999999962e+02,-3.962500000000000000e+02
-1.902937469999999962e+02,-2.003874969999999962e+02,-3.912500000000000000e+02
-1.988874969999999962e+02,-1.964812469999999962e+02,-3.887500000000000000e+02
-1.953718719999999962e+02,-2.121062469999999962e+02,-3.875000000000000000e+02
-1.984968719999999962e+02,-2.019499969999999962e+02,-3.875000000000000000e+02
-2.012312469999999962e+02,-2.050749969999999962e+02,-3.912500000000000000e+02
-1.996687469999999962e+02,-2.152312469999999962e+02,-3.887500000000000000e+02
-1.941999969999999962e+02,-2.144499969999999962e+02,-3.937500000000000000e+02
-1.926374969999999962e+02,-2.105437469999999962e+02,-3.887500000000000000e+02
-1.910749969999999962e+02,-2.050749969999999962e+02,-3.962500000000000000e+02
-1.922468719999999962e+02,-2.160124969999999962e+02,-3.975000000000000000e+02
-1.957624969999999962e+02,-2.124968719999999962e+02,-3.875000000000000000e+02
-1.918562469999999962e+02,-1.968718719999999962e+02,-3.875000000000000000e+02
-1.996687469999999962e+02,-2.042937469999999962e+02,-3.887500000000000000e+02
-1.996687469999999962e+02,-2.105437469999999962e+02,-3.887500000000000000e+02
-1.996687469999999962e+02,-1.980437469999999962e+02,-3.962500000000000000e+02
-2.035749969999999962e+02,-2.105437469999999962e+02,-3.962500000000000000e+02
-1.883406219999999962e+02,-2.042937469999999962e+02,-3.875000000000000000e+02
-2.035749969999999962e+02,-2.128874969999999962e+02,-3.912500000000000000e+02
-2.020124969999999962e+02,-2.003874969999999962e+02,-3.962500000000000000e+02
-1.906843719999999962e+02,-2.058562469999999962e+02,-3.950000000000000000e+02
-2.043562469999999962e+02,-1.996062469999999962e+02,-3.962500000000000000e+02
-2.004499969999999962e+02,-2.199187469999999962e+02,-3.937500000000000000e+02
-2.039656219999999962e+02,-2.081999969999999962e+02,-3.925000000000000000e+02
-1.973249969999999962e+02,-2.140593719999999962e+02,-3.875000000000000000e+02
-2.051374969999999962e+02,-2.074187469999999962e+02,-3.962500000000000000e+02
-1.984968719999999962e+02,-1.902312469999999962e+02,-3.925000000000000000e+02
-1.988874969999999962e+02,-1.949187469999999962e+02,-3.962500000000000000e+02
-1.930281219999999962e+02,-2.097624969999999962e+02,-3.875000000000000000e+02
-2.031843719999999962e+02,-2.058562469999999962e+02,-3.925000000000000000e+02
-1.949812469999999962e+02,-2.011687469999999962e+02,-3.962500000000000000e+02
-1.981062469999999962e+02,-2.156218719999999962e+02,-3.900000000000000000e+02
-1.957624969999999962e+02,-2.160124969999999962e+02,-3.937500000000000000e+02
-1.988874969999999962e+02,-2.027312469999999962e+02,-3.962500000000000000e+02
-2.031843719999999962e+02,-2.121062469999999962e+02,-3.975000000000000000e+02
-2.020124969999999962e+02,-1.917937469999999962e+02,-3.937500000000000000e+02
-1.891218719999999962e+02,-2.058562469999999962e+02,-3.875000000000000000e+02
-2.043562469999999962e+02,-2.121062469999999962e+02,-3.962500000000000000e+02
-2.012312469999999962e+02,-1.949187469999999962e+02,-3.962500000000000000e+02
-1.965437469999999962e+02,-1.988249969999999962e+02,-3.962500000000000000e+02
-2.055281219999999962e+02,-2.074187469999999962e+02,-3.950000000000000000e+02
-1.988874969999999962e+02,-1.949187469999999962e+02,-3.912500000000000000e+02
-2.012312469999999962e+02,-2.121062469999999962e+02,-3.912500000000000000e+02
-1.969343719999999962e+02,-2.136687469999999962e+02,-3.875000000000000000e+02
-2.012312469999999962e+02,-2.042937469999999962e+02,-3.912500000000000000e+02
-1.996687469999999962e+02,-2.191374969999999962e+02,-3.962500000000000000e+02
-1.934187469999999962e+02,-2.113249969999999962e+02,-3.887500000000000000e+02
-2.004499969999999962e+02,-1.964812469999999962e+02,-3.912500000000000000e+02
-1.899031219999999962e+02,-2.058562469999999962e+02,-3.925000000000000000e+02
-1.918562469999999962e+02,-2.003874969999999962e+02,-3.937500000000000000e+02
-1.902937469999999962e+02,-2.066374969999999962e+02,-3.937500000000000000e+02
-2.000593719999999962e+02,-1.988249969999999962e+02,-3.900000000000000000e+02
-1.887312469999999962e+02,-2.027312469999999962e+02,-3.912500000000000000e+02
-1.914656219999999962e+02,-1.996062469999999962e+02,-3.925000000000000000e+02
-2.035749969999999962e+02,-1.964812469999999962e+02,-3.962500000000000000e+02
-1.957624969999999962e+02,-2.042937469999999962e+02,-3.962500000000000000e+02
-2.004499969999999962e+02,-2.042937469999999962e+02,-3.887500000000000000e+02
-2.035749969999999962e+02,-2.203093719999999962e+02,-3.950000000000000000e+02
-2.051374969999999962e+02,-2.074187469999999962e+02,-3.937500000000000000e+02
-1.938093719999999962e+02,-1.972624969999999962e+02,-3.950000000000000000e+02
-1.879499969999999962e+02,-2.046843719999999962e+02,-3.900000000000000000e+02
-2.043562469999999962e+02,-2.128874969999999962e+02,-3.912500000000000000e+02
-1.902937469999999962e+02,-2.019499969999999962e+02,-3.937500000000000000e+02
-1.949812469999999962e+02,-1.925749969999999962e+02,-3.937500000000000000e+02
-2.012312469999999962e+02,-1.988249969999999962e+02,-3.912500000000000000e+02
-1.957624969999999962e+02,-1.956999969999999962e+02,-3.962500000000000000e+02
-1.996687469999999962e+02,-2.167937469999999962e+02,-3.912500000000000000e+02
-1.934187469999999962e+02,-1.933562469999999962e+02,-3.912500000000000000e+02
-1.996687469999999962e+02,-1.910124969999999962e+02,-3.912500000000000000e+02
-1.981062469999999962e+02,-2.187468719999999962e+02,-3.950000000000000000e+02
-2.008406219999999962e+02,-2.074187469999999962e+02,-3.900000000000000000e+02
-1.988874969999999962e+02,-2.019499969999999962e+02,-3.887500000000000000e+02
-1.988874969999999962e+02,-2.191374969999999962e+02,-3.937500000000000000e+02
-1.992781219999999962e+02,-2.097624969999999962e+02,-3.875000000000000000e+02
-1.965437469999999962e+02,-1.917937469999999962e+02,-3.937500000000000000e+02
-1.941999969999999962e+02,-1.933562469999999962e+02,-3.937500000000000000e+02
-2.027937469999999962e+02,-1.964812469999999962e+02,-3.962500000000000000e+02
-2.020124969999999962e+02,-1.960906219999999962e+02,-3.925000000000000000e+02
-1.957624969999999962e+02,-1.925749969999999962e+02,-3.912500000000000000e+02
-1.996687469999999962e+02,-2.011687469999999962e+02,-3.887500000000000000e+02
-2.004499969999999962e+02,-1.964812469999999962e+02,-3.962500000000000000e+02
-1.965437469999999962e+02,-2.144499969999999962e+02,-3.912500000000000000e+02
-2.004499969999999962e+02,-1.906218719999999962e+02,-3.950000000000000000e+02
-1.910749969999999962e+02,-2.027312469999999962e+02,-3.937500000000000000e+02
-2.020124969999999962e+02,-1.964812469999999962e+02,-3.962500000000000000e+02
-1.906843719999999962e+02,-2.081999969999999962e+02,-3.925000000000000000e+02
-1.957624969999999962e+02,-1.980437469999999962e+02,-3.962500000000000000e+02
-1.922468719999999962e+02,-2.089812469999999962e+02,-3.975000000000000000e+02
-1.996687469999999962e+02,-1.941374969999999962e+02,-3.912500000000000000e+02
-2.004499969999999962e+02,-1.988249969999999962e+02,-3.962500000000000000e+02
-2.055281219999999962e+02,-2.121062469999999962e+02,-3.950000000000000000e+02
-1.988874969999999962e+02,-2.035124969999999962e+02,-3.887500000000000000e+02
-2.027937469999999962e+02,-2.160124969999999962e+02,-3.912500000000000000e+02
-2.043562469999999962e+02,-1.996062469999999962e+02,-3.937500000000000000e+02
-2.020124969999999962e+02,-2.035124969999999962e+02,-3.912500000000000000e+02
-2.020124969999999962e+02,-2.081999969999999962e+02,-3.912500000000000000e+02
-1.996687469999999962e+02,-1.964812469999999962e+02,-3.962500000000000000e+02
-2.024031219999999962e+02,-1.972624969999999962e+02,-3.925000000000000000e+02
-2.016218719999999962e+02,-1.949187469999999962e+02,-3.925000000000000000e+02
-1.981062469999999962e+02,-2.175749969999999962e+02,-3.937500000000000000e+02
-1.926374969999999962e+02,-2.160124969999999962e+02,-3.962500000000000000e+02
-2.035749969999999962e+02,-2.113249969999999962e+02,-3.962500000000000000e+02
-1.883406219999999962e+02,-2.066374969999999962e+02,-3.900000000000000000e+02
-1.965437469999999962e+02,-2.167937469999999962e+02,-3.937500000000000000e+02
-1.988874969999999962e+02,-2.042937469999999962e+02,-3.887500000000000000e+02
-2.043562469999999962e+02,-2.183562469999999962e+02,-3.962500000000000000e+02
-2.004499969999999962e+02,-2.027312469999999962e+02,-3.962500000000000000e+02
-2.051374969999999962e+02,-2.144499969999999962e+02,-3.962500000000000000e+02
-2.043562469999999962e+02,-1.976531219999999962e+02,-3.950000000000000000e+02
-2.055281219999999962e+02,-2.160124969999999962e+02,-3.950000000000000000e+02
-2.047468719999999962e+02,-2.027312469999999962e+02,-3.975000000000000000e+02
-2.004499969999999962e+02,-1.914031219999999962e+02,-3.925000000000000000e+02
-1.984968719999999962e+02,-2.191374969999999962e+02,-3.950000000000000000e+02
-1.981062469999999962e+02,-2.167937469999999962e+02,-3.937500000000000000e+02
-2.047468719999999962e+02,-2.050749969999999962e+02,-3.975000000000000000e+02
-1.899031219999999962e+02,-1.988249969999999962e+02,-3.900000000000000000e+02
-2.027937469999999962e+02,-2.019499969999999962e+02,-3.962500000000000000e+02
-2.035749969999999962e+02,-2.066374969999999962e+02,-3.937500000000000000e+02
-1.981062469999999962e+02,-1.914031219999999962e+02,-3.950000000000000000e+02
-1.930281219999999962e+02,-1.996062469999999962e+02,-3.950000000000000000e+02
-2.035749969999999962e+02,-2.160124969999999962e+02,-3.962500000000000000e+02
-1.910749969999999962e+02,-1.988249969999999962e+02,-3.912500000000000000e+02
-1.902937469999999962e+02,-2.015593719999999962e+02,-3.925000000000000000e+02
-1.934187469999999962e+02,-1.941374969999999962e+02,-3.912500000000000000e+02
-1.914656219999999962e+02,-1.972624969999999962e+02,-3.925000000000000000e+02
-1.941999969999999962e+02,-2.054656219999999962e+02,-3.975000000000000000e+02
-2.031843719999999962e+02,-2.128874969999999962e+02,-3.975000000000000000e+02
-1.988874969999999962e+02,-1.910124969999999962e+02,-3.912500000000000000e+02
-1.938093719999999962e+02,-1.980437469999999962e+02,-3.950000000000000000e+02
-1.961531219999999962e+02,-1.956999969999999962e+02,-3.875000000000000000e+02
-1.879499969999999962e+02,-2.019499969999999962e+02,-3.887500000000000000e+02
-2.043562469999999962e+02,-2.074187469999999962e+02,-3.962500000000000000e+02
-1.875593719999999962e+02,-2.042937469999999962e+02,-3.900000000000000000e+02
-1.934187469999999962e+02,-1.960906219999999962e+02,-3.875000000000000000e+02
-2.035749969999999962e+02,-2.144499969999999962e+02,-3.962500000000000000e+02
-2.043562469999999962e+02,-2.097624969999999962e+02,-3.937500000000000000e+02
-1.895124969999999962e+02,-2.050749969999999962e+02,-3.937500000000000000e+02
-1.941999969999999962e+02,-1.956999969999999962e+02,-3.912500000000000000e+02
-1.930281219999999962e+02,-2.081999969999999962e+02,-3.975000000000000000e+02
-2.004499969999999962e+02,-1.996062469999999962e+02,-3.962500000000000000e+02
-1.949812469999999962e+02,-1.960906219999999962e+02,-3.950000000000000000e+02
-1.941999969999999962e+02,-2.050749969999999962e+02,-3.962500000000000000e+02
-1.973249969999999962e+02,-1.972624969999999962e+02,-3.962500000000000000e+02
-1.945906219999999962e+02,-1.956999969999999962e+02,-3.900000000000000000e+02
-1.887312469999999962e+02,-2.003874969999999962e+02,-3.887500000000000000e+02
-1.934187469999999962e+02,-2.003874969999999962e+02,-3.962500000000000000e+02
-1.899031219999999962e+02,-2.019499969999999962e+02,-3.925000000000000000e+02
-1.895124969999999962e+02,-2.066374969999999962e+02,-3.887500000000000000e+02
-1.899031219999999962e+02,-2.081999969999999962e+02,-3.900000000000000000e+02
-1.887312469999999962e+02,-2.019499969999999962e+02,-3.912500000000000000e+02
-2.039656219999999962e+02,-2.066374969999999962e+02,-3.975000000000000000e+02
-1.895124969999999962e+02,-1.984343719999999962e+02,-3.875000000000000000e+02
-1.934187469999999962e+02,-2.128874969999999962e+02,-3.912500000000000000e+02
-1.902937469999999962e+02,-2.011687469999999962e+02,-3.912500000000000000e+02
-1.902937469999999962e+02,-2.035124969999999962e+02,-3.937500000000000000e+02
-2.012312469999999962e+02,-2.093718719999999962e+02,-3.900000000000000000e+02
-1.934187469999999962e+02,-1.980437469999999962e+02,-3.937500000000000000e+02
-1.941999969999999962e+02,-2.136687469999999962e+02,-3.912500000000000000e+02
-2.027937469999999962e+02,-1.910124969999999962e+02,-3.962500000000000000e+02
-2.043562469999999962e+02,-2.191374969999999962e+02,-3.962500000000000000e+02
-1.918562469999999962e+02,-2.117156219999999962e+02,-3.925000000000000000e+02
-2.016218719999999962e+02,-2.097624969999999962e+02,-3.900000000000000000e+02
-1.973249969999999962e+02,-2.195281219999999962e+02,-3.975000000000000000e+02
-1.957624969999999962e+02,-1.988249969999999962e+02,-3.962500000000000000e+02
-1.973249969999999962e+02,-2.167937469999999962e+02,-3.937500000000000000e+02
-1.906843719999999962e+02,-2.097624969999999962e+02,-3.950000000000000000e+02
-1.957624969999999962e+02,-2.148406219999999962e+02,-3.925000000000000000e+02
-1.969343719999999962e+02,-1.925749969999999962e+02,-3.950000000000000000e+02
-1.984968719999999962e+02,-2.128874969999999962e+02,-3.875000000000000000e+02
-2.012312469999999962e+02,-2.191374969999999962e+02,-3.937500000000000000e+02
-1.934187469999999962e+02,-1.941374969999999962e+02,-3.937500000000000000e+02
-2.020124969999999962e+02,-2.152312469999999962e+02,-3.912500000000000000e+02
-2.027937469999999962e+02,-2.113249969999999962e+02,-3.912500000000000000e+02
-2.012312469999999962e+02,-1.980437469999999962e+02,-3.962500000000000000e+02
-2.051374969999999962e+02,-2.160124969999999962e+02,-3.937500000000000000e+02
-1.965437469999999962e+02,-1.917937469999999962e+02,-3.912500000000000000e+02
-1.941999969999999962e+02,-2.167937469999999962e+02,-3.962500000000000000e+02
-1.918562469999999962e+02,-2.105437469999999962e+02,-3.962500000000000000e+02
-1.926374969999999962e+02,-1.964812469999999962e+02,-3.887500000000000000e+02
-1.926374969999999962e+02,-2.124968719999999962e+02,-3.925000000000000000e+02
-2.055281219999999962e+02,-2.144499969999999962e+02,-3.950000000000000000e+02
-1.945906219999999962e+02,-2.167937469999999962e+02,-3.950000000000000000e+02
-2.004499969999999962e+02,-1.941374969999999962e+02,-3.912500000000000000e+02
-2.008406219999999962e+02,-2.175749969999999962e+02,-3.975000000000000000e+02
-1.887312469999999962e+02,-2.050749969999999962e+02,-3.887500000000000000e+02
-1.938093719999999962e+02,-2.128874969999999962e+02,-3.900000000000000000e+02
-2.020124969999999962e+02,-2.058562469999999962e+02,-3.912500000000000000e+02
-1.973249969999999962e+02,-2.003874969999999962e+02,-3.962500000000000000e+02
-2.039656219999999962e+02,-2.074187469999999962e+02,-3.975000000000000000e+02
-1.973249969999999962e+02,-2.152312469999999962e+02,-3.912500000000000000e+02
-2.051374969999999962e+02,-2.167937469999999962e+02,-3.937500000000000000e+02
-2.043562469999999962e+02,-2.101531219999999962e+02,-3.925000000000000000e+02
-1.941999969999999962e+02,-2.179656219999999962e+02,-3.975000000000000000e+02
-1.949812469999999962e+02,-2.027312469999999962e+02,-3.962500000000000000e+02
-1.988874969999999962e+02,-2.175749969999999962e+02,-3.937500000000000000e+02
-1.996687469999999962e+02,-1.972624969999999962e+02,-3.887500000000000000e+02
-1.895124969999999962e+02,-2.042937469999999962e+02,-3.937500000000000000e+02
-1.996687469999999962e+02,-2.027312469999999962e+02,-3.887500000000000000e+02
-2.004499969999999962e+02,-1.972624969999999962e+02,-3.962500000000000000e+02
-2.035749969999999962e+02,-1.972624969999999962e+02,-3.937500000000000000e+02
-2.020124969999999962e+02,-2.097624969999999962e+02,-3.912500000000000000e+02
-2.027937469999999962e+02,-1.988249969999999962e+02,-3.962500000000000000e+02
-1.914656219999999962e+02,-2.019499969999999962e+02,-3.950000000000000000e+02
-2.027937469999999962e+02,-2.191374969999999962e+02,-3.962500000000000000e+02
-2.043562469999999962e+02,-2.011687469999999962e+02,-3.962500000000000000e+02
-2.035749969999999962e+02,-2.183562469999999962e+02,-3.937500000000000000e+02
-1.910749969999999962e+02,-2.011687469999999962e+02,-3.937500000000000000e+02
-1.934187469999999962e+02,-1.949187469999999962e+02,-3.937500000000000000e+02
-1.949812469999999962e+02,-2.019499969999999962e+02,-3.962500000000000000e+02
-1.996687469999999962e+02,-2.187468719999999962e+02,-3.975000000000000000e+02
-1.922468719999999962e+02,-2.097624969999999962e+02,-3.975000000000000000e+02
-1.965437469999999962e+02,-1.941374969999999962e+02,-3.962500000000000000e+02
-1.926374969999999962e+02,-1.960906219999999962e+02,-3.875000000000000000e+02
-1.992781219999999962e+02,-2.081999969999999962e+02,-3.875000000000000000e+02
-1.883406219999999962e+02,-2.011687469999999962e+02,-3.900000000000000000e+02
-2.027937469999999962e+02,-2.183562469999999962e+02,-3.937500000000000000e+02
-2.008406219999999962e+02,-1.917937469999999962e+02,-3.925000000000000000e+02
-1.965437469999999962e+02,-2.156218719999999962e+02,-3.925000000000000000e+02
-2.027937469999999962e+02,-2.050749969999999962e+02,-3.912500000000000000e+02
-1.902937469999999962e+02,-1.988249969999999962e+02,-3.912500000000000000e+02
-1.957624969999999962e+02,-1.941374969999999962e+02,-3.912500000000000000e+02
-1.895124969999999962e+02,-2.066374969999999962e+02,-3.912500000000000000e+02
-2.012312469999999962e+02,-2.105437469999999962e+02,-3.887500000000000000e+02
-2.012312469999999962e+02,-1.933562469999999962e+02,-3.962500000000000000e+02
-1.934187469999999962e+02,-2.124968719999999962e+02,-3.900000000000000000e+02
-1.953718719999999962e+02,-2.136687469999999962e+02,-3.900000000000000000e+02
-1.941999969999999962e+02,-1.968718719999999962e+02,-3.950000000000000000e+02
-1.957624969999999962e+02,-1.921843719999999962e+02,-3.925000000000000000e+02
-1.918562469999999962e+02,-2.011687469999999962e+02,-3.937500000000000000e+02
-1.988874969999999962e+02,-2.152312469999999962e+02,-3.887500000000000000e+02
-1.949812469999999962e+02,-2.003874969999999962e+02,-3.962500000000000000e+02
-1.910749969999999962e+02,-2.074187469999999962e+02,-3.962500000000000000e+02
-1.887312469999999962e+02,-1.992156219999999962e+02,-3.875000000000000000e+02
-1.988874969999999962e+02,-1.910124969999999962e+02,-3.937500000000000000e+02
-1.918562469999999962e+02,-2.058562469999999962e+02,-3.962500000000000000e+02
-1.965437469999999962e+02,-1.925749969999999962e+02,-3.912500000000000000e+02
-2.020124969999999962e+02,-1.925749969999999962e+02,-3.937500000000000000e+02
-1.941999969999999962e+02,-2.011687469999999962e+02,-3.962500000000000000e+02
-2.027937469999999962e+02,-1.972624969999999962e+02,-3.962500000000000000e+02
-1.996687469999999962e+02,-2.081999969999999962e+02,-3.887500000000000000e+02
-1.949812469999999962e+02,-2.136687469999999962e+02,-3.912500000000000000e+02
-2.027937469999999962e+02,-2.160124969999999962e+02,-3.962500000000000000e+02
-1.922468719999999962e+02,-1.964812469999999962e+02,-3.925000000000000000e+02
-2.035749969999999962e+02,-2.113249969999999962e+02,-3.912500000000000000e+02
-1.965437469999999962e+02,-1.956999969999999962e+02,-3.887500000000000000e+02
-2.047468719999999962e+02,-2.011687469999999962e+02,-3.950000000000000000e+02
-2.004499969999999962e+02,-1.910124969999999962e+02,-3.962500000000000000e+02
-1.930281219999999962e+02,-2.121062469999999962e+02,-3.900000000000000000e+02
-2.043562469999999962e+02,-2.066374969999999962e+02,-3.937500000000000000e+02
-2.047468719999999962e+02,-2.058562469999999962e+02,-3.975000000000000000e+02
-2.051374969999999962e+02,-2.152312469999999962e+02,-3.937500000000000000e+02
-2.035749969999999962e+02,-2.128874969999999962e+02,-3.962500000000000000e+02
-1.914656219999999962e+02,-2.121062469999999962e+02,-3.950000000000000000e+02
-1.922468719999999962e+02,-2.003874969999999962e+02,-3.950000000000000000e+02
-1.969343719999999962e+02,-2.191374969999999962e+02,-3.975000000000000000e+02
-1.926374969999999962e+02,-1.945281219999999962e+02,-3.925000000000000000e+02
-1.926374969999999962e+02,-1.972624969999999962e+02,-3.937500000000000000e+02
-1.988874969999999962e+02,-1.988249969999999962e+02,-3.887500000000000000e+02
-2.047468719999999962e+02,-2.113249969999999962e+02,-3.925000000000000000e+02
-1.910749969999999962e+02,-2.019499969999999962e+02,-3.937500000000000000e+02
-2.051374969999999962e+02,-2.105437469999999962e+02,-3.937500000000000000e+02
-1.918562469999999962e+02,-2.035124969999999962e+02,-3.962500000000000000e+02
-1.981062469999999962e+02,-1.925749969999999962e+02,-3.912500000000000000e+02
-1.981062469999999962e+02,-2.027312469999999962e+02,-3.962500000000000000e+02
-1.887312469999999962e+02,-2.058562469999999962e+02,-3.912500000000000000e+02
-1.949812469999999962e+02,-2.121062469999999962e+02,-3.887500000000000000e+02
-2.043562469999999962e+02,-2.081999969999999962e+02,-3.962500000000000000e+02
-1.895124969999999962e+02,-2.003874969999999962e+02,-3.912500000000000000e+02
-2.043562469999999962e+02,-2.113249969999999962e+02,-3.962500000000000000e+02
-2.012312469999999962e+02,-2.023406219999999962e+02,-3.975000000000000000e+02
-1.957624969999999962e+02,-1.945281219999999962e+02,-3.875000000000000000e+02
-2.016218719999999962e+02,-2.160124969999999962e+02,-3.975000000000000000e+02
-2.043562469999999962e+02,-1.980437469999999962e+02,-3.962500000000000000e+02
-1.973249969999999962e+02,-2.160124969999999962e+02,-3.912500000000000000e+02
-1.941999969999999962e+02,-1.929656219999999962e+02,-3.925000000000000000e+02
-1.965437469999999962e+02,-2.011687469999999962e+02,-3.962500000000000000e+02
-1.941999969999999962e+02,-2.152312469999999962e+02,-3.937500000000000000e+02
-1.965437469999999962e+02,-2.042937469999999962e+02,-3.962500000000000000e+02
-2.020124969999999962e+02,-2.152312469999999962e+02,-3.962500000000000000e+02
-2.035749969999999962e+02,-2.058562469999999962e+02,-3.937500000000000000e+02
-2.059187469999999962e+02,-2.128874969999999962e+02,-3.962500000000000000e+02
-2.012312469999999962e+02,-2.097624969999999962e+02,-3.887500000000000000e+02
-2.027937469999999962e+02,-2.058562469999999962e+02,-3.912500000000000000e+02
-2.051374969999999962e+02,-2.167937469999999962e+02,-3.962500000000000000e+02
-1.957624969999999962e+02,-2.187468719999999962e+02,-3.975000000000000000e+02
-1.926374969999999962e+02,-1.996062469999999962e+02,-3.937500000000000000e+02
-2.039656219999999962e+02,-2.152312469999999962e+02,-3.925000000000000000e+02
-1.957624969999999962e+02,-2.140593719999999962e+02,-3.900000000000000000e+02
-2.051374969999999962e+02,-2.113249969999999962e+02,-3.962500000000000000e+02
-1.918562469999999962e+02,-2.121062469999999962e+02,-3.937500000000000000e+02
-1.957624969999999962e+02,-2.003874969999999962e+02,-3.962500000000000000e+02
-1.957624969999999962e+02,-2.167937469999999962e+02,-3.937500000000000000e+02
-1.914656219999999962e+02,-2.113249969999999962e+02,-3.950000000000000000e+02
-1.996687469999999962e+02,-2.144499969999999962e+02,-3.887500000000000000e+02
-2.043562469999999962e+02,-2.183562469999999962e+02,-3.937500000000000000e+02
-2.000593719999999962e+02,-2.011687469999999962e+02,-3.900000000000000000e+02
-2.004499969999999962e+02,-2.027312469999999962e+02,-3.887500000000000000e+02
-2.039656219999999962e+02,-1.925749969999999962e+02,-3.950000000000000000e+02
-1.910749969999999962e+02,-1.972624969999999962e+02,-3.887500000000000000e+02
-1.875593719999999962e+02,-2.027312469999999962e+02,-3.900000000000000000e+02
-1.981062469999999962e+02,-2.191374969999999962e+02,-3.962500000000000000e+02
-2.012312469999999962e+02,-2.066374969999999962e+02,-3.912500000000000000e+02
-2.027937469999999962e+02,-2.023406219999999962e+02,-3.975000000000000000e+02
-2.047468719999999962e+02,-2.050749969999999962e+02,-3.950000000000000000e+02
-1.934187469999999962e+02,-2.148406219999999962e+02,-3.950000000000000000e+02
-1.941999969999999962e+02,-1.980437469999999962e+02,-3.962500000000000000e+02
-1.883406219999999962e+02,-2.058562469999999962e+02,-3.900000000000000000e+02
-2.024031219999999962e+02,-1.988249969999999962e+02,-3.925000000000000000e+02
-2.012312469999999962e+02,-2.183562469999999962e+02,-3.962500000000000000e+02
-1.895124969999999962e+02,-2.011687469999999962e+02,-3.912500000000000000e+02
-2.004499969999999962e+02,-2.179656219999999962e+02,-3.925000000000000000e+02
-2.012312469999999962e+02,-1.972624969999999962e+02,-3.962500000000000000e+02
-1.981062469999999962e+02,-2.152312469999999962e+02,-3.887500000000000000e+02
-1.988874969999999962e+02,-2.011687469999999962e+02,-3.962500000000000000e+02
-2.051374969999999962e+02,-2.105437469999999962e+02,-3.962500000000000000e+02
-1.965437469999999962e+02,-2.019499969999999962e+02,-3.962500000000000000e+02
-1.887312469999999962e+02,-2.066374969999999962e+02,-3.887500000000000000e+02
-1.961531219999999962e+02,-1.949187469999999962e+02,-3.875000000000000000e+02
-1.902937469999999962e+02,-1.980437469999999962e+02,-3.887500000000000000e+02
-1.996687469999999962e+02,-2.031218719999999962e+02,-3.975000000000000000e+02
-1.988874969999999962e+02,-1.917937469999999962e+02,-3.912500000000000000e+02
-2.027937469999999962e+02,-2.199187469999999962e+02,-3.962500000000000000e+02
-2.027937469999999962e+02,-1.972624969999999962e+02,-3.937500000000000000e+02
-2.051374969999999962e+02,-2.136687469999999962e+02,-3.962500000000000000e+02
-1.996687469999999962e+02,-1.996062469999999962e+02,-3.887500000000000000e+02
-1.996687469999999962e+02,-1.925749969999999962e+02,-3.912500000000000000e+02
-2.031843719999999962e+02,-2.113249969999999962e+02,-3.975000000000000000e+02
-1.988874969999999962e+02,-1.972624969999999962e+02,-3.887500000000000000e+02
-1.949812469999999962e+02,-1.972624969999999962e+02,-3.962500000000000000e+02
-1.988874969999999962e+02,-2.144499969999999962e+02,-3.887500000000000000e+02
-1.938093719999999962e+02,-2.152312469999999962e+02,-3.950000000000000000e+02
-1.981062469999999962e+02,-1.996062469999999962e+02,-3.887500000000000000e+02
-2.043562469999999962e+02,-2.074187469999999962e+02,-3.937500000000000000e+02
-2.004499969999999962e+02,-1.956999969999999962e+02,-3.912500000000000000e+02
-2.024031219999999962e+02,-1.980437469999999962e+02,-3.925000000000000000e+02
-2.027937469999999962e+02,-1.917937469999999962e+02,-3.937500000000000000e+02
-1.996687469999999962e+02,-2.035124969999999962e+02,-3.887500000000000000e+02
-2.035749969999999962e+02,-2.023406219999999962e+02,-3.975000000000000000e+02
-2.035749969999999962e+02,-1.980437469999999962e+02,-3.937500000000000000e+02
-2.035749969999999962e+02,-2.050749969999999962e+02,-3.937500000000000000e+02
-2.027937469999999962e+02,-2.152312469999999962e+02,-3.912500000000000000e+02
-1.899031219999999962e+02,-2.066374969999999962e+02,-3.875000000000000000e+02
-2.008406219999999962e+02,-2.050749969999999962e+02,-3.900000000000000000e+02
-1.918562469999999962e+02,-2.124968719999999962e+02,-3.950000000000000000e+02
-2.020124969999999962e+02,-1.906218719999999962e+02,-3.950000000000000000e+02
-2.024031219999999962e+02,-2.035124969999999962e+02,-3.925000000000000000e+02
-1.949812469999999962e+02,-2.179656219999999962e+02,-3.975000000000000000e+02
-1.981062469999999962e+02,-1.933562469999999962e+02,-3.962500000000000000e+02
-1.914656219999999962e+02,-2.136687469999999962e+02,-3.975000000000000000e+02
-1.934187469999999962e+02,-1.960906219999999962e+02,-3.900000000000000000e+02
-1.977156219999999962e+02,-2.152312469999999962e+02,-3.900000000000000000e+02
-1.973249969999999962e+02,-1.925749969999999962e+02,-3.912500000000000000e+02
-2.051374969999999962e+02,-2.171843719999999962e+02,-3.950000000000000000e+02
-1.875593719999999962e+02,-2.019499969999999962e+02,-3.875000000000000000e+02
-1.973249969999999962e+02,-1.980437469999999962e+02,-3.887500000000000000e+02
-2.027937469999999962e+02,-2.003874969999999962e+02,-3.937500000000000000e+02
-1.957624969999999962e+02,-2.011687469999999962e+02,-3.962500000000000000e+02
-1.988874969999999962e+02,-1.902312469999999962e+02,-3.937500000000000000e+02
-1.875593719999999962e+02,-2.035124969999999962e+02,-3.900000000000000000e+02
-1.926374969999999962e+02,-2.011687469999999962e+02,-3.962500000000000000e+02
-2.004499969999999962e+02,-1.949187469999999962e+02,-3.962500000000000000e+02
-1.914656219999999962e+02,-2.035124969999999962e+02,-3.950000000000000000e+02
-1.949812469999999962e+02,-1.933562469999999962e+02,-3.937500000000000000e+02
-1.977156219999999962e+02,-2.003874969999999962e+02,-3.875000000000000000e+02
-1.996687469999999962e+02,-2.175749969999999962e+02,-3.912500000000000000e+02
-2.020124969999999962e+02,-2.019499969999999962e+02,-3.912500000000000000e+02
-1.973249969999999962e+02,-2.011687469999999962e+02,-3.962500000000000000e+02
-2.012312469999999962e+02,-2.187468719999999962e+02,-3.925000000000000000e+02
-1.930281219999999962e+02,-2.167937469999999962e+02,-3.975000000000000000e+02
-1.910749969999999962e+02,-1.996062469999999962e+02,-3.912500000000000000e+02
-2.012312469999999962e+02,-1.906218719999999962e+02,-3.950000000000000000e+02
-1.973249969999999962e+02,-2.187468719999999962e+02,-3.950000000000000000e+02
-2.027937469999999962e+02,-1.996062469999999962e+02,-3.937500000000000000e+02
-2.043562469999999962e+02,-1.988249969999999962e+02,-3.962500000000000000e+02
-1.988874969999999962e+02,-1.941374969999999962e+02,-3.912500000000000000e+02
-1.918562469999999962e+02,-2.050749969999999962e+02,-3.962500000000000000e+02
-2.004499969999999962e+02,-1.956999969999999962e+02,-3.962500000000000000e+02
-1.902937469999999962e+02,-2.042937469999999962e+02,-3.937500000000000000e+02
-1.988874969999999962e+02,-2.054656219999999962e+02,-3.875000000000000000e+02
-2.012312469999999962e+02,-2.183562469999999962e+02,-3.912500000000000000e+02
-2.012312469999999962e+02,-2.109343719999999962e+02,-3.900000000000000000e+02
-1.930281219999999962e+02,-1.941374969999999962e+02,-3.925000000000000000e+02
-1.949812469999999962e+02,-1.988249969999999962e+02,-3.962500000000000000e+02
-2.031843719999999962e+02,-2.042937469999999962e+02,-3.925000000000000000e+02
-1.895124969999999962e+02,-2.054656219999999962e+02,-3.925000000000000000e+02
-1.996687469999999962e+02,-2.128874969999999962e+02,-3.887500000000000000e+02
-1.910749969999999962e+02,-1.999968719999999962e+02,-3.925000000000000000e+02
-1.988874969999999962e+02,-1.898406219999999962e+02,-3.925000000000000000e+02
-1.981062469999999962e+02,-1.941374969999999962e+02,-3.912500000000000000e+02
-1.918562469999999962e+02,-2.081999969999999962e+02,-3.962500000000000000e+02
-1.973249969999999962e+02,-2.164031219999999962e+02,-3.925000000000000000e+02
-1.899031219999999962e+02,-1.980437469999999962e+02,-3.875000000000000000e+02
-2.012312469999999962e+02,-2.199187469999999962e+02,-3.937500000000000000e+02
-1.973249969999999962e+02,-1.964812469999999962e+02,-3.887500000000000000e+02
-2.031843719999999962e+02,-1.917937469999999962e+02,-3.950000000000000000e+02
-1.895124969999999962e+02,-1.996062469999999962e+02,-3.887500000000000000e+02
-2.035749969999999962e+02,-2.101531219999999962e+02,-3.975000000000000000e+02
-1.996687469999999962e+02,-1.917937469999999962e+02,-3.962500000000000000e+02
-2.035749969999999962e+02,-1.941374969999999962e+02,-3.937500000000000000e+02
-1.941999969999999962e+02,-1.953093719999999962e+02,-3.875000000000000000e+02
-1.996687469999999962e+02,-1.941374969999999962e+02,-3.962500000000000000e+02
-1.941999969999999962e+02,-2.109343719999999962e+02,-3.875000000000000000e+02
-1.930281219999999962e+02,-1.933562469999999962e+02,-3.925000000000000000e+02
-1.906843719999999962e+02,-2.089812469999999962e+02,-3.900000000000000000e+02
-1.988874969999999962e+02,-2.128874969999999962e+02,-3.887500000000000000e+02
-2.012312469999999962e+02,-2.203093719999999962e+02,-3.950000000000000000e+02
-1.934187469999999962e+02,-2.019499969999999962e+02,-3.962500000000000000e+02
-1.981062469999999962e+02,-1.956999969999999962e+02,-3.887500000000000000e+02
-1.981062469999999962e+02,-2.031218719999999962e+02,-3.975000000000000000e+02
-1.910749969999999962e+02,-2.039031219999999962e+02,-3.950000000000000000e+02
-1.899031219999999962e+02,-2.074187469999999962e+02,-3.925000000000000000e+02
-1.973249969999999962e+02,-1.945281219999999962e+02,-3.900000000000000000e+02
-2.043562469999999962e+02,-2.136687469999999962e+02,-3.937500000000000000e+02
-1.879499969999999962e+02,-2.031218719999999962e+02,-3.875000000000000000e+02
-2.043562469999999962e+02,-2.160124969999999962e+02,-3.937500000000000000e+02
-2.027937469999999962e+02,-2.011687469999999962e+02,-3.937500000000000000e+02
-2.047468719999999962e+02,-2.121062469999999962e+02,-3.925000000000000000e+02
-1.914656219999999962e+02,-2.128874969999999962e+02,-3.975000000000000000e+02
-2.035749969999999962e+02,-1.956999969999999962e+02,-3.962500000000000000e+02
-1.902937469999999962e+02,-2.081999969999999962e+02,-3.912500000000000000e+02
-1.965437469999999962e+02,-2.152312469999999962e+02,-3.912500000000000000e+02
-1.926374969999999962e+02,-2.085906219999999962e+02,-3.975000000000000000e+02
-1.906843719999999962e+02,-2.089812469999999962e+02,-3.925000000000000000e+02
-1.996687469999999962e+02,-2.027312469999999962e+02,-3.962500000000000000e+02
-2.063093719999999962e+02,-2.128874969999999962e+02,-3.950000000000000000e+02
-1.918562469999999962e+02,-2.042937469999999962e+02,-3.962500000000000000e+02
-2.027937469999999962e+02,-1.956999969999999962e+02,-3.962500000000000000e+02
-2.027937469999999962e+02,-2.175749969999999962e+02,-3.912500000000000000e+02
-2.004499969999999962e+02,-2.191374969999999962e+02,-3.962500000000000000e+02
-1.895124969999999962e+02,-1.988249969999999962e+02,-3.887500000000000000e+02
-1.949812469999999962e+02,-2.050749969999999962e+02,-3.962500000000000000e+02
-1.981062469999999962e+02,-1.910124969999999962e+02,-3.912500000000000000e+02
-2.035749969999999962e+02,-1.949187469999999962e+02,-3.962500000000000000e+02
-2.051374969999999962e+02,-2.128874969999999962e+02,-3.962500000000000000e+02
-1.949812469999999962e+02,-2.054656219999999962e+02,-3.975000000000000000e+02
-2.004499969999999962e+02,-1.925749969999999962e+02,-3.912500000000000000e+02
-2.047468719999999962e+02,-2.003874969999999962e+02,-3.950000000000000000e+02
-2.051374969999999962e+02,-2.089812469999999962e+02,-3.962500000000000000e+02
-2.004499969999999962e+02,-1.980437469999999962e+02,-3.962500000000000000e+02
-2.004499969999999962e+02,-2.121062469999999962e+02,-3.887500000000000000e+02
-1.949812469999999962e+02,-2.175749969999999962e+02,-3.962500000000000000e+02
-1.981062469999999962e+02,-1.945281219999999962e+02,-3.900000000000000000e+02
-2.020124969999999962e+02,-1.956999969999999962e+02,-3.937500000000000000e+02
-2.027937469999999962e+02,-2.097624969999999962e+02,-3.912500000000000000e+02
-1.879499969999999962e+02,-2.042937469999999962e+02,-3.887500000000000000e+02
-1.910749969999999962e+02,-2.105437469999999962e+02,-3.937500000000000000e+02
-2.035749969999999962e+02,-2.019499969999999962e+02,-3.962500000000000000e+02
-2.008406219999999962e+02,-2.183562469999999962e+02,-3.975000000000000000e+02
-1.969343719999999962e+02,-2.160124969999999962e+02,-3.925000000000000000e+02
-2.051374969999999962e+02,-2.113249969999999962e+02,-3.937500000000000000e+02
-1.988874969999999962e+02,-1.956999969999999962e+02,-3.962500000000000000e+02
-1.918562469999999962e+02,-2.089812469999999962e+02,-3.887500000000000000e+02
-2.043562469999999962e+02,-2.113249969999999962e+02,-3.912500000000000000e+02
-1.906843719999999962e+02,-2.066374969999999962e+02,-3.950000000000000000e+02
-1.965437469999999962e+02,-1.945281219999999962e+02,-3.900000000000000000e+02
-1.965437469999999962e+02,-2.175749969999999962e+02,-3.937500000000000000e+02
-2.012312469999999962e+02,-2.167937469999999962e+02,-3.912500000000000000e+02
-2.035749969999999962e+02,-2.175749969999999962e+02,-3.962500000000000000e+02
-2.051374969999999962e+02,-2.152312469999999962e+02,-3.962500000000000000e+02
-2.012312469999999962e+02,-1.956999969999999962e+02,-3.912500000000000000e+02
-1.875593719999999962e+02,-2.027312469999999962e+02,-3.875000000000000000e+02
-2.027937469999999962e+02,-2.074187469999999962e+02,-3.912500000000000000e+02
-2.035749969999999962e+02,-1.933562469999999962e+02,-3.962500000000000000e+02
-1.973249969999999962e+02,-1.941374969999999962e+02,-3.962500000000000000e+02
-1.973249969999999962e+02,-1.933562469999999962e+02,-3.962500000000000000e+02
-1.918562469999999962e+02,-1.988249969999999962e+02,-3.937500000000000000e+02
-2.012312469999999962e+02,-1.964812469999999962e+02,-3.912500000000000000e+02
-2.020124969999999962e+02,-2.050749969999999962e+02,-3.912500000000000000e+02
-2.016218719999999962e+02,-1.941374969999999962e+02,-3.925000000000000000e+02
-1.973249969999999962e+02,-2.144499969999999962e+02,-3.887500000000000000e+02
-2.004499969999999962e+02,-2.066374969999999962e+02,-3.887500000000000000e+02
-1.965437469999999962e+02,-2.003874969999999962e+02,-3.962500000000000000e+02
-2.035749969999999962e+02,-2.027312469999999962e+02,-3.937500000000000000e+02
-2.027937469999999962e+02,-2.019499969999999962e+02,-3.937500000000000000e+02
-2.027937469999999962e+02,-2.167937469999999962e+02,-3.962500000000000000e+02
-1.938093719999999962e+02,-1.956999969999999962e+02,-3.875000000000000000e+02
-1.965437469999999962e+02,-2.179656219999999962e+02,-3.950000000000000000e+02
-1.973249969999999962e+02,-1.980437469999999962e+02,-3.962500000000000000e+02
-1.965437469999999962e+02,-2.046843719999999962e+02,-3.975000000000000000e+02
-2.047468719999999962e+02,-2.019499969999999962e+02,-3.950000000000000000e+02
-1.914656219999999962e+02,-2.081999969999999962e+02,-3.875000000000000000e+02
-2.031843719999999962e+02,-2.050749969999999962e+02,-3.925000000000000000e+02
-1.899031219999999962e+02,-1.996062469999999962e+02,-3.900000000000000000e+02
-2.020124969999999962e+02,-2.148406219999999962e+02,-3.975000000000000000e+02
-2.039656219999999962e+02,-1.941374969999999962e+02,-3.950000000000000000e+02
-1.996687469999999962e+02,-2.199187469999999962e+02,-3.962500000000000000e+02
-2.043562469999999962e+02,-2.066374969999999962e+02,-3.962500000000000000e+02
-2.012312469999999962e+02,-2.003874969999999962e+02,-3.912500000000000000e+02
-1.945906219999999962e+02,-2.113249969999999962e+02,-3.875000000000000000e+02
-2.051374969999999962e+02,-2.136687469999999962e+02,-3.937500000000000000e+02
-1.941999969999999962e+02,-2.113249969999999962e+02,-3.887500000000000000e+02
-2.043562469999999962e+02,-2.089812469999999962e+02,-3.937500000000000000e+02
-1.981062469999999962e+02,-1.933562469999999962e+02,-3.912500000000000000e+02
-1.945906219999999962e+02,-1.925749969999999962e+02,-3.925000000000000000e+02
-1.910749969999999962e+02,-2.081999969999999962e+02,-3.887500000000000000e+02
-1.981062469999999962e+02,-1.980437469999999962e+02,-3.962500000000000000e+02
-2.047468719999999962e+02,-1.988249969999999962e+02,-3.950000000000000000e+02
-1.926374969999999962e+02,-2.050749969999999962e+02,-3.962500000000000000e+02
-2.012312469999999962e+02,-2.035124969999999962e+02,-3.912500000000000000e+02
-1.918562469999999962e+02,-1.972624969999999962e+02,-3.937500000000000000e+02
-2.020124969999999962e+02,-1.980437469999999962e+02,-3.962500000000000000e+02
-2.043562469999999962e+02,-2.191374969999999962e+02,-3.937500000000000000e+02
-1.949812469999999962e+02,-2.152312469999999962e+02,-3.937500000000000000e+02
-1.910749969999999962e+02,-1.980437469999999962e+02,-3.912500000000000000e+02
-1.996687469999999962e+02,-2.121062469999999962e+02,-3.887500000000000000e+02
-1.906843719999999962e+02,-1.972624969999999962e+02,-3.875000000000000000e+02
-1.965437469999999962e+02,-1.937468719999999962e+02,-3.950000000000000000e+02
-1.957624969999999962e+02,-2.046843719999999962e+02,-3.975000000000000000e+02
-1.922468719999999962e+02,-2.113249969999999962e+02,-3.900000000000000000e+02
-1.895124969999999962e+02,-1.999968719999999962e+02,-3.900000000000000000e+02
-2.035749969999999962e+02,-2.011687469999999962e+02,-3.937500000000000000e+02
-1.992781219999999962e+02,-2.066374969999999962e+02,-3.875000000000000000e+02
-1.895124969999999962e+02,-2.074187469999999962e+02,-3.887500000000000000e+02
-1.883406219999999962e+02,-2.003874969999999962e+02,-3.875000000000000000e+02
-2.004499969999999962e+02,-2.167937469999999962e+02,-3.912500000000000000e+02
-1.926374969999999962e+02,-2.128874969999999962e+02,-3.937500000000000000e+02
-1.902937469999999962e+02,-2.050749969999999962e+02,-3.937500000000000000e+02
-1.934187469999999962e+02,-1.933562469999999962e+02,-3.937500000000000000e+02
-1.949812469999999962e+02,-1.925749969999999962e+02,-3.912500000000000000e+02
-1.926374969999999962e+02,-1.980437469999999962e+02,-3.937500000000000000e+02
-1.973249969999999962e+02,-1.996062469999999962e+02,-3.962500000000000000e+02
-2.020124969999999962e+02,-2.187468719999999962e+02,-3.925000000000000000e+02
-2.004499969999999962e+02,-1.933562469999999962e+02,-3.912500000000000000e+02
-1.949812469999999962e+02,-2.035124969999999962e+02,-3.962500000000000000e+02
-2.004499969999999962e+02,-2.035124969999999962e+02,-3.887500000000000000e+02
-1.973249969999999962e+02,-1.988249969999999962e+02,-3.962500000000000000e+02
-1.899031219999999962e+02,-2.066374969999999962e+02,-3.925000000000000000e+02
-1.902937469999999962e+02,-2.027312469999999962e+02,-3.937500000000000000e+02
-2.004499969999999962e+02,-2.074187469999999962e+02,-3.887500000000000000e+02
-1.957624969999999962e+02,-1.949187469999999962e+02,-3.962500000000000000e+02
-1.988874969999999962e+02,-2.195281219999999962e+02,-3.950000000000000000e+02
-2.000593719999999962e+02,-1.980437469999999962e+02,-3.900000000000000000e+02
-1.957624969999999962e+02,-2.128874969999999962e+02,-3.887500000000000000e+02
-1.906843719999999962e+02,-2.097624969999999962e+02,-3.925000000000000000e+02
-1.973249969999999962e+02,-1.906218719999999962e+02,-3.925000000000000000e+02
-1.887312469999999962e+02,-2.035124969999999962e+02,-3.912500000000000000e+02
-1.918562469999999962e+02,-2.105437469999999962e+02,-3.887500000000000000e+02
-2.012312469999999962e+02,-1.925749969999999962e+02,-3.937500000000000000e+02
-2.055281219999999962e+02,-2.167937469999999962e+02,-3.950000000000000000e+02
-1.996687469999999962e+02,-2.183562469999999962e+02,-3.937500000000000000e+02
-1.981062469999999962e+02,-2.015593719999999962e+02,-3.875000000000000000e+02
-1.996687469999999962e+02,-2.050749969999999962e+02,-3.887500000000000000e+02
-1.895124969999999962e+02,-2.078093719999999962e+02,-3.900000000000000000e+02
-2.012312469999999962e+02,-1.980437469999999962e+02,-3.912500000000000000e+02
-1.918562469999999962e+02,-2.066374969999999962e+02,-3.962500000000000000e+02
-2.024031219999999962e+02,-2.011687469999999962e+02,-3.925000000000000000e+02
-2.043562469999999962e+02,-2.105437469999999962e+02,-3.912500000000000000e+02
-1.977156219999999962e+02,-2.136687469999999962e+02,-3.875000000000000000e+02
-1.949812469999999962e+02,-1.941374969999999962e+02,-3.912500000000000000e+02
-2.035749969999999962e+02,-2.183562469999999962e+02,-3.962500000000000000e+02
-1.969343719999999962e+02,-1.910124969999999962e+02,-3.925000000000000000e+02
-1.934187469999999962e+02,-1.949187469999999962e+02,-3.912500000000000000e+02
-1.918562469999999962e+02,-2.097624969999999962e+02,-3.887500000000000000e+02
-1.996687469999999962e+02,-1.949187469999999962e+02,-3.962500000000000000e+02
-1.906843719999999962e+02,-2.074187469999999962e+02,-3.875000000000000000e+02
-2.000593719999999962e+02,-2.152312469999999962e+02,-3.900000000000000000e+02
-1.941999969999999962e+02,-2.160124969999999962e+02,-3.962500000000000000e+02
-1.910749969999999962e+02,-2.081999969999999962e+02,-3.962500000000000000e+02
-2.035749969999999962e+02,-2.081999969999999962e+02,-3.912500000000000000e+02
-1.918562469999999962e+02,-2.128874969999999962e+02,-3.962500000000000000e+02
-1.996687469999999962e+02,-1.953093719999999962e+02,-3.900000000000000000e+02
-1.992781219999999962e+02,-2.113249969999999962e+02,-3.875000000000000000e+02
-1.934187469999999962e+02,-2.136687469999999962e+02,-3.937500000000000000e+02
-2.008406219999999962e+02,-2.121062469999999962e+02,-3.900000000000000000e+02
-1.926374969999999962e+02,-2.140593719999999962e+02,-3.950000000000000000e+02
-2.004499969999999962e+02,-2.011687469999999962e+02,-3.912500000000000000e+02
-2.012312469999999962e+02,-2.144499969999999962e+02,-3.912500000000000000e+02
-2.039656219999999962e+02,-2.089812469999999962e+02,-3.975000000000000000e+02
-1.984968719999999962e+02,-2.042937469999999962e+02,-3.875000000000000000e+02
-1.926374969999999962e+02,-2.164031219999999962e+02,-3.975000000000000000e+02
-2.027937469999999962e+02,-1.964812469999999962e+02,-3.937500000000000000e+02
-1.949812469999999962e+02,-1.980437469999999962e+02,-3.962500000000000000e+02
-1.996687469999999962e+02,-1.996062469999999962e+02,-3.962500000000000000e+02
-2.020124969999999962e+02,-2.199187469999999962e+02,-3.962500000000000000e+02
-2.004499969999999962e+02,-2.140593719999999962e+02,-3.900000000000000000e+02
-1.910749969999999962e+02,-2.105437469999999962e+02,-3.962500000000000000e+02
-1.984968719999999962e+02,-2.035124969999999962e+02,-3.875000000000000000e+02
-1.981062469999999962e+02,-1.964812469999999962e+02,-3.962500000000000000e+02
-1.934187469999999962e+02,-2.152312469999999962e+02,-3.962500000000000000e+02
-1.965437469999999962e+02,-2.132781219999999962e+02,-3.875000000000000000e+02
-1.906843719999999962e+02,-1.980437469999999962e+02,-3.900000000000000000e+02
-1.957624969999999962e+02,-1.972624969999999962e+02,-3.962500000000000000e+02
-1.961531219999999962e+02,-1.941374969999999962e+02,-3.950000000000000000e+02
-1.934187469999999962e+02,-2.171843719999999962e+02,-3.975000000000000000e+02
-1.957624969999999962e+02,-1.945281219999999962e+02,-3.950000000000000000e+02
-2.020124969999999962e+02,-2.003874969999999962e+02,-3.912500000000000000e+02
-2.008406219999999962e+02,-2.058562469999999962e+02,-3.900000000000000000e+02
-1.941999969999999962e+02,-2.156218719999999962e+02,-3.950000000000000000e+02
-1.973249969999999962e+02,-1.910124969999999962e+02,-3.937500000000000000e+02
-2.012312469999999962e+02,-1.910124969999999962e+02,-3.962500000000000000e+02
-1.957624969999999962e+02,-2.136687469999999962e+02,-3.887500000000000000e+02
-1.949812469999999962e+02,-1.996062469999999962e+02,-3.962500000000000000e+02
-1.957624969999999962e+02,-1.964812469999999962e+02,-3.962500000000000000e+02
-2.051374969999999962e+02,-2.066374969999999962e+02,-3.962500000000000000e+02
-2.027937469999999962e+02,-2.175749969999999962e+02,-3.962500000000000000e+02
-1.922468719999999962e+02,-2.152312469999999962e+02,-3.975000000000000000e+02
-1.938093719999999962e+02,-2.175749969999999962e+02,-3.975000000000000000e+02
-2.012312469999999962e+02,-1.917937469999999962e+02,-3.937500000000000000e+02
-2.047468719999999962e+02,-2.035124969999999962e+02,-3.975000000000000000e+02
-2.027937469999999962e+02,-2.128874969999999962e+02,-3.912500000000000000e+02
-2.004499969999999962e+02,-2.003874969999999962e+02,-3.962500000000000000e+02
-1.949812469999999962e+02,-2.171843719999999962e+02,-3.950000000000000000e+02
-1.910749969999999962e+02,-2.089812469999999962e+02,-3.887500000000000000e+02
-2.027937469999999962e+02,-1.906218719999999962e+02,-3.950000000000000000e+02
-2.012312469999999962e+02,-2.175749969999999962e+02,-3.912500000000000000e+02
-1.895124969999999962e+02,-2.058562469999999962e+02,-3.912500000000000000e+02
-2.027937469999999962e+02,-1.949187469999999962e+02,-3.937500000000000000e+02
-1.992781219999999962e+02,-1.902312469999999962e+02,-3.925000000000000000e+02
-2.043562469999999962e+02,-2.023406219999999962e+02,-3.975000000000000000e+02
-1.906843719999999962e+02,-2.089812469999999962e+02,-3.950000000000000000e+02
-1.984968719999999962e+02,-2.191374969999999962e+02,-3.975000000000000000e+02
-1.992781219999999962e+02,-2.175749969999999962e+02,-3.925000000000000000e+02
-1.988874969999999962e+02,-2.136687469999999962e+02,-3.887500000000000000e+02
-1.910749969999999962e+02,-1.976531219999999962e+02,-3.900000000000000000e+02
-2.043562469999999962e+02,-2.105437469999999962e+02,-3.962500000000000000e+02
-1.879499969999999962e+02,-2.023406219999999962e+02,-3.900000000000000000e+02
-1.922468719999999962e+02,-2.113249969999999962e+02,-3.975000000000000000e+02
-1.902937469999999962e+02,-2.074187469999999962e+02,-3.887500000000000000e+02
-1.926374969999999962e+02,-2.093718719999999962e+02,-3.875000000000000000e+02
-1.957624969999999962e+02,-2.171843719999999962e+02,-3.950000000000000000e+02
-1.902937469999999962e+02,-2.081999969999999962e+02,-3.887500000000000000e+02
-2.043562469999999962e+02,-2.042937469999999962e+02,-3.937500000000000000e+02
-1.981062469999999962e+02,-2.183562469999999962e+02,-3.937500000000000000e+02
-1.957624969999999962e+02,-1.996062469999999962e+02,-3.962500000000000000e+02
-2.051374969999999962e+02,-2.066374969999999962e+02,-3.937500000000000000e+02
-2.027937469999999962e+02,-2.136687469999999962e+02,-3.912500000000000000e+02
-1.992781219999999962e+02,-2.058562469999999962e+02,-3.875000000000000000e+02
-1.992781219999999962e+02,-2.074187469999999962e+02,-3.875000000000000000e+02
-1.965437469999999962e+02,-2.187468719999999962e+02,-3.975000000000000000e+02
-1.941999969999999962e+02,-2.175749969999999962e+02,-3.962500000000000000e+02
-1.988874969999999962e+02,-1.914031219999999962e+02,-3.950000000000000000e+02
-2.020124969999999962e+02,-1.988249969999999962e+02,-3.962500000000000000e+02
-2.027937469999999962e+02,-1.917937469999999962e+02,-3.962500000000000000e+02
-1.941999969999999962e+02,-1.972624969999999962e+02,-3.962500000000000000e+02
-1.934187469999999962e+02,-2.101531219999999962e+02,-3.875000000000000000e+02
-1.922468719999999962e+02,-1.964812469999999962e+02,-3.875000000000000000e+02
-2.000593719999999962e+02,-2.003874969999999962e+02,-3.900000000000000000e+02
-1.965437469999999962e+02,-1.980437469999999962e+02,-3.962500000000000000e+02
-2.039656219999999962e+02,-2.097624969999999962e+02,-3.975000000000000000e+02
-1.887312469999999962e+02,-2.046843719999999962e+02,-3.875000000000000000e+02
-1.988874969999999962e+02,-2.003874969999999962e+02,-3.887500000000000000e+02
-1.965437469999999962e+02,-2.160124969999999962e+02,-3.937500000000000000e+02
-1.922468719999999962e+02,-2.105437469999999962e+02,-3.975000000000000000e+02
-1.902937469999999962e+02,-2.070281219999999962e+02,-3.875000000000000000e+02
-2.035749969999999962e+02,-2.019499969999999962e+02,-3.937500000000000000e+02
-2.020124969999999962e+02,-2.011687469999999962e+02,-3.962500000000000000e+02
-1.973249969999999962e+02,-1.972624969999999962e+02,-3.887500000000000000e+02
-1.992781219999999962e+02,-2.121062469999999962e+02,-3.875000000000000000e+02
-2.027937469999999962e+02,-1.941374969999999962e+02,-3.962500000000000000e+02
-1.902937469999999962e+02,-2.085906219999999962e+02,-3.900000000000000000e+02
-2.012312469999999962e+02,-2.191374969999999962e+02,-3.962500000000000000e+02
-1.934187469999999962e+02,-2.027312469999999962e+02,-3.962500000000000000e+02
-2.000593719999999962e+02,-1.996062469999999962e+02,-3.900000000000000000e+02
-2.000593719999999962e+02,-1.910124969999999962e+02,-3.950000000000000000e+02
-2.035749969999999962e+02,-1.996062469999999962e+02,-3.937500000000000000e+02
-1.996687469999999962e+02,-1.949187469999999962e+02,-3.912500000000000000e+02
-2.012312469999999962e+02,-2.152312469999999962e+02,-3.912500000000000000e+02
-1.988874969999999962e+02,-1.933562469999999962e+02,-3.962500000000000000e+02
-2.004499969999999962e+02,-1.941374969999999962e+02,-3.962500000000000000e+02
-1.918562469999999962e+02,-2.019499969999999962e+02,-3.962500000000000000e+02
-1.988874969999999962e+02,-2.124968719999999962e+02,-3.875000000000000000e+02
-1.996687469999999962e+02,-2.199187469999999962e+02,-3.937500000000000000e+02
-2.035749969999999962e+02,-1.988249969999999962e+02,-3.962500000000000000e+02
-2.055281219999999962e+02,-2.136687469999999962e+02,-3.950000000000000000e+02
-1.945906219999999962e+02,-1.964812469999999962e+02,-3.950000000000000000e+02
-1.879499969999999962e+02,-2.042937469999999962e+02,-3.912500000000000000e+02
-2.027937469999999962e+02,-2.144499969999999962e+02,-3.912500000000000000e+02
-2.035749969999999962e+02,-2.003874969999999962e+02,-3.937500000000000000e+02
-2.039656219999999962e+02,-2.081999969999999962e+02,-3.975000000000000000e+02
-2.020124969999999962e+02,-2.128874969999999962e+02,-3.912500000000000000e+02
-1.895124969999999962e+02,-2.039031219999999962e+02,-3.925000000000000000e+02
-2.012312469999999962e+02,-2.027312469999999962e+02,-3.912500000000000000e+02
-2.027937469999999962e+02,-2.105437469999999962e+02,-3.912500000000000000e+02
-2.020124969999999962e+02,-2.144499969999999962e+02,-3.912500000000000000e+02
-1.922468719999999962e+02,-2.136687469999999962e+02,-3.950000000000000000e+02
-2.012312469999999962e+02,-1.964812469999999962e+02,-3.962500000000000000e+02
-1.879499969999999962e+02,-2.011687469999999962e+02,-3.887500000000000000e+02
-1.918562469999999962e+02,-1.980437469999999962e+02,-3.937500000000000000e+02
-2.004499969999999962e+02,-1.972624969999999962e+02,-3.912500000000000000e+02
-1.926374969999999962e+02,-1.956999969999999962e+02,-3.937500000000000000e+02
-1.879499969999999962e+02,-2.035124969999999962e+02,-3.912500000000000000e+02
-1.996687469999999962e+02,-1.906218719999999962e+02,-3.925000000000000000e+02
-2.043562469999999962e+02,-2.050749969999999962e+02,-3.937500000000000000e+02
-1.941999969999999962e+02,-1.941374969999999962e+02,-3.912500000000000000e+02
-2.020124969999999962e+02,-2.203093719999999962e+02,-3.950000000000000000e+02
-2.012312469999999962e+02,-2.089812469999999962e+02,-3.912500000000000000e+02
-1.992781219999999962e+02,-2.089812469999999962e+02,-3.875000000000000000e+02
-1.996687469999999962e+02,-1.914031219999999962e+02,-3.950000000000000000e+02
-2.012312469999999962e+02,-1.988249969999999962e+02,-3.962500000000000000e+02
-1.887312469999999962e+02,-2.042937469999999962e+02,-3.912500000000000000e+02
-1.926374969999999962e+02,-2.058562469999999962e+02,-3.962500000000000000e+02
-2.012312469999999962e+02,-2.113249969999999962e+02,-3.912500000000000000e+02
-1.902937469999999962e+02,-1.984343719999999962e+02,-3.900000000000000000e+02
-2.043562469999999962e+02,-2.167937469999999962e+02,-3.962500000000000000e+02
-2.020124969999999962e+02,-2.121062469999999962e+02,-3.912500000000000000e+02
-1.949812469999999962e+02,-1.949187469999999962e+02,-3.937500000000000000e+02
-2.012312469999999962e+02,-2.160124969999999962e+02,-3.912500000000000000e+02
-2.020124969999999962e+02,-1.910124969999999962e+02,-3.962500000000000000e+02
-1.996687469999999962e+02,-2.179656219999999962e+02,-3.925000000000000000e+02
-1.992781219999999962e+02,-2.105437469999999962e+02,-3.875000000000000000e+02
-2.043562469999999962e+02,-2.019499969999999962e+02,-3.937500000000000000e+02
-1.941999969999999962e+02,-1.956999969999999962e+02,-3.937500000000000000e+02
-1.965437469999999962e+02,-2.140593719999999962e+02,-3.900000000000000000e+02
-1.988874969999999962e+02,-2.011687469999999962e+02,-3.887500000000000000e+02
-2.004499969999999962e+02,-2.089812469999999962e+02,-3.887500000000000000e+02
-1.981062469999999962e+02,-1.988249969999999962e+02,-3.887500000000000000e+02
-1.988874969999999962e+02,-1.917937469999999962e+02,-3.962500000000000000e+02
-1.988874969999999962e+02,-2.183562469999999962e+02,-3.937500000000000000e+02
-2.027937469999999962e+02,-1.925749969999999962e+02,-3.937500000000000000e+02
-1.879499969999999962e+02,-2.035124969999999962e+02,-3.887500000000000000e+02
-1.902937469999999962e+02,-2.078093719999999962e+02,-3.925000000000000000e+02
-2.027937469999999962e+02,-2.203093719999999962e+02,-3.950000000000000000e+02
-1.961531219999999962e+02,-2.152312469999999962e+02,-3.925000000000000000e+02
-1.926374969999999962e+02,-2.019499969999999962e+02,-3.962500000000000000e+02
-2.051374969999999962e+02,-2.121062469999999962e+02,-3.962500000000000000e+02
-2.020124969999999962e+02,-2.191374969999999962e+02,-3.937500000000000000e+02
-1.922468719999999962e+02,-2.121062469999999962e+02,-3.925000000000000000e+02
-1.914656219999999962e+02,-2.144499969999999962e+02,-3.975000000000000000e+02
-1.973249969999999962e+02,-1.921843719999999962e+02,-3.950000000000000000e+02
-1.930281219999999962e+02,-2.066374969999999962e+02,-3.975000000000000000e+02
-1.941999969999999962e+02,-1.988249969999999962e+02,-3.962500000000000000e+02
-1.973249969999999962e+02,-2.175749969999999962e+02,-3.937500000000000000e+02
-2.020124969999999962e+02,-2.105437469999999962e+02,-3.912500000000000000e+02
-1.984968719999999962e+02,-2.167937469999999962e+02,-3.925000000000000000e+02
-2.027937469999999962e+02,-1.956999969999999962e+02,-3.937500000000000000e+02
-1.941999969999999962e+02,-1.933562469999999962e+02,-3.912500000000000000e+02
-1.906843719999999962e+02,-2.074187469999999962e+02,-3.950000000000000000e+02
-1.895124969999999962e+02,-2.062468719999999962e+02,-3.875000000000000000e+02
-1.926374969999999962e+02,-2.097624969999999962e+02,-3.887500000000000000e+02
-1.891218719999999962e+02,-2.050749969999999962e+02,-3.875000000000000000e+02
-1.965437469999999962e+02,-1.996062469999999962e+02,-3.962500000000000000e+02
-1.996687469999999962e+02,-2.089812469999999962e+02,-3.887500000000000000e+02
-2.012312469999999962e+02,-1.956999969999999962e+02,-3.962500000000000000e+02
-1.941999969999999962e+02,-2.027312469999999962e+02,-3.962500000000000000e+02
-2.008406219999999962e+02,-2.113249969999999962e+02,-3.900000000000000000e+02
-2.012312469999999962e+02,-2.011687469999999962e+02,-3.912500000000000000e+02
-2.027937469999999962e+02,-1.941374969999999962e+02,-3.937500000000000000e+02
-1.977156219999999962e+02,-1.996062469999999962e+02,-3.875000000000000000e+02
-2.035749969999999962e+02,-2.167937469999999962e+02,-3.937500000000000000e+02
-2.031843719999999962e+02,-2.066374969999999962e+02,-3.925000000000000000e+02
-2.035749969999999962e+02,-1.996062469999999962e+02,-3.962500000000000000e+02
-2.043562469999999962e+02,-2.136687469999999962e+02,-3.962500000000000000e+02
-1.988874969999999962e+02,-1.902312469999999962e+02,-3.912500000000000000e+02
-1.934187469999999962e+02,-1.996062469999999962e+02,-3.962500000000000000e+02
-2.012312469999999962e+02,-2.003874969999999962e+02,-3.962500000000000000e+02
-2.012312469999999962e+02,-1.949187469999999962e+02,-3.912500000000000000e+02
-2.027937469999999962e+02,-1.980437469999999962e+02,-3.962500000000000000e+02
-2.008406219999999962e+02,-2.081999969999999962e+02,-3.900000000000000000e+02
-2.035749969999999962e+02,-2.167937469999999962e+02,-3.962500000000000000e+02
-1.988874969999999962e+02,-1.996062469999999962e+02,-3.887500000000000000e+02
-1.988874969999999962e+02,-1.980437469999999962e+02,-3.962500000000000000e+02
-2.012312469999999962e+02,-2.081999969999999962e+02,-3.912500000000000000e+02
-2.035749969999999962e+02,-2.121062469999999962e+02,-3.912500000000000000e+02
-1.981062469999999962e+02,-2.011687469999999962e+02,-3.962500000000000000e+02
-1.930281219999999962e+02,-2.074187469999999962e+02,-3.975000000000000000e+02
-1.949812469999999962e+02,-2.042937469999999962e+02,-3.962500000000000000e+02
