-2.006093750000000000e+02,-1.839375000000000000e+02,-3.570000000000000000e+02
-2.002187500000000000e+02,-1.839375000000000000e+02,-3.576250000000000000e+02
-2.002187500000000000e+02,-1.843281250000000000e+02,-3.570000000000000000e+02
-2.006093750000000000e+02,-1.831562500000000000e+02,-3.570000000000000000e+02
-2.002187500000000000e+02,-1.831562500000000000e+02,-3.576250000000000000e+02
-2.006093750000000000e+02,-1.823750000000000000e+02,-3.570000000000000000e+02
-2.002187500000000000e+02,-1.823750000000000000e+02,-3.576250000000000000e+02
-2.006093750000000000e+02,-1.815937500000000000e+02,-3.570000000000000000e+02
-2.002187500000000000e+02,-1.815937500000000000e+02,-3.576250000000000000e+02
-2.006093750000000000e+02,-1.808125000000000000e+02,-3.570000000000000000e+02
-2.002187500000000000e+02,-1.808125000000000000e+02,-3.576250000000000000e+02
-2.006093750000000000e+02,-1.800312500000000000e+02,-3.570000000000000000e+02
-2.002187500000000000e+02,-1.800312500000000000e+02,-3.576250000000000000e+02
-2.002187500000000000e+02,-1.796406250000000000e+02,-3.570000000000000000e+02
-1.998281250000000000e+02,-1.847187500000000000e+02,-3.570000000000000000e+02
-1.994375000000000000e+02,-1.847187500000000000e+02,-3.576250000000000000e+02
-1.994375000000000000e+02,-1.851093750000000000e+02,-3.570000000000000000e+02
-1.998281250000000000e+02,-1.839375000000000000e+02,-3.582500000000000000e+02
-1.994375000000000000e+02,-1.843281250000000000e+02,-3.582500000000000000e+02
-1.998281250000000000e+02,-1.831562500000000000e+02,-3.582500000000000000e+02
-1.998281250000000000e+02,-1.823750000000000000e+02,-3.582500000000000000e+02
-1.998281250000000000e+02,-1.815937500000000000e+02,-3.582500000000000000e+02
-1.998281250000000000e+02,-1.808125000000000000e+02,-3.582500000000000000e+02
-1.998281250000000000e+02,-1.800312500000000000e+02,-3.582500000000000000e+02
-1.998281250000000000e+02,-1.792500000000000000e+02,-3.570000000000000000e+02
-1.998281250000000000e+02,-1.792500000000000000e+02,-3.582500000000000000e+02
-1.994375000000000000e+02,-1.788593750000000000e+02,-3.582500000000000000e+02
-1.994375000000000000e+02,-1.788593750000000000e+02,-3.570000000000000000e+02
-1.990468750000000000e+02,-1.847187500000000000e+02,-3.582500000000000000e+02
-1.986562500000000000e+02,-1.851093750000000000e+02,-3.582500000000000000e+02
-1.986562500000000000e+02,-1.851093750000000000e+02,-3.570000000000000000e+02
-1.990468750000000000e+02,-1.784687500000000000e+02,-3.570000000000000000e+02
-1.990468750000000000e+02,-1.784687500000000000e+02,-3.582500000000000000e+02
-1.986562500000000000e+02,-1.780781250000000000e+02,-3.582500000000000000e+02
-1.986562500000000000e+02,-1.780781250000000000e+02,-3.570000000000000000e+02
-1.978750000000000000e+02,-1.847187500000000000e+02,-3.576250000000000000e+02
-1.982656250000000000e+02,-1.847187500000000000e+02,-3.582500000000000000e+02
-1.978750000000000000e+02,-1.851093750000000000e+02,-3.570000000000000000e+02
-1.978750000000000000e+02,-1.843281250000000000e+02,-3.582500000000000000e+02
-1.978750000000000000e+02,-1.780781250000000000e+02,-3.570000000000000000e+02
-1.978750000000000000e+02,-1.780781250000000000e+02,-3.582500000000000000e+02
-1.970937500000000000e+02,-1.847187500000000000e+02,-3.576250000000000000e+02
-1.970937500000000000e+02,-1.851093750000000000e+02,-3.570000000000000000e+02
-1.970937500000000000e+02,-1.843281250000000000e+02,-3.582500000000000000e+02
-1.970937500000000000e+02,-1.780781250000000000e+02,-3.570000000000000000e+02
-1.970937500000000000e+02,-1.780781250000000000e+02,-3.582500000000000000e+02
-1.967031250000000000e+02,-1.847187500000000000e+02,-3.570000000000000000e+02
-1.967031250000000000e+02,-1.839375000000000000e+02,-3.582500000000000000e+02
-1.963125000000000000e+02,-1.839375000000000000e+02,-3.576250000000000000e+02
-1.963125000000000000e+02,-1.843281250000000000e+02,-3.570000000000000000e+02
-1.963125000000000000e+02,-1.831562500000000000e+02,-3.576250000000000000e+02
-1.967031250000000000e+02,-1.831562500000000000e+02,-3.582500000000000000e+02
-1.963125000000000000e+02,-1.823750000000000000e+02,-3.576250000000000000e+02
-1.967031250000000000e+02,-1.823750000000000000e+02,-3.582500000000000000e+02
-1.963125000000000000e+02,-1.815937500000000000e+02,-3.576250000000000000e+02
-1.967031250000000000e+02,-1.815937500000000000e+02,-3.582500000000000000e+02
-1.963125000000000000e+02,-1.808125000000000000e+02,-3.576250000000000000e+02
-1.967031250000000000e+02,-1.808125000000000000e+02,-3.582500000000000000e+02
-1.963125000000000000e+02,-1.800312500000000000e+02,-3.576250000000000000e+02
-1.967031250000000000e+02,-1.800312500000000000e+02,-3.582500000000000000e+02
-1.963125000000000000e+02,-1.792500000000000000e+02,-3.576250000000000000e+02
-1.967031250000000000e+02,-1.792500000000000000e+02,-3.582500000000000000e+02
-1.963125000000000000e+02,-1.788593750000000000e+02,-3.570000000000000000e+02
-1.967031250000000000e+02,-1.784687500000000000e+02,-3.570000000000000000e+02
-1.967031250000000000e+02,-1.784687500000000000e+02,-3.582500000000000000e+02
-1.959218750000000000e+02,-1.839375000000000000e+02,-3.570000000000000000e+02
-1.959218750000000000e+02,-1.831562500000000000e+02,-3.570000000000000000e+02
-1.959218750000000000e+02,-1.823750000000000000e+02,-3.570000000000000000e+02
-1.959218750000000000e+02,-1.815937500000000000e+02,-3.570000000000000000e+02
-1.959218750000000000e+02,-1.808125000000000000e+02,-3.570000000000000000e+02
-1.959218750000000000e+02,-1.800312500000000000e+02,-3.570000000000000000e+02
-1.959218750000000000e+02,-1.792500000000000000e+02,-3.570000000000000000e+02
