-1.553578119999999956e+02,-1.192894495000000035e+02,-3.157799989999999752e+02
-1.644398470000000145e+02,-1.271605465000000095e+02,-3.101549990170454407e+02
-1.474867150000000038e+02,-1.250414050000000117e+02,-3.079674990236742360e+02
-1.547523429999999962e+02,-1.177757770000000050e+02,-3.142174990047348047e+02
-1.592933605000000057e+02,-1.317015640000000190e+02,-3.064049990284090654e+02
-1.505140600000000006e+02,-1.323070330000000183e+02,-3.073424990255681450e+02
-1.529359359999999981e+02,-1.174730425000000054e+02,-3.007799990454545309e+02
-1.586878915000000063e+02,-1.347289090000000158e+02,-3.101549990170454407e+02
-1.523304669999999987e+02,-1.235277325000000133e+02,-3.145299990037878501e+02
-1.614125020000000177e+02,-1.353343780000000152e+02,-3.092174990198863611e+02
-1.686781300000000101e+02,-1.201976530000000025e+02,-3.154674990009469298e+02
-1.486976530000000025e+02,-1.292796880000000215e+02,-3.023424990407196447e+02
-1.483949185000000170e+02,-1.183812460000000044e+02,-3.032799990378787811e+02
-1.638343780000000152e+02,-1.271605465000000095e+02,-3.151549990018939411e+02
-1.650453160000000139e+02,-1.220140600000000006e+02,-3.142174990047348047e+02
-1.602015640000000190e+02,-1.310960950000000196e+02,-3.067174990274621109e+02
-1.632289090000000158e+02,-1.313988295000000051e+02,-3.076549990246211905e+02
-1.553578119999999956e+02,-1.211058565000000016e+02,-3.120299990113635999e+02
-1.517249979999999994e+02,-1.183812460000000044e+02,-3.098424990179923952e+02
-1.523304669999999987e+02,-1.347289090000000158e+02,-3.104674990160984862e+02
-1.589906260000000202e+02,-1.211058565000000016e+02,-3.126549990094696909e+02
-1.574769535000000076e+02,-1.353343780000000152e+02,-3.064049990284090654e+02
-1.556605465000000095e+02,-1.189867150000000038e+02,-3.157799989999999752e+02
-1.562660155000000088e+02,-1.383617230000000120e+02,-3.120299990113635999e+02
-1.565687499999999943e+02,-1.214085910000000013e+02,-3.148424990028408956e+02
-1.571742189999999937e+02,-1.274632810000000092e+02,-3.017174990426136105e+02
-1.541468739999999968e+02,-1.205003875000000022e+02,-3.114049990132575658e+02
-1.520277325000000133e+02,-1.274632810000000092e+02,-3.145299990037878501e+02
-1.547523429999999962e+02,-1.214085910000000013e+02,-3.017174990426136105e+02
-1.562660155000000088e+02,-1.201976530000000025e+02,-3.151549990018939411e+02
-1.514222635000000139e+02,-1.323070330000000183e+02,-3.120299990113635999e+02
-1.456703080000000057e+02,-1.247386705000000120e+02,-3.082799990227272247e+02
-1.477894495000000177e+02,-1.304906260000000202e+02,-3.045299990340909062e+02
-1.623207055000000025e+02,-1.274632810000000092e+02,-3.057799990303030313e+02
-1.632289090000000158e+02,-1.250414050000000117e+02,-3.085924990217802701e+02
-1.602015640000000190e+02,-1.271605465000000095e+02,-3.039049990359848152e+02
-1.493031220000000019e+02,-1.244359359999999981e+02,-3.117174990123105545e+02
-1.544496085000000107e+02,-1.274632810000000092e+02,-3.026549990397726901e+02
-1.620179710000000171e+02,-1.353343780000000152e+02,-3.085924990217802701e+02
-1.547523429999999962e+02,-1.353343780000000152e+02,-3.079674990236742360e+02
-1.656507850000000133e+02,-1.323070330000000183e+02,-3.148424990028408956e+02
-1.480921840000000032e+02,-1.262523430000000104e+02,-3.117174990123105545e+02
-1.632289090000000158e+02,-1.304906260000000202e+02,-3.073424990255681450e+02
-1.517249979999999994e+02,-1.277660155000000088e+02,-3.007799990454545309e+02
-1.547523429999999962e+02,-1.344261745000000019e+02,-3.126549990094696909e+02
-1.553578119999999956e+02,-1.344261745000000019e+02,-3.151549990018939411e+02
-1.547523429999999962e+02,-1.201976530000000025e+02,-3.029674990388257356e+02
-1.477894495000000177e+02,-1.226195290000000000e+02,-3.045299990340909062e+02
-1.523304669999999987e+02,-1.250414050000000117e+02,-3.004674990464014854e+02
-1.595960950000000196e+02,-1.335179710000000171e+02,-3.142174990047348047e+02
-1.562660155000000088e+02,-1.226195290000000000e+02,-3.157799989999999752e+02
-1.493031220000000019e+02,-1.253441395000000114e+02,-3.132799990075757250e+02
-1.502113255000000152e+02,-1.165648390000000063e+02,-3.057799990303030313e+02
-1.490003875000000164e+02,-1.286742189999999937e+02,-3.070299990265150996e+02
-1.553578119999999956e+02,-1.341234400000000164e+02,-3.135924990066287705e+02
-1.565687499999999943e+02,-1.214085910000000013e+02,-3.023424990407196447e+02
-1.589906260000000202e+02,-1.386644574999999975e+02,-3.151549990018939411e+02
-1.574769535000000076e+02,-1.238304669999999987e+02,-3.151549990018939411e+02
-1.553578119999999956e+02,-1.341234400000000164e+02,-3.048424990331438948e+02
-1.620179710000000171e+02,-1.335179710000000171e+02,-3.148424990028408956e+02
-1.559632809999999949e+02,-1.356371125000000006e+02,-3.157799989999999752e+02
-1.595960950000000196e+02,-1.274632810000000092e+02,-3.035924990369317698e+02
-1.477894495000000177e+02,-1.189867150000000038e+02,-3.064049990284090654e+02
-1.483949185000000170e+02,-1.208031220000000019e+02,-3.089049990208333156e+02
-1.517249979999999994e+02,-1.353343780000000152e+02,-3.104674990160984862e+02
-1.583851569999999924e+02,-1.362425815000000000e+02,-3.082799990227272247e+02
-1.490003875000000164e+02,-1.329125020000000177e+02,-3.064049990284090654e+02
-1.541468739999999968e+02,-1.347289090000000158e+02,-3.073424990255681450e+02
-1.480921840000000032e+02,-1.268578120000000098e+02,-3.098424990179923952e+02
-1.499085910000000013e+02,-1.211058565000000016e+02,-3.120299990113635999e+02
-1.535414049999999975e+02,-1.208031220000000019e+02,-3.129674990085226796e+02
-1.511195290000000000e+02,-1.280687499999999943e+02,-3.148424990028408956e+02
-1.571742189999999937e+02,-1.304906260000000202e+02,-3.048424990331438948e+02
-1.620179710000000171e+02,-1.205003875000000022e+02,-3.107799990151514749e+02
-1.686781300000000101e+02,-1.229222635000000139e+02,-3.157799989999999752e+02
-1.541468739999999968e+02,-1.183812460000000044e+02,-3.048424990331438948e+02
-1.535414049999999975e+02,-1.250414050000000117e+02,-3.004674990464014854e+02
-1.535414049999999975e+02,-1.223167945000000145e+02,-3.007799990454545309e+02
-1.535414049999999975e+02,-1.310960950000000196e+02,-3.154674990009469298e+02
-1.583851569999999924e+02,-1.277660155000000088e+02,-3.157799989999999752e+02
-1.614125020000000177e+02,-1.362425815000000000e+02,-3.076549990246211905e+02
-1.511195290000000000e+02,-1.356371125000000006e+02,-3.139049990056818160e+02
-1.595960950000000196e+02,-1.211058565000000016e+02,-3.064049990284090654e+02
-1.632289090000000158e+02,-1.268578120000000098e+02,-3.054674990312499858e+02
-1.523304669999999987e+02,-1.168675735000000060e+02,-3.039049990359848152e+02
-1.493031220000000019e+02,-1.141429630000000088e+02,-3.067174990274621109e+02
-1.532386705000000120e+02,-1.183812460000000044e+02,-3.007799990454545309e+02
-1.511195290000000000e+02,-1.298851569999999924e+02,-3.110924990142045203e+02
-1.532386705000000120e+02,-1.195921840000000032e+02,-3.132799990075757250e+02
-1.493031220000000019e+02,-1.304906260000000202e+02,-3.042174990350378607e+02
-1.474867150000000038e+02,-1.310960950000000196e+02,-3.067174990274621109e+02
-1.589906260000000202e+02,-1.350316435000000013e+02,-3.089049990208333156e+02
-1.535414049999999975e+02,-1.229222635000000139e+02,-3.157799989999999752e+02
-1.617152365000000032e+02,-1.226195290000000000e+02,-3.070299990265150996e+02
-1.559632809999999949e+02,-1.220140600000000006e+02,-3.154674990009469298e+02
-1.493031220000000019e+02,-1.171703080000000057e+02,-3.017174990426136105e+02
-1.517249979999999994e+02,-1.307933605000000057e+02,-3.120299990113635999e+02
-1.541468739999999968e+02,-1.310960950000000196e+02,-3.048424990331438948e+02
-1.499085910000000013e+02,-1.304906260000000202e+02,-3.085924990217802701e+02
-1.571742189999999937e+02,-1.211058565000000016e+02,-3.051549990321969403e+02
-1.517249979999999994e+02,-1.359398470000000145e+02,-3.104674990160984862e+02
-1.647425815000000000e+02,-1.341234400000000164e+02,-3.132799990075757250e+02
-1.502113255000000152e+02,-1.159593700000000069e+02,-3.064049990284090654e+02
-1.523304669999999987e+02,-1.365453160000000139e+02,-3.154674990009469298e+02
-1.462757770000000050e+02,-1.323070330000000183e+02,-3.067174990274621109e+02
-1.499085910000000013e+02,-1.277660155000000088e+02,-3.032799990378787811e+02
-1.589906260000000202e+02,-1.217113255000000152e+02,-3.139049990056818160e+02
-1.620179710000000171e+02,-1.356371125000000006e+02,-3.082799990227272247e+02
-1.496058565000000158e+02,-1.323070330000000183e+02,-3.064049990284090654e+02
-1.608070330000000183e+02,-1.359398470000000145e+02,-3.085924990217802701e+02
-1.562660155000000088e+02,-1.226195290000000000e+02,-3.020299990416666560e+02
-1.486976530000000025e+02,-1.259496085000000107e+02,-3.076549990246211905e+02
-1.589906260000000202e+02,-1.238304669999999987e+02,-3.029674990388257356e+02
-1.626234400000000164e+02,-1.232249979999999994e+02,-3.073424990255681450e+02
-1.644398470000000145e+02,-1.359398470000000145e+02,-3.148424990028408956e+02
-1.653480504999999994e+02,-1.371507850000000133e+02,-3.157799989999999752e+02
-1.480921840000000032e+02,-1.247386705000000120e+02,-3.014049990435605650e+02
-1.508167945000000145e+02,-1.341234400000000164e+02,-3.145299990037878501e+02
-1.517249979999999994e+02,-1.304906260000000202e+02,-3.048424990331438948e+02
-1.462757770000000050e+02,-1.332152365000000032e+02,-3.051549990321969403e+02
-1.647425815000000000e+02,-1.274632810000000092e+02,-3.101549990170454407e+02
-1.620179710000000171e+02,-1.186839805000000041e+02,-3.064049990284090654e+02
-1.635316435000000013e+02,-1.280687499999999943e+02,-3.126549990094696909e+02
-1.608070330000000183e+02,-1.304906260000000202e+02,-3.067174990274621109e+02
-1.499085910000000013e+02,-1.211058565000000016e+02,-3.114049990132575658e+02
-1.644398470000000145e+02,-1.247386705000000120e+02,-3.057799990303030313e+02
-1.529359359999999981e+02,-1.192894495000000035e+02,-3.101549990170454407e+02
-1.571742189999999937e+02,-1.359398470000000145e+02,-3.148424990028408956e+02
-1.589906260000000202e+02,-1.211058565000000016e+02,-3.064049990284090654e+02
-1.520277325000000133e+02,-1.208031220000000019e+02,-3.139049990056818160e+02
-1.538441395000000114e+02,-1.201976530000000025e+02,-3.014049990435605650e+02
-1.496058565000000158e+02,-1.274632810000000092e+02,-3.070299990265150996e+02
-1.608070330000000183e+02,-1.350316435000000013e+02,-3.095299990189393498e+02
-1.623207055000000025e+02,-1.310960950000000196e+02,-3.157799989999999752e+02
-1.486976530000000025e+02,-1.177757770000000050e+02,-3.017174990426136105e+02
-1.499085910000000013e+02,-1.304906260000000202e+02,-3.048424990331438948e+02
-1.559632809999999949e+02,-1.214085910000000013e+02,-3.110924990142045203e+02
-1.508167945000000145e+02,-1.165648390000000063e+02,-3.051549990321969403e+02
-1.499085910000000013e+02,-1.159593700000000069e+02,-3.067174990274621109e+02
-1.468812460000000044e+02,-1.271605465000000095e+02,-3.020299990416666560e+02
-1.511195290000000000e+02,-1.329125020000000177e+02,-3.142174990047348047e+02
-1.532386705000000120e+02,-1.256468740000000111e+02,-3.157799989999999752e+02
-1.626234400000000164e+02,-1.326097675000000038e+02,-3.089049990208333156e+02
-1.598988295000000051e+02,-1.232249979999999994e+02,-3.045299990340909062e+02
-1.514222635000000139e+02,-1.347289090000000158e+02,-3.126549990094696909e+02
-1.508167945000000145e+02,-1.268578120000000098e+02,-3.139049990056818160e+02
-1.577796880000000215e+02,-1.232249979999999994e+02,-3.017174990426136105e+02
-1.641371125000000006e+02,-1.226195290000000000e+02,-3.120299990113635999e+02
-1.632289090000000158e+02,-1.211058565000000016e+02,-3.057799990303030313e+02
-1.553578119999999956e+02,-1.186839805000000041e+02,-3.064049990284090654e+02
-1.577796880000000215e+02,-1.226195290000000000e+02,-3.142174990047348047e+02
-1.511195290000000000e+02,-1.235277325000000133e+02,-3.126549990094696909e+02
-1.532386705000000120e+02,-1.195921840000000032e+02,-3.007799990454545309e+02
-1.520277325000000133e+02,-1.268578120000000098e+02,-3.145299990037878501e+02
-1.541468739999999968e+02,-1.171703080000000057e+02,-3.142174990047348047e+02
-1.480921840000000032e+02,-1.153539010000000076e+02,-3.073424990255681450e+02
-1.562660155000000088e+02,-1.183812460000000044e+02,-3.157799989999999752e+02
-1.517249979999999994e+02,-1.335179710000000171e+02,-3.123424990104166454e+02
-1.468812460000000044e+02,-1.220140600000000006e+02,-3.067174990274621109e+02
-1.517249979999999994e+02,-1.329125020000000177e+02,-3.054674990312499858e+02
-1.541468739999999968e+02,-1.177757770000000050e+02,-3.142174990047348047e+02
-1.517249979999999994e+02,-1.326097675000000038e+02,-3.107799990151514749e+02
-1.541468739999999968e+02,-1.180785115000000047e+02,-3.132799990075757250e+02
-1.483949185000000170e+02,-1.220140600000000006e+02,-3.107799990151514749e+02
-1.583851569999999924e+02,-1.256468740000000111e+02,-3.154674990009469298e+02
-1.523304669999999987e+02,-1.313988295000000051e+02,-3.051549990321969403e+02
-1.641371125000000006e+02,-1.262523430000000104e+02,-3.145299990037878501e+02
-1.644398470000000145e+02,-1.259496085000000107e+02,-3.132799990075757250e+02
-1.574769535000000076e+02,-1.359398470000000145e+02,-3.070299990265150996e+02
-1.571742189999999937e+02,-1.347289090000000158e+02,-3.060924990293560199e+02
-1.474867150000000038e+02,-1.253441395000000114e+02,-3.114049990132575658e+02
-1.462757770000000050e+02,-1.262523430000000104e+02,-3.098424990179923952e+02
-1.486976530000000025e+02,-1.180785115000000047e+02,-3.020299990416666560e+02
-1.517249979999999994e+02,-1.244359359999999981e+02,-3.135924990066287705e+02
-1.480921840000000032e+02,-1.226195290000000000e+02,-3.098424990179923952e+02
-1.499085910000000013e+02,-1.317015640000000190e+02,-3.073424990255681450e+02
-1.483949185000000170e+02,-1.256468740000000111e+02,-3.057799990303030313e+02
-1.605042985000000044e+02,-1.365453160000000139e+02,-3.139049990056818160e+02
-1.641371125000000006e+02,-1.329125020000000177e+02,-3.126549990094696909e+02
-1.468812460000000044e+02,-1.262523430000000104e+02,-3.085924990217802701e+02
-1.553578119999999956e+02,-1.189867150000000038e+02,-3.035924990369317698e+02
-1.583851569999999924e+02,-1.205003875000000022e+02,-3.082799990227272247e+02
-1.511195290000000000e+02,-1.347289090000000158e+02,-3.117174990123105545e+02
-1.490003875000000164e+02,-1.183812460000000044e+02,-3.020299990416666560e+02
-1.553578119999999956e+02,-1.177757770000000050e+02,-3.135924990066287705e+02
-1.517249979999999994e+02,-1.211058565000000016e+02,-3.126549990094696909e+02
-1.644398470000000145e+02,-1.253441395000000114e+02,-3.114049990132575658e+02
-1.547523429999999962e+02,-1.220140600000000006e+02,-3.017174990426136105e+02
-1.523304669999999987e+02,-1.365453160000000139e+02,-3.110924990142045203e+02
-1.635316435000000013e+02,-1.317015640000000190e+02,-3.120299990113635999e+02
-1.547523429999999962e+02,-1.195921840000000032e+02,-3.035924990369317698e+02
-1.559632809999999949e+02,-1.292796880000000215e+02,-3.023424990407196447e+02
-1.480921840000000032e+02,-1.301878915000000063e+02,-3.020299990416666560e+02
-1.529359359999999981e+02,-1.211058565000000016e+02,-3.007799990454545309e+02
-1.553578119999999956e+02,-1.198949185000000028e+02,-3.089049990208333156e+02
-1.629261745000000019e+02,-1.280687499999999943e+02,-3.151549990018939411e+02
-1.632289090000000158e+02,-1.341234400000000164e+02,-3.135924990066287705e+02
-1.553578119999999956e+02,-1.262523430000000104e+02,-3.010924990445075764e+02
-1.511195290000000000e+02,-1.165648390000000063e+02,-3.042174990350378607e+02
-1.571742189999999937e+02,-1.217113255000000152e+02,-3.132799990075757250e+02
-1.511195290000000000e+02,-1.274632810000000092e+02,-3.142174990047348047e+02
-1.505140600000000006e+02,-1.320042985000000044e+02,-3.070299990265150996e+02
-1.505140600000000006e+02,-1.171703080000000057e+02,-3.017174990426136105e+02
-1.480921840000000032e+02,-1.271605465000000095e+02,-3.101549990170454407e+02
-1.480921840000000032e+02,-1.253441395000000114e+02,-3.114049990132575658e+02
-1.535414049999999975e+02,-1.347289090000000158e+02,-3.104674990160984862e+02
-1.468812460000000044e+02,-1.320042985000000044e+02,-3.051549990321969403e+02
-1.617152365000000032e+02,-1.347289090000000158e+02,-3.145299990037878501e+02
-1.471839805000000183e+02,-1.201976530000000025e+02,-3.076549990246211905e+02
-1.529359359999999981e+02,-1.313988295000000051e+02,-3.145299990037878501e+02
-1.508167945000000145e+02,-1.310960950000000196e+02,-3.089049990208333156e+02
-1.571742189999999937e+02,-1.359398470000000145e+02,-3.085924990217802701e+02
-1.480921840000000032e+02,-1.195921840000000032e+02,-3.085924990217802701e+02
-1.486976530000000025e+02,-1.304906260000000202e+02,-3.042174990350378607e+02
-1.592933605000000057e+02,-1.226195290000000000e+02,-3.039049990359848152e+02
-1.483949185000000170e+02,-1.256468740000000111e+02,-3.032799990378787811e+02
-1.499085910000000013e+02,-1.229222635000000139e+02,-3.132799990075757250e+02
-1.650453160000000139e+02,-1.271605465000000095e+02,-3.151549990018939411e+02
-1.559632809999999949e+02,-1.250414050000000117e+02,-3.010924990445075764e+02
-1.641371125000000006e+02,-1.280687499999999943e+02,-3.089049990208333156e+02
-1.483949185000000170e+02,-1.214085910000000013e+02,-3.026549990397726901e+02
-1.459730425000000196e+02,-1.329125020000000177e+02,-3.064049990284090654e+02
-1.623207055000000025e+02,-1.335179710000000171e+02,-3.089049990208333156e+02
-1.486976530000000025e+02,-1.168675735000000060e+02,-3.032799990378787811e+02
-1.583851569999999924e+02,-1.208031220000000019e+02,-3.067174990274621109e+02
-1.650453160000000139e+02,-1.326097675000000038e+02,-3.139049990056818160e+02
-1.595960950000000196e+02,-1.341234400000000164e+02,-3.054674990312499858e+02
-1.605042985000000044e+02,-1.292796880000000215e+02,-3.057799990303030313e+02
-1.638343780000000152e+02,-1.265550775000000101e+02,-3.145299990037878501e+02
-1.565687499999999943e+02,-1.177757770000000050e+02,-3.148424990028408956e+02
-1.547523429999999962e+02,-1.244359359999999981e+02,-3.010924990445075764e+02
-1.499085910000000013e+02,-1.205003875000000022e+02,-3.107799990151514749e+02
-1.629261745000000019e+02,-1.268578120000000098e+02,-3.076549990246211905e+02
-1.644398470000000145e+02,-1.268578120000000098e+02,-3.148424990028408956e+02
-1.511195290000000000e+02,-1.195921840000000032e+02,-3.004674990464014854e+02
-1.589906260000000202e+02,-1.353343780000000152e+02,-3.085924990217802701e+02
-1.602015640000000190e+02,-1.265550775000000101e+02,-3.039049990359848152e+02
-1.680726610000000107e+02,-1.232249979999999994e+02,-3.148424990028408956e+02
-1.626234400000000164e+02,-1.338207055000000025e+02,-3.126549990094696909e+02
-1.493031220000000019e+02,-1.220140600000000006e+02,-3.004674990464014854e+02
-1.505140600000000006e+02,-1.277660155000000088e+02,-3.032799990378787811e+02
-1.586878915000000063e+02,-1.232249979999999994e+02,-3.145299990037878501e+02
-1.508167945000000145e+02,-1.341234400000000164e+02,-3.126549990094696909e+02
-1.499085910000000013e+02,-1.171703080000000057e+02,-3.017174990426136105e+02
-1.523304669999999987e+02,-1.347289090000000158e+02,-3.117174990123105545e+02
-1.550550775000000101e+02,-1.323070330000000183e+02,-3.039049990359848152e+02
-1.650453160000000139e+02,-1.341234400000000164e+02,-3.148424990028408956e+02
-1.523304669999999987e+02,-1.232249979999999994e+02,-3.004674990464014854e+02
-1.468812460000000044e+02,-1.347289090000000158e+02,-3.073424990255681450e+02
-1.499085910000000013e+02,-1.168675735000000060e+02,-3.064049990284090654e+02
-1.517249979999999994e+02,-1.292796880000000215e+02,-3.129674990085226796e+02
-1.502113255000000152e+02,-1.323070330000000183e+02,-3.082799990227272247e+02
-1.559632809999999949e+02,-1.192894495000000035e+02,-3.070299990265150996e+02
-1.644398470000000145e+02,-1.347289090000000158e+02,-3.148424990028408956e+02
-1.526332015000000126e+02,-1.371507850000000133e+02,-3.107799990151514749e+02
-1.574769535000000076e+02,-1.238304669999999987e+02,-3.014049990435605650e+02
-1.508167945000000145e+02,-1.304906260000000202e+02,-3.107799990151514749e+02
-1.496058565000000158e+02,-1.280687499999999943e+02,-3.070299990265150996e+02
-1.568714845000000082e+02,-1.177757770000000050e+02,-3.139049990056818160e+02
-1.471839805000000183e+02,-1.232249979999999994e+02,-3.032799990378787811e+02
-1.529359359999999981e+02,-1.271605465000000095e+02,-3.020299990416666560e+02
-1.617152365000000032e+02,-1.335179710000000171e+02,-3.145299990037878501e+02
-1.653480504999999994e+02,-1.365453160000000139e+02,-3.151549990018939411e+02
-1.632289090000000158e+02,-1.280687499999999943e+02,-3.154674990009469298e+02
-1.499085910000000013e+02,-1.186839805000000041e+02,-3.014049990435605650e+02
-1.529359359999999981e+02,-1.177757770000000050e+02,-3.067174990274621109e+02
-1.480921840000000032e+02,-1.253441395000000114e+02,-3.076549990246211905e+02
-1.547523429999999962e+02,-1.232249979999999994e+02,-3.017174990426136105e+02
-1.595960950000000196e+02,-1.341234400000000164e+02,-3.067174990274621109e+02
-1.514222635000000139e+02,-1.214085910000000013e+02,-3.001549990473484399e+02
-1.559632809999999949e+02,-1.295824225000000069e+02,-3.026549990397726901e+02
-1.565687499999999943e+02,-1.250414050000000117e+02,-3.010924990445075764e+02
-1.535414049999999975e+02,-1.189867150000000038e+02,-3.092174990198863611e+02
-1.529359359999999981e+02,-1.174730425000000054e+02,-3.051549990321969403e+02
-1.632289090000000158e+02,-1.335179710000000171e+02,-3.154674990009469298e+02
-1.626234400000000164e+02,-1.214085910000000013e+02,-3.129674990085226796e+02
-1.592933605000000057e+02,-1.347289090000000158e+02,-3.070299990265150996e+02
-1.653480504999999994e+02,-1.335179710000000171e+02,-3.139049990056818160e+02
-1.608070330000000183e+02,-1.217113255000000152e+02,-3.157799989999999752e+02
-1.580824225000000069e+02,-1.232249979999999994e+02,-3.020299990416666560e+02
-1.529359359999999981e+02,-1.335179710000000171e+02,-3.079674990236742360e+02
-1.644398470000000145e+02,-1.226195290000000000e+02,-3.123424990104166454e+02
-1.493031220000000019e+02,-1.195921840000000032e+02,-3.010924990445075764e+02
-1.565687499999999943e+02,-1.335179710000000171e+02,-3.142174990047348047e+02
-1.529359359999999981e+02,-1.174730425000000054e+02,-3.057799990303030313e+02
-1.480921840000000032e+02,-1.317015640000000190e+02,-3.048424990331438948e+02
-1.496058565000000158e+02,-1.292796880000000215e+02,-3.076549990246211905e+02
-1.480921840000000032e+02,-1.208031220000000019e+02,-3.017174990426136105e+02
-1.538441395000000114e+02,-1.195921840000000032e+02,-3.014049990435605650e+02
-1.493031220000000019e+02,-1.223167945000000145e+02,-3.126549990094696909e+02
-1.589906260000000202e+02,-1.268578120000000098e+02,-3.154674990009469298e+02
-1.508167945000000145e+02,-1.159593700000000069e+02,-3.057799990303030313e+02
-1.620179710000000171e+02,-1.217113255000000152e+02,-3.089049990208333156e+02
-1.571742189999999937e+02,-1.356371125000000006e+02,-3.089049990208333156e+02
-1.547523429999999962e+02,-1.192894495000000035e+02,-3.051549990321969403e+02
-1.662562540000000126e+02,-1.262523430000000104e+02,-3.148424990028408956e+02
-1.520277325000000133e+02,-1.353343780000000152e+02,-3.132799990075757250e+02
-1.638343780000000152e+02,-1.307933605000000057e+02,-3.095299990189393498e+02
-1.468812460000000044e+02,-1.201976530000000025e+02,-3.067174990274621109e+02
-1.602015640000000190e+02,-1.211058565000000016e+02,-3.064049990284090654e+02
-1.614125020000000177e+02,-1.208031220000000019e+02,-3.085924990217802701e+02
-1.592933605000000057e+02,-1.232249979999999994e+02,-3.039049990359848152e+02
-1.614125020000000177e+02,-1.211058565000000016e+02,-3.101549990170454407e+02
-1.465785114999999905e+02,-1.214085910000000013e+02,-3.064049990284090654e+02
-1.483949185000000170e+02,-1.286742189999999937e+02,-3.051549990321969403e+02
-1.529359359999999981e+02,-1.192894495000000035e+02,-3.145299990037878501e+02
-1.620179710000000171e+02,-1.205003875000000022e+02,-3.114049990132575658e+02
-1.647425815000000000e+02,-1.244359359999999981e+02,-3.120299990113635999e+02
-1.535414049999999975e+02,-1.217113255000000152e+02,-3.007799990454545309e+02
-1.523304669999999987e+02,-1.238304669999999987e+02,-3.004674990464014854e+02
-1.641371125000000006e+02,-1.226195290000000000e+02,-3.114049990132575658e+02
-1.474867150000000038e+02,-1.244359359999999981e+02,-3.079674990236742360e+02
-1.493031220000000019e+02,-1.177757770000000050e+02,-3.054674990312499858e+02
-1.486976530000000025e+02,-1.329125020000000177e+02,-3.054674990312499858e+02
-1.471839805000000183e+02,-1.201976530000000025e+02,-3.082799990227272247e+02
-1.668617230000000120e+02,-1.247386705000000120e+02,-3.151549990018939411e+02
-1.520277325000000133e+02,-1.341234400000000164e+02,-3.107799990151514749e+02
-1.483949185000000170e+02,-1.298851569999999924e+02,-3.039049990359848152e+02
-1.480921840000000032e+02,-1.192894495000000035e+02,-3.076549990246211905e+02
-1.505140600000000006e+02,-1.229222635000000139e+02,-3.126549990094696909e+02
-1.535414049999999975e+02,-1.338207055000000025e+02,-3.076549990246211905e+02
-1.468812460000000044e+02,-1.320042985000000044e+02,-3.070299990265150996e+02
-1.496058565000000158e+02,-1.280687499999999943e+02,-3.014049990435605650e+02
-1.626234400000000164e+02,-1.371507850000000133e+02,-3.073424990255681450e+02
-1.656507850000000133e+02,-1.217113255000000152e+02,-3.151549990018939411e+02
-1.547523429999999962e+02,-1.198949185000000028e+02,-3.089049990208333156e+02
-1.571742189999999937e+02,-1.344261745000000019e+02,-3.132799990075757250e+02
-1.474867150000000038e+02,-1.341234400000000164e+02,-3.054674990312499858e+02
-1.580824225000000069e+02,-1.244359359999999981e+02,-3.014049990435605650e+02
-1.505140600000000006e+02,-1.201976530000000025e+02,-3.110924990142045203e+02
-1.629261745000000019e+02,-1.317015640000000190e+02,-3.082799990227272247e+02
-1.553578119999999956e+02,-1.368480504999999994e+02,-3.064049990284090654e+02
-1.462757770000000050e+02,-1.295824225000000069e+02,-3.114049990132575658e+02
-1.529359359999999981e+02,-1.310960950000000196e+02,-3.048424990331438948e+02
-1.629261745000000019e+02,-1.286742189999999937e+02,-3.076549990246211905e+02
-1.541468739999999968e+02,-1.229222635000000139e+02,-3.014049990435605650e+02
-1.508167945000000145e+02,-1.323070330000000183e+02,-3.064049990284090654e+02
-1.595960950000000196e+02,-1.341234400000000164e+02,-3.154674990009469298e+02
-1.490003875000000164e+02,-1.189867150000000038e+02,-3.026549990397726901e+02
-1.505140600000000006e+02,-1.159593700000000069e+02,-3.060924990293560199e+02
-1.605042985000000044e+02,-1.353343780000000152e+02,-3.114049990132575658e+02
-1.583851569999999924e+02,-1.335179710000000171e+02,-3.054674990312499858e+02
-1.499085910000000013e+02,-1.298851569999999924e+02,-3.048424990331438948e+02
-1.535414049999999975e+02,-1.313988295000000051e+02,-3.157799989999999752e+02
-1.493031220000000019e+02,-1.201976530000000025e+02,-3.004674990464014854e+02
-1.635316435000000013e+02,-1.226195290000000000e+02,-3.095299990189393498e+02
-1.532386705000000120e+02,-1.304906260000000202e+02,-3.157799989999999752e+02
-1.632289090000000158e+02,-1.253441395000000114e+02,-3.051549990321969403e+02
-1.583851569999999924e+02,-1.211058565000000016e+02,-3.051549990321969403e+02
-1.511195290000000000e+02,-1.329125020000000177e+02,-3.079674990236742360e+02
-1.620179710000000171e+02,-1.307933605000000057e+02,-3.157799989999999752e+02
-1.538441395000000114e+02,-1.347289090000000158e+02,-3.132799990075757250e+02
-1.493031220000000019e+02,-1.292796880000000215e+02,-3.048424990331438948e+02
-1.535414049999999975e+02,-1.186839805000000041e+02,-3.014049990435605650e+02
-1.626234400000000164e+02,-1.368480504999999994e+02,-3.151549990018939411e+02
-1.632289090000000158e+02,-1.307933605000000057e+02,-3.145299990037878501e+02
-1.559632809999999949e+02,-1.168675735000000060e+02,-3.139049990056818160e+02
-1.589906260000000202e+02,-1.292796880000000215e+02,-3.054674990312499858e+02
-1.499085910000000013e+02,-1.313988295000000051e+02,-3.076549990246211905e+02
-1.614125020000000177e+02,-1.289769535000000076e+02,-3.145299990037878501e+02
-1.486976530000000025e+02,-1.323070330000000183e+02,-3.054674990312499858e+02
-1.477894495000000177e+02,-1.286742189999999937e+02,-3.032799990378787811e+02
-1.626234400000000164e+02,-1.229222635000000139e+02,-3.145299990037878501e+02
-1.577796880000000215e+02,-1.353343780000000152e+02,-3.085924990217802701e+02
-1.471839805000000183e+02,-1.280687499999999943e+02,-3.114049990132575658e+02
-1.559632809999999949e+02,-1.350316435000000013e+02,-3.095299990189393498e+02
-1.468812460000000044e+02,-1.286742189999999937e+02,-3.023424990407196447e+02
-1.471839805000000183e+02,-1.232249979999999994e+02,-3.082799990227272247e+02
-1.592933605000000057e+02,-1.232249979999999994e+02,-3.026549990397726901e+02
-1.505140600000000006e+02,-1.183812460000000044e+02,-3.092174990198863611e+02
-1.541468739999999968e+02,-1.259496085000000107e+02,-3.007799990454545309e+02
-1.656507850000000133e+02,-1.256468740000000111e+02,-3.148424990028408956e+02
-1.556605465000000095e+02,-1.214085910000000013e+02,-3.132799990075757250e+02
-1.608070330000000183e+02,-1.356371125000000006e+02,-3.120299990113635999e+02
-1.577796880000000215e+02,-1.262523430000000104e+02,-3.154674990009469298e+02
-1.638343780000000152e+02,-1.332152365000000032e+02,-3.145299990037878501e+02
-1.586878915000000063e+02,-1.347289090000000158e+02,-3.126549990094696909e+02
-1.608070330000000183e+02,-1.377562540000000126e+02,-3.135924990066287705e+02
-1.589906260000000202e+02,-1.317015640000000190e+02,-3.060924990293560199e+02
-1.565687499999999943e+02,-1.195921840000000032e+02,-3.085924990217802701e+02
-1.453675734999999918e+02,-1.292796880000000215e+02,-3.114049990132575658e+02
-1.571742189999999937e+02,-1.295824225000000069e+02,-3.026549990397726901e+02
-1.532386705000000120e+02,-1.201976530000000025e+02,-3.107799990151514749e+02
-1.468812460000000044e+02,-1.274632810000000092e+02,-3.117174990123105545e+02
-1.523304669999999987e+02,-1.329125020000000177e+02,-3.092174990198863611e+02
-1.644398470000000145e+02,-1.256468740000000111e+02,-3.123424990104166454e+02
-1.480921840000000032e+02,-1.286742189999999937e+02,-3.054674990312499858e+02
-1.547523429999999962e+02,-1.323070330000000183e+02,-3.035924990369317698e+02
-1.623207055000000025e+02,-1.226195290000000000e+02,-3.076549990246211905e+02
-1.505140600000000006e+02,-1.274632810000000092e+02,-3.104674990160984862e+02
-1.644398470000000145e+02,-1.229222635000000139e+02,-3.145299990037878501e+02
-1.556605465000000095e+02,-1.201976530000000025e+02,-3.089049990208333156e+02
-1.589906260000000202e+02,-1.341234400000000164e+02,-3.060924990293560199e+02
-1.529359359999999981e+02,-1.223167945000000145e+02,-3.145299990037878501e+02
-1.508167945000000145e+02,-1.201976530000000025e+02,-3.114049990132575658e+02
-1.474867150000000038e+02,-1.192894495000000035e+02,-3.070299990265150996e+02
-1.474867150000000038e+02,-1.256468740000000111e+02,-3.117174990123105545e+02
-1.553578119999999956e+02,-1.350316435000000013e+02,-3.157799989999999752e+02
-1.523304669999999987e+02,-1.332152365000000032e+02,-3.101549990170454407e+02
-1.462757770000000050e+02,-1.283714845000000082e+02,-3.107799990151514749e+02
-1.617152365000000032e+02,-1.359398470000000145e+02,-3.157799989999999752e+02
-1.626234400000000164e+02,-1.211058565000000016e+02,-3.107799990151514749e+02
-1.483949185000000170e+02,-1.250414050000000117e+02,-3.064049990284090654e+02
-1.535414049999999975e+02,-1.195921840000000032e+02,-3.010924990445075764e+02
-1.602015640000000190e+02,-1.350316435000000013e+02,-3.057799990303030313e+02
-1.499085910000000013e+02,-1.262523430000000104e+02,-3.010924990445075764e+02
-1.529359359999999981e+02,-1.192894495000000035e+02,-3.139049990056818160e+02
-1.574769535000000076e+02,-1.214085910000000013e+02,-3.039049990359848152e+02
-1.647425815000000000e+02,-1.292796880000000215e+02,-3.101549990170454407e+02
-1.620179710000000171e+02,-1.301878915000000063e+02,-3.145299990037878501e+02
-1.517249979999999994e+02,-1.307933605000000057e+02,-3.051549990321969403e+02
-1.644398470000000145e+02,-1.232249979999999994e+02,-3.117174990123105545e+02
-1.623207055000000025e+02,-1.407835990000000095e+02,-3.151549990018939411e+02
-1.589906260000000202e+02,-1.211058565000000016e+02,-3.114049990132575658e+02
-1.541468739999999968e+02,-1.189867150000000038e+02,-3.085924990217802701e+02
-1.559632809999999949e+02,-1.362425815000000000e+02,-3.082799990227272247e+02
-1.523304669999999987e+02,-1.271605465000000095e+02,-3.007799990454545309e+02
-1.474867150000000038e+02,-1.235277325000000133e+02,-3.064049990284090654e+02
-1.595960950000000196e+02,-1.256468740000000111e+02,-3.042174990350378607e+02
-1.626234400000000164e+02,-1.401781300000000101e+02,-3.154674990009469298e+02
-1.508167945000000145e+02,-1.201976530000000025e+02,-3.120299990113635999e+02
-1.496058565000000158e+02,-1.171703080000000057e+02,-3.057799990303030313e+02
-1.508167945000000145e+02,-1.323070330000000183e+02,-3.057799990303030313e+02
-1.544496085000000107e+02,-1.359398470000000145e+02,-3.064049990284090654e+02
-1.477894495000000177e+02,-1.298851569999999924e+02,-3.045299990340909062e+02
-1.638343780000000152e+02,-1.347289090000000158e+02,-3.148424990028408956e+02
-1.541468739999999968e+02,-1.180785115000000047e+02,-3.082799990227272247e+02
-1.680726610000000107e+02,-1.244359359999999981e+02,-3.154674990009469298e+02
-1.614125020000000177e+02,-1.401781300000000101e+02,-3.148424990028408956e+02
-1.541468739999999968e+02,-1.347289090000000158e+02,-3.154674990009469298e+02
-1.614125020000000177e+02,-1.195921840000000032e+02,-3.060924990293560199e+02
-1.532386705000000120e+02,-1.310960950000000196e+02,-3.151549990018939411e+02
-1.480921840000000032e+02,-1.292796880000000215e+02,-3.029674990388257356e+02
-1.535414049999999975e+02,-1.344261745000000019e+02,-3.114049990132575658e+02
-1.626234400000000164e+02,-1.286742189999999937e+02,-3.073424990255681450e+02
-1.474867150000000038e+02,-1.332152365000000032e+02,-3.051549990321969403e+02
-1.589906260000000202e+02,-1.350316435000000013e+02,-3.120299990113635999e+02
-1.535414049999999975e+02,-1.344261745000000019e+02,-3.082799990227272247e+02
-1.526332015000000126e+02,-1.329125020000000177e+02,-3.089049990208333156e+02
-1.580824225000000069e+02,-1.292796880000000215e+02,-3.032799990378787811e+02
-1.511195290000000000e+02,-1.201976530000000025e+02,-3.123424990104166454e+02
-1.538441395000000114e+02,-1.177757770000000050e+02,-3.132799990075757250e+02
-1.517249979999999994e+02,-1.286742189999999937e+02,-3.142174990047348047e+02
-1.541468739999999968e+02,-1.344261745000000019e+02,-3.132799990075757250e+02
-1.611097675000000038e+02,-1.371507850000000133e+02,-3.151549990018939411e+02
-1.635316435000000013e+02,-1.274632810000000092e+02,-3.151549990018939411e+02
-1.614125020000000177e+02,-1.362425815000000000e+02,-3.151549990018939411e+02
-1.505140600000000006e+02,-1.286742189999999937e+02,-3.085924990217802701e+02
-1.517249979999999994e+02,-1.332152365000000032e+02,-3.120299990113635999e+02
-1.611097675000000038e+02,-1.353343780000000152e+02,-3.126549990094696909e+02
-1.614125020000000177e+02,-1.256468740000000111e+02,-3.048424990331438948e+02
-1.505140600000000006e+02,-1.195921840000000032e+02,-3.110924990142045203e+02
-1.626234400000000164e+02,-1.344261745000000019e+02,-3.076549990246211905e+02
-1.650453160000000139e+02,-1.250414050000000117e+02,-3.054674990312499858e+02
-1.583851569999999924e+02,-1.359398470000000145e+02,-3.085924990217802701e+02
-1.583851569999999924e+02,-1.347289090000000158e+02,-3.117174990123105545e+02
-1.490003875000000164e+02,-1.201976530000000025e+02,-3.026549990397726901e+02
-1.502113255000000152e+02,-1.268578120000000098e+02,-3.076549990246211905e+02
-1.574769535000000076e+02,-1.359398470000000145e+02,-3.151549990018939411e+02
-1.638343780000000152e+02,-1.232249979999999994e+02,-3.104674990160984862e+02
-1.471839805000000183e+02,-1.208031220000000019e+02,-3.051549990321969403e+02
-1.517249979999999994e+02,-1.295824225000000069e+02,-3.151549990018939411e+02
-1.586878915000000063e+02,-1.347289090000000158e+02,-3.107799990151514749e+02
-1.547523429999999962e+02,-1.186839805000000041e+02,-3.070299990265150996e+02
-1.496058565000000158e+02,-1.226195290000000000e+02,-3.001549990473484399e+02
-1.541468739999999968e+02,-1.168675735000000060e+02,-3.139049990056818160e+02
-1.486976530000000025e+02,-1.277660155000000088e+02,-3.064049990284090654e+02
-1.553578119999999956e+02,-1.183812460000000044e+02,-3.135924990066287705e+02
-1.520277325000000133e+02,-1.286742189999999937e+02,-3.039049990359848152e+02
-1.668617230000000120e+02,-1.256468740000000111e+02,-3.154674990009469298e+02
-1.632289090000000158e+02,-1.335179710000000171e+02,-3.148424990028408956e+02
-1.508167945000000145e+02,-1.232249979999999994e+02,-3.126549990094696909e+02
-1.529359359999999981e+02,-1.205003875000000022e+02,-3.126549990094696909e+02
-1.644398470000000145e+02,-1.295824225000000069e+02,-3.089049990208333156e+02
-1.650453160000000139e+02,-1.353343780000000152e+02,-3.148424990028408956e+02
-1.517249979999999994e+02,-1.189867150000000038e+02,-3.104674990160984862e+02
-1.477894495000000177e+02,-1.220140600000000006e+02,-3.032799990378787811e+02
-1.493031220000000019e+02,-1.195921840000000032e+02,-3.085924990217802701e+02
-1.632289090000000158e+02,-1.368480504999999994e+02,-3.076549990246211905e+02
-1.680726610000000107e+02,-1.201976530000000025e+02,-3.148424990028408956e+02
-1.562660155000000088e+02,-1.195921840000000032e+02,-3.139049990056818160e+02
-1.517249979999999994e+02,-1.274632810000000092e+02,-3.004674990464014854e+02
-1.644398470000000145e+02,-1.226195290000000000e+02,-3.154674990009469298e+02
-1.565687499999999943e+02,-1.192894495000000035e+02,-3.082799990227272247e+02
-1.517249979999999994e+02,-1.214085910000000013e+02,-3.142174990047348047e+02
-1.493031220000000019e+02,-1.347289090000000158e+02,-3.142174990047348047e+02
-1.468812460000000044e+02,-1.329125020000000177e+02,-3.048424990331438948e+02
-1.602015640000000190e+02,-1.274632810000000092e+02,-3.048424990331438948e+02
-1.620179710000000171e+02,-1.277660155000000088e+02,-3.057799990303030313e+02
-1.502113255000000152e+02,-1.153539010000000076e+02,-3.064049990284090654e+02
-1.608070330000000183e+02,-1.214085910000000013e+02,-3.142174990047348047e+02
-1.505140600000000006e+02,-1.317015640000000190e+02,-3.085924990217802701e+02
-1.523304669999999987e+02,-1.256468740000000111e+02,-3.142174990047348047e+02
-1.523304669999999987e+02,-1.344261745000000019e+02,-3.057799990303030313e+02
-1.529359359999999981e+02,-1.201976530000000025e+02,-3.142174990047348047e+02
-1.644398470000000145e+02,-1.220140600000000006e+02,-3.123424990104166454e+02
-1.505140600000000006e+02,-1.271605465000000095e+02,-3.007799990454545309e+02
-1.647425815000000000e+02,-1.214085910000000013e+02,-3.139049990056818160e+02
-1.638343780000000152e+02,-1.262523430000000104e+02,-3.085924990217802701e+02
-1.505140600000000006e+02,-1.304906260000000202e+02,-3.048424990331438948e+02
-1.644398470000000145e+02,-1.220140600000000006e+02,-3.142174990047348047e+02
-1.623207055000000025e+02,-1.353343780000000152e+02,-3.082799990227272247e+02
-1.505140600000000006e+02,-1.147484320000000082e+02,-3.067174990274621109e+02
-1.511195290000000000e+02,-1.177757770000000050e+02,-3.085924990217802701e+02
-1.526332015000000126e+02,-1.232249979999999994e+02,-3.151549990018939411e+02
-1.617152365000000032e+02,-1.232249979999999994e+02,-3.064049990284090654e+02
-1.486976530000000025e+02,-1.298851569999999924e+02,-3.023424990407196447e+02
-1.608070330000000183e+02,-1.289769535000000076e+02,-3.057799990303030313e+02
-1.483949185000000170e+02,-1.262523430000000104e+02,-3.045299990340909062e+02
-1.477894495000000177e+02,-1.292796880000000215e+02,-3.057799990303030313e+02
-1.529359359999999981e+02,-1.220140600000000006e+02,-3.004674990464014854e+02
-1.577796880000000215e+02,-1.214085910000000013e+02,-3.023424990407196447e+02
-1.483949185000000170e+02,-1.177757770000000050e+02,-3.020299990416666560e+02
-1.465785114999999905e+02,-1.317015640000000190e+02,-3.064049990284090654e+02
-1.529359359999999981e+02,-1.186839805000000041e+02,-3.026549990397726901e+02
-1.562660155000000088e+02,-1.359398470000000145e+02,-3.151549990018939411e+02
-1.526332015000000126e+02,-1.329125020000000177e+02,-3.051549990321969403e+02
-1.486976530000000025e+02,-1.256468740000000111e+02,-3.010924990445075764e+02
-1.535414049999999975e+02,-1.341234400000000164e+02,-3.073424990255681450e+02
-1.535414049999999975e+02,-1.301878915000000063e+02,-3.145299990037878501e+02
-1.559632809999999949e+02,-1.214085910000000013e+02,-3.135924990066287705e+02
-1.626234400000000164e+02,-1.401781300000000101e+02,-3.148424990028408956e+02
-1.626234400000000164e+02,-1.241332015000000126e+02,-3.057799990303030313e+02
-1.493031220000000019e+02,-1.211058565000000016e+02,-3.101549990170454407e+02
-1.508167945000000145e+02,-1.226195290000000000e+02,-3.001549990473484399e+02
-1.477894495000000177e+02,-1.220140600000000006e+02,-3.014049990435605650e+02
-1.592933605000000057e+02,-1.220140600000000006e+02,-3.045299990340909062e+02
-1.450648390000000063e+02,-1.238304669999999987e+02,-3.085924990217802701e+02
-1.620179710000000171e+02,-1.365453160000000139e+02,-3.079674990236742360e+02
-1.505140600000000006e+02,-1.280687499999999943e+02,-3.085924990217802701e+02
-1.535414049999999975e+02,-1.189867150000000038e+02,-3.010924990445075764e+02
-1.505140600000000006e+02,-1.298851569999999924e+02,-3.048424990331438948e+02
-1.583851569999999924e+02,-1.211058565000000016e+02,-3.070299990265150996e+02
-1.608070330000000183e+02,-1.353343780000000152e+02,-3.110924990142045203e+02
-1.523304669999999987e+02,-1.368480504999999994e+02,-3.107799990151514749e+02
-1.626234400000000164e+02,-1.326097675000000038e+02,-3.145299990037878501e+02
-1.623207055000000025e+02,-1.280687499999999943e+02,-3.070299990265150996e+02
-1.538441395000000114e+02,-1.214085910000000013e+02,-3.151549990018939411e+02
-1.674671920000000114e+02,-1.238304669999999987e+02,-3.148424990028408956e+02
-1.565687499999999943e+02,-1.347289090000000158e+02,-3.048424990331438948e+02
-1.541468739999999968e+02,-1.241332015000000126e+02,-3.007799990454545309e+02
-1.532386705000000120e+02,-1.177757770000000050e+02,-3.057799990303030313e+02
-1.559632809999999949e+02,-1.383617230000000120e+02,-3.117174990123105545e+02
-1.493031220000000019e+02,-1.183812460000000044e+02,-3.085924990217802701e+02
-1.544496085000000107e+02,-1.232249979999999994e+02,-3.014049990435605650e+02
-1.505140600000000006e+02,-1.226195290000000000e+02,-3.135924990066287705e+02
-1.483949185000000170e+02,-1.244359359999999981e+02,-3.045299990340909062e+02
-1.623207055000000025e+02,-1.238304669999999987e+02,-3.064049990284090654e+02
-1.644398470000000145e+02,-1.271605465000000095e+02,-3.151549990018939411e+02
-1.553578119999999956e+02,-1.359398470000000145e+02,-3.085924990217802701e+02
-1.459730425000000196e+02,-1.335179710000000171e+02,-3.057799990303030313e+02
-1.620179710000000171e+02,-1.383617230000000120e+02,-3.142174990047348047e+02
-1.565687499999999943e+02,-1.362425815000000000e+02,-3.076549990246211905e+02
-1.505140600000000006e+02,-1.247386705000000120e+02,-3.126549990094696909e+02
-1.608070330000000183e+02,-1.350316435000000013e+02,-3.089049990208333156e+02
-1.499085910000000013e+02,-1.301878915000000063e+02,-3.082799990227272247e+02
-1.480921840000000032e+02,-1.214085910000000013e+02,-3.010924990445075764e+02
-1.641371125000000006e+02,-1.256468740000000111e+02,-3.107799990151514749e+02
-1.626234400000000164e+02,-1.392699264999999968e+02,-3.151549990018939411e+02
-1.565687499999999943e+02,-1.371507850000000133e+02,-3.123424990104166454e+02
-1.553578119999999956e+02,-1.180785115000000047e+02,-3.145299990037878501e+02
-1.602015640000000190e+02,-1.217113255000000152e+02,-3.139049990056818160e+02
-1.562660155000000088e+02,-1.201976530000000025e+02,-3.051549990321969403e+02
-1.535414049999999975e+02,-1.338207055000000025e+02,-3.089049990208333156e+02
-1.577796880000000215e+02,-1.344261745000000019e+02,-3.139049990056818160e+02
-1.638343780000000152e+02,-1.317015640000000190e+02,-3.123424990104166454e+02
-1.468812460000000044e+02,-1.256468740000000111e+02,-3.110924990142045203e+02
-1.562660155000000088e+02,-1.201976530000000025e+02,-3.139049990056818160e+02
-1.629261745000000019e+02,-1.353343780000000152e+02,-3.076549990246211905e+02
-1.614125020000000177e+02,-1.214085910000000013e+02,-3.079674990236742360e+02
-1.656507850000000133e+02,-1.320042985000000044e+02,-3.151549990018939411e+02
-1.483949185000000170e+02,-1.183812460000000044e+02,-3.064049990284090654e+02
-1.550550775000000101e+02,-1.365453160000000139e+02,-3.064049990284090654e+02
-1.499085910000000013e+02,-1.268578120000000098e+02,-3.079674990236742360e+02
-1.499085910000000013e+02,-1.195921840000000032e+02,-3.092174990198863611e+02
-1.565687499999999943e+02,-1.208031220000000019e+02,-3.098424990179923952e+02
-1.535414049999999975e+02,-1.262523430000000104e+02,-3.010924990445075764e+02
-1.635316435000000013e+02,-1.256468740000000111e+02,-3.095299990189393498e+02
-1.617152365000000032e+02,-1.208031220000000019e+02,-3.082799990227272247e+02
-1.553578119999999956e+02,-1.186839805000000041e+02,-3.057799990303030313e+02
-1.499085910000000013e+02,-1.326097675000000038e+02,-3.070299990265150996e+02
-1.632289090000000158e+02,-1.208031220000000019e+02,-3.060924990293560199e+02
-1.638343780000000152e+02,-1.217113255000000152e+02,-3.114049990132575658e+02
-1.595960950000000196e+02,-1.304906260000000202e+02,-3.060924990293560199e+02
-1.474867150000000038e+02,-1.280687499999999943e+02,-3.010924990445075764e+02
-1.629261745000000019e+02,-1.401781300000000101e+02,-3.151549990018939411e+02
-1.559632809999999949e+02,-1.189867150000000038e+02,-3.135924990066287705e+02
-1.547523429999999962e+02,-1.310960950000000196e+02,-3.042174990350378607e+02
-1.635316435000000013e+02,-1.244359359999999981e+02,-3.095299990189393498e+02
-1.635316435000000013e+02,-1.323070330000000183e+02,-3.107799990151514749e+02
-1.520277325000000133e+02,-1.335179710000000171e+02,-3.151549990018939411e+02
-1.650453160000000139e+02,-1.335179710000000171e+02,-3.135924990066287705e+02
-1.468812460000000044e+02,-1.208031220000000019e+02,-3.085924990217802701e+02
-1.620179710000000171e+02,-1.304906260000000202e+02,-3.073424990255681450e+02
-1.638343780000000152e+02,-1.289769535000000076e+02,-3.126549990094696909e+02
-1.635316435000000013e+02,-1.292796880000000215e+02,-3.132799990075757250e+02
-1.505140600000000006e+02,-1.168675735000000060e+02,-3.045299990340909062e+02
-1.535414049999999975e+02,-1.220140600000000006e+02,-3.004674990464014854e+02
-1.474867150000000038e+02,-1.198949185000000028e+02,-3.082799990227272247e+02
-1.532386705000000120e+02,-1.335179710000000171e+02,-3.051549990321969403e+02
-1.583851569999999924e+02,-1.211058565000000016e+02,-3.126549990094696909e+02
-1.480921840000000032e+02,-1.344261745000000019e+02,-3.064049990284090654e+02
-1.499085910000000013e+02,-1.289769535000000076e+02,-3.082799990227272247e+02
-1.511195290000000000e+02,-1.159593700000000069e+02,-3.073424990255681450e+02
-1.638343780000000152e+02,-1.268578120000000098e+02,-3.142174990047348047e+02
-1.620179710000000171e+02,-1.271605465000000095e+02,-3.051549990321969403e+02
-1.477894495000000177e+02,-1.201976530000000025e+02,-3.045299990340909062e+02
-1.565687499999999943e+02,-1.368480504999999994e+02,-3.151549990018939411e+02
-1.638343780000000152e+02,-1.368480504999999994e+02,-3.151549990018939411e+02
-1.502113255000000152e+02,-1.268578120000000098e+02,-3.126549990094696909e+02
-1.508167945000000145e+02,-1.292796880000000215e+02,-3.107799990151514749e+02
-1.477894495000000177e+02,-1.232249979999999994e+02,-3.039049990359848152e+02
-1.532386705000000120e+02,-1.323070330000000183e+02,-3.151549990018939411e+02
-1.553578119999999956e+02,-1.289769535000000076e+02,-3.026549990397726901e+02
-1.565687499999999943e+02,-1.286742189999999937e+02,-3.023424990407196447e+02
-1.571742189999999937e+02,-1.211058565000000016e+02,-3.101549990170454407e+02
-1.496058565000000158e+02,-1.220140600000000006e+02,-3.126549990094696909e+02
-1.480921840000000032e+02,-1.220140600000000006e+02,-3.010924990445075764e+02
-1.547523429999999962e+02,-1.347289090000000158e+02,-3.054674990312499858e+02
-1.559632809999999949e+02,-1.386644574999999975e+02,-3.120299990113635999e+02
-1.541468739999999968e+02,-1.186839805000000041e+02,-3.051549990321969403e+02
-1.523304669999999987e+02,-1.359398470000000145e+02,-3.110924990142045203e+02
-1.514222635000000139e+02,-1.323070330000000183e+02,-3.107799990151514749e+02
-1.656507850000000133e+02,-1.238304669999999987e+02,-3.142174990047348047e+02
-1.611097675000000038e+02,-1.286742189999999937e+02,-3.057799990303030313e+02
-1.514222635000000139e+02,-1.310960950000000196e+02,-3.120299990113635999e+02
-1.526332015000000126e+02,-1.177757770000000050e+02,-3.014049990435605650e+02
-1.480921840000000032e+02,-1.295824225000000069e+02,-3.045299990340909062e+02
-1.535414049999999975e+02,-1.186839805000000041e+02,-3.089049990208333156e+02
-1.541468739999999968e+02,-1.183812460000000044e+02,-3.148424990028408956e+02
-1.559632809999999949e+02,-1.256468740000000111e+02,-3.010924990445075764e+02
-1.556605465000000095e+02,-1.365453160000000139e+02,-3.064049990284090654e+02
-1.486976530000000025e+02,-1.250414050000000117e+02,-3.010924990445075764e+02
-1.514222635000000139e+02,-1.353343780000000152e+02,-3.126549990094696909e+02
-1.517249979999999994e+02,-1.317015640000000190e+02,-3.123424990104166454e+02
-1.565687499999999943e+02,-1.195921840000000032e+02,-3.079674990236742360e+02
-1.520277325000000133e+02,-1.171703080000000057e+02,-3.020299990416666560e+02
-1.483949185000000170e+02,-1.256468740000000111e+02,-3.120299990113635999e+02
-1.547523429999999962e+02,-1.338207055000000025e+02,-3.045299990340909062e+02
-1.480921840000000032e+02,-1.256468740000000111e+02,-3.079674990236742360e+02
-1.544496085000000107e+02,-1.195921840000000032e+02,-3.020299990416666560e+02
-1.677699264999999968e+02,-1.201976530000000025e+02,-3.151549990018939411e+02
-1.595960950000000196e+02,-1.292796880000000215e+02,-3.054674990312499858e+02
-1.641371125000000006e+02,-1.292796880000000215e+02,-3.089049990208333156e+02
-1.480921840000000032e+02,-1.186839805000000041e+02,-3.057799990303030313e+02
-1.638343780000000152e+02,-1.256468740000000111e+02,-3.104674990160984862e+02
-1.547523429999999962e+02,-1.344261745000000019e+02,-3.151549990018939411e+02
-1.459730425000000196e+02,-1.268578120000000098e+02,-3.107799990151514749e+02
-1.517249979999999994e+02,-1.162621045000000066e+02,-3.064049990284090654e+02
-1.493031220000000019e+02,-1.347289090000000158e+02,-3.135924990066287705e+02
-1.656507850000000133e+02,-1.232249979999999994e+02,-3.135924990066287705e+02
-1.559632809999999949e+02,-1.220140600000000006e+02,-3.023424990407196447e+02
-1.511195290000000000e+02,-1.344261745000000019e+02,-3.120299990113635999e+02
-1.638343780000000152e+02,-1.347289090000000158e+02,-3.135924990066287705e+02
-1.520277325000000133e+02,-1.329125020000000177e+02,-3.101549990170454407e+02
-1.447621045000000208e+02,-1.238304669999999987e+02,-3.089049990208333156e+02
-1.571742189999999937e+02,-1.335179710000000171e+02,-3.154674990009469298e+02
-1.589906260000000202e+02,-1.283714845000000082e+02,-3.045299990340909062e+02
-1.565687499999999943e+02,-1.192894495000000035e+02,-3.145299990037878501e+02
-1.553578119999999956e+02,-1.350316435000000013e+02,-3.089049990208333156e+02
-1.583851569999999924e+02,-1.211058565000000016e+02,-3.089049990208333156e+02
-1.608070330000000183e+02,-1.214085910000000013e+02,-3.054674990312499858e+02
-1.595960950000000196e+02,-1.280687499999999943e+02,-3.048424990331438948e+02
-1.595960950000000196e+02,-1.268578120000000098e+02,-3.154674990009469298e+02
-1.462757770000000050e+02,-1.235277325000000133e+02,-3.095299990189393498e+02
-1.468812460000000044e+02,-1.323070330000000183e+02,-3.073424990255681450e+02
-1.668617230000000120e+02,-1.238304669999999987e+02,-3.142174990047348047e+02
-1.508167945000000145e+02,-1.298851569999999924e+02,-3.107799990151514749e+02
-1.459730425000000196e+02,-1.335179710000000171e+02,-3.064049990284090654e+02
-1.511195290000000000e+02,-1.177757770000000050e+02,-3.010924990445075764e+02
-1.499085910000000013e+02,-1.135374940000000095e+02,-3.067174990274621109e+02
-1.611097675000000038e+02,-1.262523430000000104e+02,-3.045299990340909062e+02
-1.638343780000000152e+02,-1.256468740000000111e+02,-3.060924990293560199e+02
-1.598988295000000051e+02,-1.238304669999999987e+02,-3.045299990340909062e+02
-1.493031220000000019e+02,-1.286742189999999937e+02,-3.017174990426136105e+02
-1.508167945000000145e+02,-1.280687499999999943e+02,-3.089049990208333156e+02
-1.589906260000000202e+02,-1.211058565000000016e+02,-3.095299990189393498e+02
-1.486976530000000025e+02,-1.265550775000000101e+02,-3.095299990189393498e+02
-1.589906260000000202e+02,-1.341234400000000164e+02,-3.154674990009469298e+02
-1.589906260000000202e+02,-1.250414050000000117e+02,-3.029674990388257356e+02
-1.595960950000000196e+02,-1.329125020000000177e+02,-3.154674990009469298e+02
-1.535414049999999975e+02,-1.205003875000000022e+02,-3.107799990151514749e+02
-1.577796880000000215e+02,-1.350316435000000013e+02,-3.089049990208333156e+02
-1.474867150000000038e+02,-1.195921840000000032e+02,-3.054674990312499858e+02
-1.608070330000000183e+02,-1.341234400000000164e+02,-3.073424990255681450e+02
-1.626234400000000164e+02,-1.226195290000000000e+02,-3.142174990047348047e+02
-1.565687499999999943e+02,-1.350316435000000013e+02,-3.120299990113635999e+02
-1.641371125000000006e+02,-1.268578120000000098e+02,-3.082799990227272247e+02
-1.523304669999999987e+02,-1.356371125000000006e+02,-3.120299990113635999e+02
-1.462757770000000050e+02,-1.344261745000000019e+02,-3.064049990284090654e+02
-1.632289090000000158e+02,-1.280687499999999943e+02,-3.079674990236742360e+02
-1.580824225000000069e+02,-1.347289090000000158e+02,-3.064049990284090654e+02
-1.553578119999999956e+02,-1.211058565000000016e+02,-3.126549990094696909e+02
-1.477894495000000177e+02,-1.220140600000000006e+02,-3.089049990208333156e+02
-1.459730425000000196e+02,-1.335179710000000171e+02,-3.070299990265150996e+02
-1.511195290000000000e+02,-1.283714845000000082e+02,-3.014049990435605650e+02
-1.535414049999999975e+02,-1.195921840000000032e+02,-3.154674990009469298e+02
-1.632289090000000158e+02,-1.274632810000000092e+02,-3.142174990047348047e+02
-1.486976530000000025e+02,-1.195921840000000032e+02,-3.029674990388257356e+02
-1.614125020000000177e+02,-1.205003875000000022e+02,-3.082799990227272247e+02
-1.614125020000000177e+02,-1.208031220000000019e+02,-3.067174990274621109e+02
-1.641371125000000006e+02,-1.262523430000000104e+02,-3.107799990151514749e+02
-1.565687499999999943e+02,-1.171703080000000057e+02,-3.142174990047348047e+02
-1.486976530000000025e+02,-1.208031220000000019e+02,-3.010924990445075764e+02
-1.644398470000000145e+02,-1.259496085000000107e+02,-3.145299990037878501e+02
-1.520277325000000133e+02,-1.195921840000000032e+02,-3.114049990132575658e+02
-1.499085910000000013e+02,-1.280687499999999943e+02,-3.035924990369317698e+02
-1.493031220000000019e+02,-1.168675735000000060e+02,-3.039049990359848152e+02
-1.547523429999999962e+02,-1.205003875000000022e+02,-3.101549990170454407e+02
-1.629261745000000019e+02,-1.214085910000000013e+02,-3.107799990151514749e+02
-1.653480504999999994e+02,-1.347289090000000158e+02,-3.151549990018939411e+02
-1.635316435000000013e+02,-1.262523430000000104e+02,-3.064049990284090654e+02
-1.571742189999999937e+02,-1.317015640000000190e+02,-3.048424990331438948e+02
-1.471839805000000183e+02,-1.286742189999999937e+02,-3.114049990132575658e+02
-1.505140600000000006e+02,-1.141429630000000088e+02,-3.067174990274621109e+02
-1.505140600000000006e+02,-1.238304669999999987e+02,-3.004674990464014854e+02
-1.535414049999999975e+02,-1.226195290000000000e+02,-3.010924990445075764e+02
-1.626234400000000164e+02,-1.347289090000000158e+02,-3.154674990009469298e+02
-1.480921840000000032e+02,-1.256468740000000111e+02,-3.023424990407196447e+02
-1.595960950000000196e+02,-1.277660155000000088e+02,-3.039049990359848152e+02
-1.480921840000000032e+02,-1.347289090000000158e+02,-3.073424990255681450e+02
-1.559632809999999949e+02,-1.214085910000000013e+02,-3.023424990407196447e+02
-1.480921840000000032e+02,-1.253441395000000114e+02,-3.057799990303030313e+02
-1.517249979999999994e+02,-1.186839805000000041e+02,-3.101549990170454407e+02
-1.493031220000000019e+02,-1.180785115000000047e+02,-3.051549990321969403e+02
-1.523304669999999987e+02,-1.359398470000000145e+02,-3.148424990028408956e+02
-1.662562540000000126e+02,-1.223167945000000145e+02,-3.145299990037878501e+02
-1.598988295000000051e+02,-1.335179710000000171e+02,-3.057799990303030313e+02
-1.577796880000000215e+02,-1.223167945000000145e+02,-3.139049990056818160e+02
-1.541468739999999968e+02,-1.208031220000000019e+02,-3.154674990009469298e+02
-1.468812460000000044e+02,-1.205003875000000022e+02,-3.082799990227272247e+02
-1.553578119999999956e+02,-1.317015640000000190e+02,-3.042174990350378607e+02
-1.505140600000000006e+02,-1.310960950000000196e+02,-3.085924990217802701e+02
-1.605042985000000044e+02,-1.350316435000000013e+02,-3.142174990047348047e+02
-1.595960950000000196e+02,-1.350316435000000013e+02,-3.132799990075757250e+02
-1.602015640000000190e+02,-1.268578120000000098e+02,-3.035924990369317698e+02
-1.493031220000000019e+02,-1.268578120000000098e+02,-3.098424990179923952e+02
-1.493031220000000019e+02,-1.168675735000000060e+02,-3.020299990416666560e+02
-1.471839805000000183e+02,-1.208031220000000019e+02,-3.076549990246211905e+02
-1.456703080000000057e+02,-1.256468740000000111e+02,-3.085924990217802701e+02
-1.493031220000000019e+02,-1.295824225000000069e+02,-3.020299990416666560e+02
-1.559632809999999949e+02,-1.208031220000000019e+02,-3.023424990407196447e+02
-1.532386705000000120e+02,-1.226195290000000000e+02,-3.151549990018939411e+02
-1.535414049999999975e+02,-1.205003875000000022e+02,-3.145299990037878501e+02
-1.535414049999999975e+02,-1.338207055000000025e+02,-3.101549990170454407e+02
-1.477894495000000177e+02,-1.238304669999999987e+02,-3.026549990397726901e+02
-1.483949185000000170e+02,-1.274632810000000092e+02,-3.039049990359848152e+02
-1.541468739999999968e+02,-1.195921840000000032e+02,-3.029674990388257356e+02
-1.483949185000000170e+02,-1.335179710000000171e+02,-3.057799990303030313e+02
-1.632289090000000158e+02,-1.283714845000000082e+02,-3.139049990056818160e+02
-1.598988295000000051e+02,-1.335179710000000171e+02,-3.070299990265150996e+02
-1.480921840000000032e+02,-1.313988295000000051e+02,-3.045299990340909062e+02
-1.480921840000000032e+02,-1.241332015000000126e+02,-3.039049990359848152e+02
-1.505140600000000006e+02,-1.186839805000000041e+02,-3.007799990454545309e+02
-1.477894495000000177e+02,-1.256468740000000111e+02,-3.020299990416666560e+02
-1.629261745000000019e+02,-1.286742189999999937e+02,-3.157799989999999752e+02
-1.638343780000000152e+02,-1.265550775000000101e+02,-3.126549990094696909e+02
-1.638343780000000152e+02,-1.286742189999999937e+02,-3.123424990104166454e+02
-1.608070330000000183e+02,-1.389671920000000114e+02,-3.154674990009469298e+02
-1.517249979999999994e+02,-1.347289090000000158e+02,-3.110924990142045203e+02
-1.562660155000000088e+02,-1.208031220000000019e+02,-3.151549990018939411e+02
-1.553578119999999956e+02,-1.180785115000000047e+02,-3.151549990018939411e+02
-1.620179710000000171e+02,-1.359398470000000145e+02,-3.148424990028408956e+02
-1.541468739999999968e+02,-1.344261745000000019e+02,-3.095299990189393498e+02
-1.620179710000000171e+02,-1.344261745000000019e+02,-3.132799990075757250e+02
-1.641371125000000006e+02,-1.238304669999999987e+02,-3.107799990151514749e+02
-1.680726610000000107e+02,-1.208031220000000019e+02,-3.148424990028408956e+02
-1.535414049999999975e+02,-1.189867150000000038e+02,-3.148424990028408956e+02
-1.474867150000000038e+02,-1.247386705000000120e+02,-3.107799990151514749e+02
-1.638343780000000152e+02,-1.262523430000000104e+02,-3.079674990236742360e+02
-1.532386705000000120e+02,-1.341234400000000164e+02,-3.114049990132575658e+02
-1.620179710000000171e+02,-1.332152365000000032e+02,-3.145299990037878501e+02
-1.602015640000000190e+02,-1.347289090000000158e+02,-3.154674990009469298e+02
-1.496058565000000158e+02,-1.189867150000000038e+02,-3.014049990435605650e+02
-1.668617230000000120e+02,-1.398753954999999962e+02,-3.157799989999999752e+02
-1.641371125000000006e+02,-1.304906260000000202e+02,-3.101549990170454407e+02
-1.620179710000000171e+02,-1.195921840000000032e+02,-3.067174990274621109e+02
-1.474867150000000038e+02,-1.344261745000000019e+02,-3.057799990303030313e+02
-1.608070330000000183e+02,-1.307933605000000057e+02,-3.070299990265150996e+02
-1.480921840000000032e+02,-1.335179710000000171e+02,-3.054674990312499858e+02
-1.480921840000000032e+02,-1.250414050000000117e+02,-3.067174990274621109e+02
-1.680726610000000107e+02,-1.238304669999999987e+02,-3.154674990009469298e+02
-1.547523429999999962e+02,-1.208031220000000019e+02,-3.117174990123105545e+02
-1.486976530000000025e+02,-1.286742189999999937e+02,-3.017174990426136105e+02
-1.617152365000000032e+02,-1.353343780000000152e+02,-3.157799989999999752e+02
-1.505140600000000006e+02,-1.211058565000000016e+02,-3.001549990473484399e+02
-1.532386705000000120e+02,-1.250414050000000117e+02,-3.157799989999999752e+02
-1.614125020000000177e+02,-1.195921840000000032e+02,-3.067174990274621109e+02
-1.511195290000000000e+02,-1.283714845000000082e+02,-3.020299990416666560e+02
-1.617152365000000032e+02,-1.304906260000000202e+02,-3.157799989999999752e+02
-1.638343780000000152e+02,-1.259496085000000107e+02,-3.051549990321969403e+02
-1.496058565000000158e+02,-1.220140600000000006e+02,-3.001549990473484399e+02
-1.526332015000000126e+02,-1.304906260000000202e+02,-3.139049990056818160e+02
-1.483949185000000170e+02,-1.226195290000000000e+02,-3.101549990170454407e+02
-1.486976530000000025e+02,-1.320042985000000044e+02,-3.051549990321969403e+02
-1.553578119999999956e+02,-1.313988295000000051e+02,-3.039049990359848152e+02
-1.547523429999999962e+02,-1.335179710000000171e+02,-3.042174990350378607e+02
-1.620179710000000171e+02,-1.317015640000000190e+02,-3.073424990255681450e+02
-1.477894495000000177e+02,-1.226195290000000000e+02,-3.089049990208333156e+02
-1.656507850000000133e+02,-1.271605465000000095e+02,-3.157799989999999752e+02
-1.571742189999999937e+02,-1.208031220000000019e+02,-3.029674990388257356e+02
-1.517249979999999994e+02,-1.177757770000000050e+02,-3.085924990217802701e+02
-1.517249979999999994e+02,-1.280687499999999943e+02,-3.035924990369317698e+02
-1.514222635000000139e+02,-1.286742189999999937e+02,-3.045299990340909062e+02
-1.656507850000000133e+02,-1.338207055000000025e+02,-3.151549990018939411e+02
-1.574769535000000076e+02,-1.232249979999999994e+02,-3.145299990037878501e+02
-1.520277325000000133e+02,-1.292796880000000215e+02,-3.132799990075757250e+02
-1.541468739999999968e+02,-1.335179710000000171e+02,-3.042174990350378607e+02
-1.559632809999999949e+02,-1.217113255000000152e+02,-3.126549990094696909e+02
-1.535414049999999975e+02,-1.362425815000000000e+02,-3.107799990151514749e+02
-1.632289090000000158e+02,-1.232249979999999994e+02,-3.079674990236742360e+02
-1.502113255000000152e+02,-1.274632810000000092e+02,-3.076549990246211905e+02
-1.520277325000000133e+02,-1.201976530000000025e+02,-3.114049990132575658e+02
-1.462757770000000050e+02,-1.338207055000000025e+02,-3.057799990303030313e+02
-1.493031220000000019e+02,-1.198949185000000028e+02,-3.007799990454545309e+02
-1.608070330000000183e+02,-1.220140600000000006e+02,-3.054674990312499858e+02
-1.511195290000000000e+02,-1.277660155000000088e+02,-3.126549990094696909e+02
-1.620179710000000171e+02,-1.410863334999999950e+02,-3.151549990018939411e+02
-1.511195290000000000e+02,-1.198949185000000028e+02,-3.120299990113635999e+02
-1.614125020000000177e+02,-1.347289090000000158e+02,-3.142174990047348047e+02
-1.559632809999999949e+02,-1.192894495000000035e+02,-3.064049990284090654e+02
-1.602015640000000190e+02,-1.208031220000000019e+02,-3.060924990293560199e+02
-1.511195290000000000e+02,-1.259496085000000107e+02,-3.139049990056818160e+02
-1.574769535000000076e+02,-1.359398470000000145e+02,-3.126549990094696909e+02
-1.480921840000000032e+02,-1.268578120000000098e+02,-3.023424990407196447e+02
-1.529359359999999981e+02,-1.332152365000000032e+02,-3.089049990208333156e+02
-1.571742189999999937e+02,-1.301878915000000063e+02,-3.039049990359848152e+02
-1.493031220000000019e+02,-1.265550775000000101e+02,-3.120299990113635999e+02
-1.514222635000000139e+02,-1.329125020000000177e+02,-3.145299990037878501e+02
-1.602015640000000190e+02,-1.353343780000000152e+02,-3.135924990066287705e+02
-1.586878915000000063e+02,-1.238304669999999987e+02,-3.032799990378787811e+02
-1.559632809999999949e+02,-1.244359359999999981e+02,-3.010924990445075764e+02
-1.477894495000000177e+02,-1.280687499999999943e+02,-3.057799990303030313e+02
-1.526332015000000126e+02,-1.268578120000000098e+02,-3.007799990454545309e+02
-1.474867150000000038e+02,-1.347289090000000158e+02,-3.073424990255681450e+02
-1.468812460000000044e+02,-1.247386705000000120e+02,-3.107799990151514749e+02
-1.632289090000000158e+02,-1.205003875000000022e+02,-3.057799990303030313e+02
-1.493031220000000019e+02,-1.271605465000000095e+02,-3.101549990170454407e+02
-1.532386705000000120e+02,-1.298851569999999924e+02,-3.145299990037878501e+02
-1.532386705000000120e+02,-1.177757770000000050e+02,-3.082799990227272247e+02
-1.483949185000000170e+02,-1.268578120000000098e+02,-3.057799990303030313e+02
-1.505140600000000006e+02,-1.277660155000000088e+02,-3.095299990189393498e+02
-1.626234400000000164e+02,-1.338207055000000025e+02,-3.132799990075757250e+02
-1.483949185000000170e+02,-1.262523430000000104e+02,-3.089049990208333156e+02
-1.517249979999999994e+02,-1.208031220000000019e+02,-3.123424990104166454e+02
-1.474867150000000038e+02,-1.220140600000000006e+02,-3.054674990312499858e+02
-1.614125020000000177e+02,-1.383617230000000120e+02,-3.135924990066287705e+02
-1.571742189999999937e+02,-1.344261745000000019e+02,-3.120299990113635999e+02
-1.496058565000000158e+02,-1.171703080000000057e+02,-3.064049990284090654e+02
-1.677699264999999968e+02,-1.238304669999999987e+02,-3.151549990018939411e+02
-1.659535194999999987e+02,-1.214085910000000013e+02,-3.151549990018939411e+02
-1.629261745000000019e+02,-1.292796880000000215e+02,-3.076549990246211905e+02
-1.577796880000000215e+02,-1.341234400000000164e+02,-3.129674990085226796e+02
-1.662562540000000126e+02,-1.220140600000000006e+02,-3.148424990028408956e+02
-1.692835990000000095e+02,-1.235277325000000133e+02,-3.157799989999999752e+02
-1.608070330000000183e+02,-1.380589884999999981e+02,-3.139049990056818160e+02
-1.626234400000000164e+02,-1.329125020000000177e+02,-3.098424990179923952e+02
-1.459730425000000196e+02,-1.268578120000000098e+02,-3.114049990132575658e+02
-1.471839805000000183e+02,-1.238304669999999987e+02,-3.101549990170454407e+02
-1.644398470000000145e+02,-1.317015640000000190e+02,-3.142174990047348047e+02
-1.511195290000000000e+02,-1.238304669999999987e+02,-3.123424990104166454e+02
-1.468812460000000044e+02,-1.262523430000000104e+02,-3.092174990198863611e+02
-1.541468739999999968e+02,-1.256468740000000111e+02,-3.004674990464014854e+02
-1.544496085000000107e+02,-1.341234400000000164e+02,-3.051549990321969403e+02
-1.471839805000000183e+02,-1.280687499999999943e+02,-3.107799990151514749e+02
-1.514222635000000139e+02,-1.280687499999999943e+02,-3.126549990094696909e+02
-1.517249979999999994e+02,-1.320042985000000044e+02,-3.139049990056818160e+02
-1.480921840000000032e+02,-1.271605465000000095e+02,-3.107799990151514749e+02
-1.514222635000000139e+02,-1.304906260000000202e+02,-3.114049990132575658e+02
-1.614125020000000177e+02,-1.404808644999999956e+02,-3.151549990018939411e+02
-1.602015640000000190e+02,-1.353343780000000152e+02,-3.117174990123105545e+02
-1.571742189999999937e+02,-1.205003875000000022e+02,-3.070299990265150996e+02
-1.632289090000000158e+02,-1.271605465000000095e+02,-3.145299990037878501e+02
-1.483949185000000170e+02,-1.256468740000000111e+02,-3.014049990435605650e+02
-1.523304669999999987e+02,-1.368480504999999994e+02,-3.151549990018939411e+02
-1.556605465000000095e+02,-1.323070330000000183e+02,-3.045299990340909062e+02
-1.514222635000000139e+02,-1.292796880000000215e+02,-3.126549990094696909e+02
-1.586878915000000063e+02,-1.341234400000000164e+02,-3.064049990284090654e+02
-1.602015640000000190e+02,-1.214085910000000013e+02,-3.054674990312499858e+02
-1.474867150000000038e+02,-1.201976530000000025e+02,-3.085924990217802701e+02
-1.499085910000000013e+02,-1.253441395000000114e+02,-3.132799990075757250e+02
-1.559632809999999949e+02,-1.214085910000000013e+02,-3.154674990009469298e+02
-1.486976530000000025e+02,-1.201976530000000025e+02,-3.017174990426136105e+02
-1.505140600000000006e+02,-1.347289090000000158e+02,-3.142174990047348047e+02
-1.553578119999999956e+02,-1.362425815000000000e+02,-3.082799990227272247e+02
-1.632289090000000158e+02,-1.365453160000000139e+02,-3.148424990028408956e+02
-1.583851569999999924e+02,-1.320042985000000044e+02,-3.157799989999999752e+02
-1.559632809999999949e+02,-1.286742189999999937e+02,-3.023424990407196447e+02
-1.499085910000000013e+02,-1.217113255000000152e+02,-3.126549990094696909e+02
-1.568714845000000082e+02,-1.317015640000000190e+02,-3.157799989999999752e+02
-1.499085910000000013e+02,-1.153539010000000076e+02,-3.067174990274621109e+02
-1.477894495000000177e+02,-1.244359359999999981e+02,-3.070299990265150996e+02
-1.611097675000000038e+02,-1.220140600000000006e+02,-3.064049990284090654e+02
-1.535414049999999975e+02,-1.350316435000000013e+02,-3.120299990113635999e+02
-1.553578119999999956e+02,-1.171703080000000057e+02,-3.135924990066287705e+02
-1.589906260000000202e+02,-1.262523430000000104e+02,-3.029674990388257356e+02
-1.565687499999999943e+02,-1.198949185000000028e+02,-3.057799990303030313e+02
-1.529359359999999981e+02,-1.335179710000000171e+02,-3.104674990160984862e+02
-1.550550775000000101e+02,-1.359398470000000145e+02,-3.070299990265150996e+02
-1.483949185000000170e+02,-1.274632810000000092e+02,-3.032799990378787811e+02
-1.511195290000000000e+02,-1.168675735000000060e+02,-3.020299990416666560e+02
-1.662562540000000126e+02,-1.214085910000000013e+02,-3.154674990009469298e+02
-1.520277325000000133e+02,-1.159593700000000069e+02,-3.045299990340909062e+02
-1.538441395000000114e+02,-1.341234400000000164e+02,-3.076549990246211905e+02
-1.511195290000000000e+02,-1.250414050000000117e+02,-3.129674990085226796e+02
-1.608070330000000183e+02,-1.268578120000000098e+02,-3.042174990350378607e+02
-1.553578119999999956e+02,-1.344261745000000019e+02,-3.095299990189393498e+02
-1.474867150000000038e+02,-1.232249979999999994e+02,-3.035924990369317698e+02
-1.644398470000000145e+02,-1.229222635000000139e+02,-3.120299990113635999e+02
-1.553578119999999956e+02,-1.344261745000000019e+02,-3.126549990094696909e+02
-1.544496085000000107e+02,-1.183812460000000044e+02,-3.057799990303030313e+02
-1.517249979999999994e+02,-1.226195290000000000e+02,-3.135924990066287705e+02
-1.626234400000000164e+02,-1.274632810000000092e+02,-3.060924990293560199e+02
-1.638343780000000152e+02,-1.280687499999999943e+02,-3.154674990009469298e+02
-1.565687499999999943e+02,-1.205003875000000022e+02,-3.032799990378787811e+02
-1.499085910000000013e+02,-1.141429630000000088e+02,-3.067174990274621109e+02
-1.523304669999999987e+02,-1.301878915000000063e+02,-3.157799989999999752e+02
-1.486976530000000025e+02,-1.189867150000000038e+02,-3.085924990217802701e+02
-1.577796880000000215e+02,-1.211058565000000016e+02,-3.101549990170454407e+02
-1.499085910000000013e+02,-1.262523430000000104e+02,-3.129674990085226796e+02
-1.486976530000000025e+02,-1.241332015000000126e+02,-3.114049990132575658e+02
-1.547523429999999962e+02,-1.208031220000000019e+02,-3.017174990426136105e+02
-1.550550775000000101e+02,-1.304906260000000202e+02,-3.045299990340909062e+02
-1.523304669999999987e+02,-1.177757770000000050e+02,-3.023424990407196447e+02
-1.635316435000000013e+02,-1.341234400000000164e+02,-3.132799990075757250e+02
-1.499085910000000013e+02,-1.235277325000000133e+02,-3.001549990473484399e+02
-1.517249979999999994e+02,-1.329125020000000177e+02,-3.073424990255681450e+02
-1.535414049999999975e+02,-1.271605465000000095e+02,-3.026549990397726901e+02
-1.474867150000000038e+02,-1.214085910000000013e+02,-3.048424990331438948e+02
-1.583851569999999924e+02,-1.268578120000000098e+02,-3.023424990407196447e+02
-1.556605465000000095e+02,-1.341234400000000164e+02,-3.139049990056818160e+02
-1.568714845000000082e+02,-1.359398470000000145e+02,-3.126549990094696909e+02
-1.508167945000000145e+02,-1.329125020000000177e+02,-3.132799990075757250e+02
-1.532386705000000120e+02,-1.171703080000000057e+02,-3.139049990056818160e+02
-1.623207055000000025e+02,-1.214085910000000013e+02,-3.082799990227272247e+02
-1.523304669999999987e+02,-1.298851569999999924e+02,-3.129674990085226796e+02
-1.514222635000000139e+02,-1.177757770000000050e+02,-3.007799990454545309e+02
-1.602015640000000190e+02,-1.350316435000000013e+02,-3.132799990075757250e+02
-1.595960950000000196e+02,-1.350316435000000013e+02,-3.114049990132575658e+02
-1.632289090000000158e+02,-1.250414050000000117e+02,-3.054674990312499858e+02
-1.511195290000000000e+02,-1.165648390000000063e+02,-3.073424990255681450e+02
-1.617152365000000032e+02,-1.304906260000000202e+02,-3.070299990265150996e+02
-1.480921840000000032e+02,-1.232249979999999994e+02,-3.010924990445075764e+02
-1.568714845000000082e+02,-1.208031220000000019e+02,-3.039049990359848152e+02
-1.577796880000000215e+02,-1.341234400000000164e+02,-3.142174990047348047e+02
-1.638343780000000152e+02,-1.283714845000000082e+02,-3.157799989999999752e+02
-1.556605465000000095e+02,-1.359398470000000145e+02,-3.076549990246211905e+02
-1.523304669999999987e+02,-1.186839805000000041e+02,-3.095299990189393498e+02
-1.620179710000000171e+02,-1.298851569999999924e+02,-3.142174990047348047e+02
-1.574769535000000076e+02,-1.341234400000000164e+02,-3.057799990303030313e+02
-1.626234400000000164e+02,-1.350316435000000013e+02,-3.157799989999999752e+02
-1.471839805000000183e+02,-1.195921840000000032e+02,-3.070299990265150996e+02
-1.602015640000000190e+02,-1.347289090000000158e+02,-3.054674990312499858e+02
-1.474867150000000038e+02,-1.286742189999999937e+02,-3.023424990407196447e+02
-1.517249979999999994e+02,-1.180785115000000047e+02,-3.026549990397726901e+02
-1.689808644999999956e+02,-1.201976530000000025e+02,-3.151549990018939411e+02
-1.486976530000000025e+02,-1.256468740000000111e+02,-3.129674990085226796e+02
-1.477894495000000177e+02,-1.232249979999999994e+02,-3.076549990246211905e+02
-1.514222635000000139e+02,-1.159593700000000069e+02,-3.051549990321969403e+02
-1.553578119999999956e+02,-1.256468740000000111e+02,-3.010924990445075764e+02
-1.611097675000000038e+02,-1.365453160000000139e+02,-3.139049990056818160e+02
-1.544496085000000107e+02,-1.359398470000000145e+02,-3.057799990303030313e+02
-1.577796880000000215e+02,-1.201976530000000025e+02,-3.085924990217802701e+02
-1.589906260000000202e+02,-1.341234400000000164e+02,-3.142174990047348047e+02
-1.535414049999999975e+02,-1.180785115000000047e+02,-3.057799990303030313e+02
-1.632289090000000158e+02,-1.232249979999999994e+02,-3.085924990217802701e+02
-1.529359359999999981e+02,-1.177757770000000050e+02,-3.085924990217802701e+02
-1.511195290000000000e+02,-1.150511665000000079e+02,-3.057799990303030313e+02
-1.547523429999999962e+02,-1.189867150000000038e+02,-3.135924990066287705e+02
-1.483949185000000170e+02,-1.268578120000000098e+02,-3.032799990378787811e+02
-1.517249979999999994e+02,-1.162621045000000066e+02,-3.070299990265150996e+02
-1.511195290000000000e+02,-1.180785115000000047e+02,-3.089049990208333156e+02
-1.635316435000000013e+02,-1.298851569999999924e+02,-3.139049990056818160e+02
-1.592933605000000057e+02,-1.353343780000000152e+02,-3.076549990246211905e+02
-1.556605465000000095e+02,-1.335179710000000171e+02,-3.145299990037878501e+02
-1.595960950000000196e+02,-1.286742189999999937e+02,-3.054674990312499858e+02
-1.505140600000000006e+02,-1.165648390000000063e+02,-3.073424990255681450e+02
-1.553578119999999956e+02,-1.271605465000000095e+02,-3.014049990435605650e+02
-1.586878915000000063e+02,-1.347289090000000158e+02,-3.120299990113635999e+02
-1.647425815000000000e+02,-1.226195290000000000e+02,-3.126549990094696909e+02
-1.529359359999999981e+02,-1.186839805000000041e+02,-3.089049990208333156e+02
-1.602015640000000190e+02,-1.347289090000000158e+02,-3.148424990028408956e+02
-1.523304669999999987e+02,-1.168675735000000060e+02,-3.051549990321969403e+02
-1.574769535000000076e+02,-1.298851569999999924e+02,-3.045299990340909062e+02
-1.471839805000000183e+02,-1.226195290000000000e+02,-3.070299990265150996e+02
-1.480921840000000032e+02,-1.280687499999999943e+02,-3.035924990369317698e+02
-1.532386705000000120e+02,-1.177757770000000050e+02,-3.064049990284090654e+02
-1.602015640000000190e+02,-1.347289090000000158e+02,-3.060924990293560199e+02
-1.486976530000000025e+02,-1.165648390000000063e+02,-3.073424990255681450e+02
-1.505140600000000006e+02,-1.138402285000000091e+02,-3.070299990265150996e+02
-1.493031220000000019e+02,-1.292796880000000215e+02,-3.073424990255681450e+02
-1.668617230000000120e+02,-1.214085910000000013e+02,-3.154674990009469298e+02
-1.465785114999999905e+02,-1.286742189999999937e+02,-3.020299990416666560e+02
-1.623207055000000025e+02,-1.347289090000000158e+02,-3.114049990132575658e+02
-1.496058565000000158e+02,-1.268578120000000098e+02,-3.120299990113635999e+02
-1.559632809999999949e+02,-1.313988295000000051e+02,-3.045299990340909062e+02
-1.532386705000000120e+02,-1.341234400000000164e+02,-3.082799990227272247e+02
-1.626234400000000164e+02,-1.310960950000000196e+02,-3.154674990009469298e+02
-1.589906260000000202e+02,-1.262523430000000104e+02,-3.154674990009469298e+02
-1.529359359999999981e+02,-1.350316435000000013e+02,-3.145299990037878501e+02
