-1.197711466875000070e+02,1.226361918499999959e+01,-6.520000000000000000e+02
-1.194928263750000070e+02,1.226361918499999959e+01,-6.525000000000000000e+02
-1.194928263750000070e+02,1.198529887249999959e+01,-6.520000000000000000e+02
-1.194928263750000070e+02,1.226361918499999959e+01,-6.515000000000000000e+02
-1.197711466875000070e+02,1.282025980999999959e+01,-6.520000000000000000e+02
-1.194928263750000070e+02,1.282025980999999959e+01,-6.525000000000000000e+02
-1.194928263750000070e+02,1.282025980999999959e+01,-6.515000000000000000e+02
-1.194928263750000070e+02,1.309858012249999959e+01,-6.520000000000000000e+02
-1.192145060625000070e+02,1.170697855999999959e+01,-6.530000000000000000e+02
-1.189361857500000070e+02,1.170697855999999959e+01,-6.535000000000000000e+02
-1.189361857500000070e+02,1.142865824749999959e+01,-6.530000000000000000e+02
-1.189361857500000070e+02,1.142865824749999959e+01,-6.520000000000000000e+02
-1.192145060625000070e+02,1.170697855999999959e+01,-6.520000000000000000e+02
-1.189361857500000070e+02,1.142865824749999959e+01,-6.510000000000000000e+02
-1.192145060625000070e+02,1.170697855999999959e+01,-6.510000000000000000e+02
-1.189361857500000070e+02,1.170697855999999959e+01,-6.505000000000000000e+02
-1.192145060625000070e+02,1.226361918499999959e+01,-6.530000000000000000e+02
-1.189361857500000070e+02,1.226361918499999959e+01,-6.535000000000000000e+02
-1.192145060625000070e+02,1.226361918499999959e+01,-6.510000000000000000e+02
-1.189361857500000070e+02,1.198529887249999959e+01,-6.500000000000000000e+02
-1.192145060625000070e+02,1.226361918499999959e+01,-6.500000000000000000e+02
-1.189361857500000070e+02,1.198529887249999959e+01,-6.490000000000000000e+02
-1.192145060625000070e+02,1.226361918499999959e+01,-6.490000000000000000e+02
-1.189361857500000070e+02,1.226361918499999959e+01,-6.485000000000000000e+02
-1.192145060625000070e+02,1.282025980999999959e+01,-6.530000000000000000e+02
-1.189361857500000070e+02,1.282025980999999959e+01,-6.535000000000000000e+02
-1.192145060625000070e+02,1.282025980999999959e+01,-6.510000000000000000e+02
-1.192145060625000070e+02,1.282025980999999959e+01,-6.500000000000000000e+02
-1.192145060625000070e+02,1.282025980999999959e+01,-6.490000000000000000e+02
-1.189361857500000070e+02,1.282025980999999959e+01,-6.485000000000000000e+02
-1.192145060625000070e+02,1.337690043499999959e+01,-6.530000000000000000e+02
-1.189361857500000070e+02,1.337690043499999959e+01,-6.535000000000000000e+02
-1.192145060625000070e+02,1.337690043499999959e+01,-6.520000000000000000e+02
-1.192145060625000070e+02,1.337690043499999959e+01,-6.510000000000000000e+02
-1.192145060625000070e+02,1.337690043499999959e+01,-6.500000000000000000e+02
-1.192145060625000070e+02,1.337690043499999959e+01,-6.490000000000000000e+02
-1.189361857500000070e+02,1.337690043499999959e+01,-6.485000000000000000e+02
-1.192145060625000070e+02,1.393354105999999959e+01,-6.530000000000000000e+02
-1.189361857500000070e+02,1.393354105999999959e+01,-6.535000000000000000e+02
-1.192145060625000070e+02,1.393354105999999959e+01,-6.520000000000000000e+02
-1.192145060625000070e+02,1.393354105999999959e+01,-6.510000000000000000e+02
-1.192145060625000070e+02,1.393354105999999959e+01,-6.500000000000000000e+02
-1.192145060625000070e+02,1.393354105999999959e+01,-6.490000000000000000e+02
-1.189361857500000070e+02,1.393354105999999959e+01,-6.485000000000000000e+02
-1.189361857500000070e+02,1.421186137249999959e+01,-6.530000000000000000e+02
-1.192145060625000070e+02,1.449018168499999959e+01,-6.520000000000000000e+02
-1.189361857500000070e+02,1.449018168499999959e+01,-6.525000000000000000e+02
-1.192145060625000070e+02,1.449018168499999959e+01,-6.510000000000000000e+02
-1.192145060625000070e+02,1.449018168499999959e+01,-6.500000000000000000e+02
-1.192145060625000070e+02,1.449018168499999959e+01,-6.490000000000000000e+02
-1.189361857500000070e+02,1.449018168499999959e+01,-6.485000000000000000e+02
-1.192145060625000070e+02,1.504682230999999959e+01,-6.520000000000000000e+02
-1.189361857500000070e+02,1.504682230999999959e+01,-6.525000000000000000e+02
-1.192145060625000070e+02,1.504682230999999959e+01,-6.510000000000000000e+02
-1.192145060625000070e+02,1.504682230999999959e+01,-6.500000000000000000e+02
-1.189361857500000070e+02,1.504682230999999959e+01,-6.495000000000000000e+02
-1.189361857500000070e+02,1.476850199749999959e+01,-6.490000000000000000e+02
-1.189361857500000070e+02,1.532514262249999959e+01,-6.520000000000000000e+02
-1.192145060625000070e+02,1.560346293499999959e+01,-6.510000000000000000e+02
-1.189361857500000070e+02,1.560346293499999959e+01,-6.515000000000000000e+02
-1.189361857500000070e+02,1.560346293499999959e+01,-6.505000000000000000e+02
-1.189361857500000070e+02,1.532514262249999959e+01,-6.500000000000000000e+02
-1.189361857500000070e+02,1.588178324749999959e+01,-6.510000000000000000e+02
-1.186578654375000070e+02,1.115033793499999959e+01,-6.530000000000000000e+02
-1.183795451250000070e+02,1.115033793499999959e+01,-6.535000000000000000e+02
-1.183795451250000070e+02,1.087201762249999959e+01,-6.530000000000000000e+02
-1.183795451250000070e+02,1.087201762249999959e+01,-6.520000000000000000e+02
-1.186578654375000070e+02,1.115033793499999959e+01,-6.520000000000000000e+02
-1.183795451250000070e+02,1.087201762249999959e+01,-6.510000000000000000e+02
-1.186578654375000070e+02,1.115033793499999959e+01,-6.510000000000000000e+02
-1.183795451250000070e+02,1.087201762249999959e+01,-6.500000000000000000e+02
-1.186578654375000070e+02,1.115033793499999959e+01,-6.500000000000000000e+02
-1.183795451250000070e+02,1.115033793499999959e+01,-6.495000000000000000e+02
-1.186578654375000070e+02,1.170697855999999959e+01,-6.540000000000000000e+02
-1.183795451250000070e+02,1.170697855999999959e+01,-6.545000000000000000e+02
-1.183795451250000070e+02,1.142865824749999959e+01,-6.540000000000000000e+02
-1.186578654375000070e+02,1.170697855999999959e+01,-6.500000000000000000e+02
-1.183795451250000070e+02,1.142865824749999959e+01,-6.490000000000000000e+02
-1.186578654375000070e+02,1.170697855999999959e+01,-6.490000000000000000e+02
-1.183795451250000070e+02,1.170697855999999959e+01,-6.485000000000000000e+02
-1.183795451250000070e+02,1.198529887249999959e+01,-6.540000000000000000e+02
-1.183795451250000070e+02,1.226361918499999959e+01,-6.535000000000000000e+02
-1.183795451250000070e+02,1.226361918499999959e+01,-6.485000000000000000e+02
-1.183795451250000070e+02,1.282025980999999959e+01,-6.535000000000000000e+02
-1.183795451250000070e+02,1.282025980999999959e+01,-6.485000000000000000e+02
-1.183795451250000070e+02,1.337690043499999959e+01,-6.535000000000000000e+02
-1.183795451250000070e+02,1.337690043499999959e+01,-6.485000000000000000e+02
-1.186578654375000070e+02,1.393354105999999959e+01,-6.540000000000000000e+02
-1.183795451250000070e+02,1.393354105999999959e+01,-6.545000000000000000e+02
-1.183795451250000070e+02,1.365522074749999959e+01,-6.540000000000000000e+02
-1.183795451250000070e+02,1.393354105999999959e+01,-6.485000000000000000e+02
-1.183795451250000070e+02,1.421186137249999959e+01,-6.540000000000000000e+02
-1.186578654375000070e+02,1.449018168499999959e+01,-6.530000000000000000e+02
-1.183795451250000070e+02,1.449018168499999959e+01,-6.535000000000000000e+02
-1.183795451250000070e+02,1.449018168499999959e+01,-6.485000000000000000e+02
-1.186578654375000070e+02,1.504682230999999959e+01,-6.530000000000000000e+02
-1.183795451250000070e+02,1.504682230999999959e+01,-6.535000000000000000e+02
-1.186578654375000070e+02,1.504682230999999959e+01,-6.490000000000000000e+02
-1.183795451250000070e+02,1.504682230999999959e+01,-6.485000000000000000e+02
-1.186578654375000070e+02,1.560346293499999959e+01,-6.530000000000000000e+02
-1.183795451250000070e+02,1.560346293499999959e+01,-6.535000000000000000e+02
-1.186578654375000070e+02,1.560346293499999959e+01,-6.520000000000000000e+02
-1.186578654375000070e+02,1.560346293499999959e+01,-6.500000000000000000e+02
-1.183795451250000070e+02,1.560346293499999959e+01,-6.495000000000000000e+02
-1.183795451250000070e+02,1.532514262249999959e+01,-6.490000000000000000e+02
-1.186578654375000070e+02,1.616010355999999959e+01,-6.530000000000000000e+02
-1.183795451250000070e+02,1.616010355999999959e+01,-6.535000000000000000e+02
-1.186578654375000070e+02,1.616010355999999959e+01,-6.520000000000000000e+02
-1.186578654375000070e+02,1.616010355999999959e+01,-6.510000000000000000e+02
-1.183795451250000070e+02,1.616010355999999959e+01,-6.505000000000000000e+02
-1.183795451250000070e+02,1.588178324749999959e+01,-6.500000000000000000e+02
-1.183795451250000070e+02,1.643842387249999959e+01,-6.530000000000000000e+02
-1.183795451250000070e+02,1.643842387249999959e+01,-6.520000000000000000e+02
-1.183795451250000070e+02,1.643842387249999959e+01,-6.510000000000000000e+02
-1.181012248125000070e+02,1.003705668499999959e+01,-6.500000000000000000e+02
-1.178229045000000070e+02,1.003705668499999959e+01,-6.505000000000000000e+02
-1.178229045000000070e+02,9.758736372499999590e+00,-6.500000000000000000e+02
-1.178229045000000070e+02,1.003705668499999959e+01,-6.495000000000000000e+02
-1.181012248125000070e+02,1.059369730999999959e+01,-6.520000000000000000e+02
-1.178229045000000070e+02,1.059369730999999959e+01,-6.525000000000000000e+02
-1.178229045000000070e+02,1.031537699749999959e+01,-6.520000000000000000e+02
-1.178229045000000070e+02,1.031537699749999959e+01,-6.510000000000000000e+02
-1.181012248125000070e+02,1.059369730999999959e+01,-6.510000000000000000e+02
-1.181012248125000070e+02,1.059369730999999959e+01,-6.500000000000000000e+02
-1.178229045000000070e+02,1.059369730999999959e+01,-6.495000000000000000e+02
-1.178229045000000070e+02,1.115033793499999959e+01,-6.535000000000000000e+02
-1.178229045000000070e+02,1.087201762249999959e+01,-6.530000000000000000e+02
-1.178229045000000070e+02,1.115033793499999959e+01,-6.495000000000000000e+02
-1.178229045000000070e+02,1.170697855999999959e+01,-6.545000000000000000e+02
-1.178229045000000070e+02,1.142865824749999959e+01,-6.540000000000000000e+02
-1.178229045000000070e+02,1.142865824749999959e+01,-6.490000000000000000e+02
-1.178229045000000070e+02,1.170697855999999959e+01,-6.485000000000000000e+02
-1.181012248125000070e+02,1.226361918499999959e+01,-6.540000000000000000e+02
-1.178229045000000070e+02,1.226361918499999959e+01,-6.545000000000000000e+02
-1.178229045000000070e+02,1.226361918499999959e+01,-6.485000000000000000e+02
-1.181012248125000070e+02,1.282025980999999959e+01,-6.540000000000000000e+02
-1.178229045000000070e+02,1.282025980999999959e+01,-6.545000000000000000e+02
-1.178229045000000070e+02,1.282025980999999959e+01,-6.485000000000000000e+02
-1.181012248125000070e+02,1.337690043499999959e+01,-6.540000000000000000e+02
-1.178229045000000070e+02,1.337690043499999959e+01,-6.545000000000000000e+02
-1.178229045000000070e+02,1.337690043499999959e+01,-6.485000000000000000e+02
-1.178229045000000070e+02,1.393354105999999959e+01,-6.545000000000000000e+02
-1.178229045000000070e+02,1.393354105999999959e+01,-6.485000000000000000e+02
-1.181012248125000070e+02,1.449018168499999959e+01,-6.540000000000000000e+02
-1.178229045000000070e+02,1.449018168499999959e+01,-6.545000000000000000e+02
-1.178229045000000070e+02,1.421186137249999959e+01,-6.480000000000000000e+02
-1.181012248125000070e+02,1.449018168499999959e+01,-6.480000000000000000e+02
-1.181012248125000070e+02,1.504682230999999959e+01,-6.540000000000000000e+02
-1.178229045000000070e+02,1.504682230999999959e+01,-6.545000000000000000e+02
-1.178229045000000070e+02,1.476850199749999959e+01,-6.480000000000000000e+02
-1.178229045000000070e+02,1.504682230999999959e+01,-6.485000000000000000e+02
-1.181012248125000070e+02,1.560346293499999959e+01,-6.540000000000000000e+02
-1.178229045000000070e+02,1.560346293499999959e+01,-6.545000000000000000e+02
-1.181012248125000070e+02,1.560346293499999959e+01,-6.490000000000000000e+02
-1.178229045000000070e+02,1.560346293499999959e+01,-6.485000000000000000e+02
-1.181012248125000070e+02,1.616010355999999959e+01,-6.540000000000000000e+02
-1.178229045000000070e+02,1.616010355999999959e+01,-6.545000000000000000e+02
-1.181012248125000070e+02,1.616010355999999959e+01,-6.500000000000000000e+02
-1.178229045000000070e+02,1.616010355999999959e+01,-6.495000000000000000e+02
-1.178229045000000070e+02,1.588178324749999959e+01,-6.490000000000000000e+02
-1.178229045000000070e+02,1.643842387249999959e+01,-6.540000000000000000e+02
-1.181012248125000070e+02,1.671674418499999959e+01,-6.530000000000000000e+02
-1.178229045000000070e+02,1.671674418499999959e+01,-6.535000000000000000e+02
-1.181012248125000070e+02,1.671674418499999959e+01,-6.520000000000000000e+02
-1.181012248125000070e+02,1.671674418499999959e+01,-6.510000000000000000e+02
-1.178229045000000070e+02,1.671674418499999959e+01,-6.505000000000000000e+02
-1.178229045000000070e+02,1.643842387249999959e+01,-6.500000000000000000e+02
-1.178229045000000070e+02,1.699506449749999959e+01,-6.530000000000000000e+02
-1.178229045000000070e+02,1.699506449749999959e+01,-6.520000000000000000e+02
-1.178229045000000070e+02,1.699506449749999959e+01,-6.510000000000000000e+02
-1.175445841875000070e+02,1.003705668499999959e+01,-6.500000000000000000e+02
-1.175445841875000070e+02,1.059369730999999959e+01,-6.530000000000000000e+02
-1.172662638750000070e+02,1.059369730999999959e+01,-6.535000000000000000e+02
-1.172662638750000070e+02,1.031537699749999959e+01,-6.530000000000000000e+02
-1.172662638750000070e+02,1.031537699749999959e+01,-6.520000000000000000e+02
-1.172662638750000070e+02,1.031537699749999959e+01,-6.510000000000000000e+02
-1.172662638750000070e+02,1.031537699749999959e+01,-6.500000000000000000e+02
-1.172662638750000070e+02,1.059369730999999959e+01,-6.495000000000000000e+02
-1.175445841875000070e+02,1.115033793499999959e+01,-6.540000000000000000e+02
-1.172662638750000070e+02,1.115033793499999959e+01,-6.545000000000000000e+02
-1.172662638750000070e+02,1.087201762249999959e+01,-6.540000000000000000e+02
-1.172662638750000070e+02,1.087201762249999959e+01,-6.490000000000000000e+02
-1.175445841875000070e+02,1.115033793499999959e+01,-6.490000000000000000e+02
-1.172662638750000070e+02,1.115033793499999959e+01,-6.485000000000000000e+02
-1.172662638750000070e+02,1.170697855999999959e+01,-6.545000000000000000e+02
-1.172662638750000070e+02,1.170697855999999959e+01,-6.485000000000000000e+02
-1.172662638750000070e+02,1.226361918499999959e+01,-6.545000000000000000e+02
-1.172662638750000070e+02,1.226361918499999959e+01,-6.485000000000000000e+02
-1.172662638750000070e+02,1.282025980999999959e+01,-6.545000000000000000e+02
-1.172662638750000070e+02,1.282025980999999959e+01,-6.485000000000000000e+02
-1.172662638750000070e+02,1.337690043499999959e+01,-6.545000000000000000e+02
-1.172662638750000070e+02,1.337690043499999959e+01,-6.485000000000000000e+02
-1.172662638750000070e+02,1.393354105999999959e+01,-6.545000000000000000e+02
-1.172662638750000070e+02,1.365522074749999959e+01,-6.480000000000000000e+02
-1.175445841875000070e+02,1.393354105999999959e+01,-6.480000000000000000e+02
-1.172662638750000070e+02,1.449018168499999959e+01,-6.545000000000000000e+02
-1.172662638750000070e+02,1.504682230999999959e+01,-6.545000000000000000e+02
-1.175445841875000070e+02,1.504682230999999959e+01,-6.480000000000000000e+02
-1.172662638750000070e+02,1.560346293499999959e+01,-6.545000000000000000e+02
-1.175445841875000070e+02,1.560346293499999959e+01,-6.480000000000000000e+02
-1.172662638750000070e+02,1.616010355999999959e+01,-6.545000000000000000e+02
-1.175445841875000070e+02,1.616010355999999959e+01,-6.490000000000000000e+02
-1.172662638750000070e+02,1.616010355999999959e+01,-6.485000000000000000e+02
-1.172662638750000070e+02,1.588178324749999959e+01,-6.480000000000000000e+02
-1.175445841875000070e+02,1.671674418499999959e+01,-6.540000000000000000e+02
-1.172662638750000070e+02,1.671674418499999959e+01,-6.545000000000000000e+02
-1.175445841875000070e+02,1.671674418499999959e+01,-6.500000000000000000e+02
-1.172662638750000070e+02,1.671674418499999959e+01,-6.495000000000000000e+02
-1.172662638750000070e+02,1.643842387249999959e+01,-6.490000000000000000e+02
-1.175445841875000070e+02,1.727338480999999959e+01,-6.540000000000000000e+02
-1.172662638750000070e+02,1.727338480999999959e+01,-6.545000000000000000e+02
-1.175445841875000070e+02,1.727338480999999959e+01,-6.530000000000000000e+02
-1.175445841875000070e+02,1.727338480999999959e+01,-6.520000000000000000e+02
-1.175445841875000070e+02,1.727338480999999959e+01,-6.510000000000000000e+02
-1.172662638750000070e+02,1.727338480999999959e+01,-6.505000000000000000e+02
-1.172662638750000070e+02,1.699506449749999959e+01,-6.500000000000000000e+02
-1.172662638750000070e+02,1.755170512249999959e+01,-6.540000000000000000e+02
-1.172662638750000070e+02,1.755170512249999959e+01,-6.530000000000000000e+02
-1.172662638750000070e+02,1.755170512249999959e+01,-6.520000000000000000e+02
-1.172662638750000070e+02,1.755170512249999959e+01,-6.510000000000000000e+02
-1.169879435625000070e+02,1.059369730999999959e+01,-6.540000000000000000e+02
-1.167096232500000070e+02,1.059369730999999959e+01,-6.545000000000000000e+02
-1.167096232500000070e+02,1.031537699749999959e+01,-6.540000000000000000e+02
-1.167096232500000070e+02,1.031537699749999959e+01,-6.530000000000000000e+02
-1.167096232500000070e+02,1.031537699749999959e+01,-6.520000000000000000e+02
-1.167096232500000070e+02,1.031537699749999959e+01,-6.510000000000000000e+02
-1.167096232500000070e+02,1.031537699749999959e+01,-6.500000000000000000e+02
-1.167096232500000070e+02,1.059369730999999959e+01,-6.495000000000000000e+02
-1.167096232500000070e+02,1.115033793499999959e+01,-6.545000000000000000e+02
-1.167096232500000070e+02,1.087201762249999959e+01,-6.490000000000000000e+02
-1.167096232500000070e+02,1.115033793499999959e+01,-6.485000000000000000e+02
-1.167096232500000070e+02,1.170697855999999959e+01,-6.545000000000000000e+02
-1.167096232500000070e+02,1.170697855999999959e+01,-6.485000000000000000e+02
-1.167096232500000070e+02,1.226361918499999959e+01,-6.545000000000000000e+02
-1.167096232500000070e+02,1.198529887249999959e+01,-6.480000000000000000e+02
-1.169879435625000070e+02,1.226361918499999959e+01,-6.480000000000000000e+02
-1.169879435625000070e+02,1.282025980999999959e+01,-6.550000000000000000e+02
-1.167096232500000070e+02,1.282025980999999959e+01,-6.555000000000000000e+02
-1.167096232500000070e+02,1.254193949749999959e+01,-6.550000000000000000e+02
-1.169879435625000070e+02,1.282025980999999959e+01,-6.480000000000000000e+02
-1.169879435625000070e+02,1.337690043499999959e+01,-6.550000000000000000e+02
-1.167096232500000070e+02,1.337690043499999959e+01,-6.555000000000000000e+02
-1.169879435625000070e+02,1.337690043499999959e+01,-6.480000000000000000e+02
-1.169879435625000070e+02,1.393354105999999959e+01,-6.550000000000000000e+02
-1.167096232500000070e+02,1.393354105999999959e+01,-6.555000000000000000e+02
-1.169879435625000070e+02,1.449018168499999959e+01,-6.550000000000000000e+02
-1.167096232500000070e+02,1.449018168499999959e+01,-6.555000000000000000e+02
-1.169879435625000070e+02,1.504682230999999959e+01,-6.550000000000000000e+02
-1.167096232500000070e+02,1.504682230999999959e+01,-6.555000000000000000e+02
-1.169879435625000070e+02,1.560346293499999959e+01,-6.550000000000000000e+02
-1.167096232500000070e+02,1.560346293499999959e+01,-6.555000000000000000e+02
-1.169879435625000070e+02,1.616010355999999959e+01,-6.550000000000000000e+02
-1.167096232500000070e+02,1.616010355999999959e+01,-6.555000000000000000e+02
-1.169879435625000070e+02,1.616010355999999959e+01,-6.480000000000000000e+02
-1.167096232500000070e+02,1.643842387249999959e+01,-6.550000000000000000e+02
-1.167096232500000070e+02,1.671674418499999959e+01,-6.545000000000000000e+02
-1.169879435625000070e+02,1.671674418499999959e+01,-6.490000000000000000e+02
-1.167096232500000070e+02,1.671674418499999959e+01,-6.485000000000000000e+02
-1.167096232500000070e+02,1.643842387249999959e+01,-6.480000000000000000e+02
-1.167096232500000070e+02,1.727338480999999959e+01,-6.545000000000000000e+02
-1.169879435625000070e+02,1.727338480999999959e+01,-6.500000000000000000e+02
-1.167096232500000070e+02,1.727338480999999959e+01,-6.495000000000000000e+02
-1.167096232500000070e+02,1.699506449749999959e+01,-6.490000000000000000e+02
-1.167096232500000070e+02,1.755170512249999959e+01,-6.540000000000000000e+02
-1.169879435625000070e+02,1.783002543499999959e+01,-6.530000000000000000e+02
-1.167096232500000070e+02,1.783002543499999959e+01,-6.535000000000000000e+02
-1.167096232500000070e+02,1.783002543499999959e+01,-6.525000000000000000e+02
-1.167096232500000070e+02,1.755170512249999959e+01,-6.520000000000000000e+02
-1.167096232500000070e+02,1.755170512249999959e+01,-6.510000000000000000e+02
-1.167096232500000070e+02,1.755170512249999959e+01,-6.500000000000000000e+02
-1.167096232500000070e+02,1.810834574749999959e+01,-6.530000000000000000e+02
-1.164313029375000070e+02,1.003705668499999959e+01,-6.530000000000000000e+02
-1.161529826250000070e+02,1.003705668499999959e+01,-6.535000000000000000e+02
-1.161529826250000070e+02,9.758736372499999590e+00,-6.530000000000000000e+02
-1.161529826250000070e+02,1.003705668499999959e+01,-6.525000000000000000e+02
-1.161529826250000070e+02,1.059369730999999959e+01,-6.545000000000000000e+02
-1.161529826250000070e+02,1.031537699749999959e+01,-6.540000000000000000e+02
-1.161529826250000070e+02,1.031537699749999959e+01,-6.520000000000000000e+02
-1.161529826250000070e+02,1.031537699749999959e+01,-6.510000000000000000e+02
-1.164313029375000070e+02,1.059369730999999959e+01,-6.500000000000000000e+02
-1.161529826250000070e+02,1.059369730999999959e+01,-6.505000000000000000e+02
-1.164313029375000070e+02,1.115033793499999959e+01,-6.550000000000000000e+02
-1.161529826250000070e+02,1.115033793499999959e+01,-6.555000000000000000e+02
-1.161529826250000070e+02,1.087201762249999959e+01,-6.550000000000000000e+02
-1.161529826250000070e+02,1.087201762249999959e+01,-6.500000000000000000e+02
-1.164313029375000070e+02,1.115033793499999959e+01,-6.490000000000000000e+02
-1.161529826250000070e+02,1.115033793499999959e+01,-6.495000000000000000e+02
-1.164313029375000070e+02,1.170697855999999959e+01,-6.550000000000000000e+02
-1.161529826250000070e+02,1.170697855999999959e+01,-6.555000000000000000e+02
-1.161529826250000070e+02,1.142865824749999959e+01,-6.490000000000000000e+02
-1.161529826250000070e+02,1.170697855999999959e+01,-6.485000000000000000e+02
-1.164313029375000070e+02,1.226361918499999959e+01,-6.550000000000000000e+02
-1.161529826250000070e+02,1.226361918499999959e+01,-6.555000000000000000e+02
-1.161529826250000070e+02,1.198529887249999959e+01,-6.480000000000000000e+02
-1.164313029375000070e+02,1.282025980999999959e+01,-6.570000000000000000e+02
-1.161529826250000070e+02,1.254193949749999959e+01,-6.560000000000000000e+02
-1.164313029375000070e+02,1.282025980999999959e+01,-6.560000000000000000e+02
-1.161529826250000070e+02,1.254193949749999959e+01,-6.570000000000000000e+02
-1.164313029375000070e+02,1.337690043499999959e+01,-6.560000000000000000e+02
-1.164313029375000070e+02,1.337690043499999959e+01,-6.570000000000000000e+02
-1.161529826250000070e+02,1.365522074749999959e+01,-6.570000000000000000e+02
-1.164313029375000070e+02,1.393354105999999959e+01,-6.560000000000000000e+02
-1.161529826250000070e+02,1.393354105999999959e+01,-6.565000000000000000e+02
-1.164313029375000070e+02,1.449018168499999959e+01,-6.560000000000000000e+02
-1.161529826250000070e+02,1.449018168499999959e+01,-6.565000000000000000e+02
-1.164313029375000070e+02,1.504682230999999959e+01,-6.560000000000000000e+02
-1.161529826250000070e+02,1.504682230999999959e+01,-6.565000000000000000e+02
-1.164313029375000070e+02,1.560346293499999959e+01,-6.560000000000000000e+02
-1.161529826250000070e+02,1.560346293499999959e+01,-6.565000000000000000e+02
-1.161529826250000070e+02,1.588178324749999959e+01,-6.560000000000000000e+02
-1.161529826250000070e+02,1.616010355999999959e+01,-6.555000000000000000e+02
-1.161529826250000070e+02,1.643842387249999959e+01,-6.550000000000000000e+02
-1.161529826250000070e+02,1.671674418499999959e+01,-6.545000000000000000e+02
-1.164313029375000070e+02,1.671674418499999959e+01,-6.530000000000000000e+02
-1.161529826250000070e+02,1.643842387249999959e+01,-6.530000000000000000e+02
-1.161529826250000070e+02,1.671674418499999959e+01,-6.535000000000000000e+02
-1.161529826250000070e+02,1.671674418499999959e+01,-6.525000000000000000e+02
-1.161529826250000070e+02,1.643842387249999959e+01,-6.480000000000000000e+02
-1.161529826250000070e+02,1.671674418499999959e+01,-6.485000000000000000e+02
-1.161529826250000070e+02,1.699506449749999959e+01,-6.540000000000000000e+02
-1.164313029375000070e+02,1.727338480999999959e+01,-6.540000000000000000e+02
-1.164313029375000070e+02,1.727338480999999959e+01,-6.530000000000000000e+02
-1.161529826250000070e+02,1.699506449749999959e+01,-6.520000000000000000e+02
-1.164313029375000070e+02,1.727338480999999959e+01,-6.520000000000000000e+02
-1.164313029375000070e+02,1.727338480999999959e+01,-6.510000000000000000e+02
-1.161529826250000070e+02,1.699506449749999959e+01,-6.510000000000000000e+02
-1.164313029375000070e+02,1.727338480999999959e+01,-6.500000000000000000e+02
-1.161529826250000070e+02,1.699506449749999959e+01,-6.500000000000000000e+02
-1.161529826250000070e+02,1.699506449749999959e+01,-6.490000000000000000e+02
-1.164313029375000070e+02,1.783002543499999959e+01,-6.530000000000000000e+02
-1.155963420000000070e+02,1.003705668499999959e+01,-6.535000000000000000e+02
-1.155963420000000070e+02,9.758736372499999590e+00,-6.530000000000000000e+02
-1.155963420000000070e+02,1.003705668499999959e+01,-6.525000000000000000e+02
-1.155963420000000070e+02,1.059369730999999959e+01,-6.545000000000000000e+02
-1.155963420000000070e+02,1.031537699749999959e+01,-6.540000000000000000e+02
-1.155963420000000070e+02,1.031537699749999959e+01,-6.520000000000000000e+02
-1.155963420000000070e+02,1.031537699749999959e+01,-6.510000000000000000e+02
-1.155963420000000070e+02,1.059369730999999959e+01,-6.505000000000000000e+02
-1.155963420000000070e+02,1.115033793499999959e+01,-6.555000000000000000e+02
-1.155963420000000070e+02,1.087201762249999959e+01,-6.550000000000000000e+02
-1.155963420000000070e+02,1.087201762249999959e+01,-6.500000000000000000e+02
-1.155963420000000070e+02,1.115033793499999959e+01,-6.495000000000000000e+02
-1.155963420000000070e+02,1.170697855999999959e+01,-6.555000000000000000e+02
-1.155963420000000070e+02,1.142865824749999959e+01,-6.490000000000000000e+02
-1.155963420000000070e+02,1.170697855999999959e+01,-6.485000000000000000e+02
-1.155963420000000070e+02,1.226361918499999959e+01,-6.555000000000000000e+02
-1.155963420000000070e+02,1.198529887249999959e+01,-6.480000000000000000e+02
-1.155963420000000070e+02,1.254193949749999959e+01,-6.560000000000000000e+02
-1.155963420000000070e+02,1.254193949749999959e+01,-6.570000000000000000e+02
-1.158746623125000070e+02,1.393354105999999959e+01,-6.570000000000000000e+02
-1.158746623125000070e+02,1.449018168499999959e+01,-6.570000000000000000e+02
-1.158746623125000070e+02,1.504682230999999959e+01,-6.570000000000000000e+02
-1.155963420000000070e+02,1.532514262249999959e+01,-6.570000000000000000e+02
-1.155963420000000070e+02,1.560346293499999959e+01,-6.565000000000000000e+02
-1.155963420000000070e+02,1.588178324749999959e+01,-6.560000000000000000e+02
-1.158746623125000070e+02,1.616010355999999959e+01,-6.550000000000000000e+02
-1.155963420000000070e+02,1.588178324749999959e+01,-6.550000000000000000e+02
-1.155963420000000070e+02,1.616010355999999959e+01,-6.545000000000000000e+02
-1.158746623125000070e+02,1.616010355999999959e+01,-6.530000000000000000e+02
-1.155963420000000070e+02,1.588178324749999959e+01,-6.530000000000000000e+02
-1.155963420000000070e+02,1.616010355999999959e+01,-6.535000000000000000e+02
-1.155963420000000070e+02,1.616010355999999959e+01,-6.525000000000000000e+02
-1.158746623125000070e+02,1.616010355999999959e+01,-6.480000000000000000e+02
-1.155963420000000070e+02,1.588178324749999959e+01,-6.480000000000000000e+02
-1.155963420000000070e+02,1.616010355999999959e+01,-6.485000000000000000e+02
-1.158746623125000070e+02,1.671674418499999959e+01,-6.540000000000000000e+02
-1.155963420000000070e+02,1.643842387249999959e+01,-6.540000000000000000e+02
-1.158746623125000070e+02,1.671674418499999959e+01,-6.520000000000000000e+02
-1.155963420000000070e+02,1.643842387249999959e+01,-6.520000000000000000e+02
-1.155963420000000070e+02,1.671674418499999959e+01,-6.515000000000000000e+02
-1.158746623125000070e+02,1.671674418499999959e+01,-6.490000000000000000e+02
-1.155963420000000070e+02,1.643842387249999959e+01,-6.490000000000000000e+02
-1.155963420000000070e+02,1.671674418499999959e+01,-6.495000000000000000e+02
-1.155963420000000070e+02,1.699506449749999959e+01,-6.510000000000000000e+02
-1.155963420000000070e+02,1.699506449749999959e+01,-6.500000000000000000e+02
-1.153180216875000070e+02,1.003705668499999959e+01,-6.530000000000000000e+02
-1.153180216875000070e+02,1.059369730999999959e+01,-6.540000000000000000e+02
-1.150397013750000070e+02,1.059369730999999959e+01,-6.535000000000000000e+02
-1.150397013750000070e+02,1.031537699749999959e+01,-6.530000000000000000e+02
-1.150397013750000070e+02,1.031537699749999959e+01,-6.520000000000000000e+02
-1.150397013750000070e+02,1.031537699749999959e+01,-6.510000000000000000e+02
-1.150397013750000070e+02,1.059369730999999959e+01,-6.505000000000000000e+02
-1.153180216875000070e+02,1.115033793499999959e+01,-6.550000000000000000e+02
-1.150397013750000070e+02,1.115033793499999959e+01,-6.545000000000000000e+02
-1.150397013750000070e+02,1.087201762249999959e+01,-6.540000000000000000e+02
-1.150397013750000070e+02,1.087201762249999959e+01,-6.500000000000000000e+02
-1.150397013750000070e+02,1.115033793499999959e+01,-6.495000000000000000e+02
-1.150397013750000070e+02,1.170697855999999959e+01,-6.555000000000000000e+02
-1.150397013750000070e+02,1.142865824749999959e+01,-6.550000000000000000e+02
-1.150397013750000070e+02,1.142865824749999959e+01,-6.490000000000000000e+02
-1.150397013750000070e+02,1.170697855999999959e+01,-6.485000000000000000e+02
-1.153180216875000070e+02,1.226361918499999959e+01,-6.570000000000000000e+02
-1.150397013750000070e+02,1.198529887249999959e+01,-6.560000000000000000e+02
-1.153180216875000070e+02,1.226361918499999959e+01,-6.560000000000000000e+02
-1.150397013750000070e+02,1.198529887249999959e+01,-6.570000000000000000e+02
-1.150397013750000070e+02,1.198529887249999959e+01,-6.480000000000000000e+02
-1.153180216875000070e+02,1.560346293499999959e+01,-6.570000000000000000e+02
-1.153180216875000070e+02,1.560346293499999959e+01,-6.530000000000000000e+02
-1.150397013750000070e+02,1.532514262249999959e+01,-6.530000000000000000e+02
-1.150397013750000070e+02,1.560346293499999959e+01,-6.535000000000000000e+02
-1.150397013750000070e+02,1.560346293499999959e+01,-6.525000000000000000e+02
-1.150397013750000070e+02,1.588178324749999959e+01,-6.570000000000000000e+02
-1.150397013750000070e+02,1.588178324749999959e+01,-6.560000000000000000e+02
-1.150397013750000070e+02,1.588178324749999959e+01,-6.550000000000000000e+02
-1.153180216875000070e+02,1.616010355999999959e+01,-6.540000000000000000e+02
-1.150397013750000070e+02,1.588178324749999959e+01,-6.540000000000000000e+02
-1.150397013750000070e+02,1.616010355999999959e+01,-6.525000000000000000e+02
-1.150397013750000070e+02,1.588178324749999959e+01,-6.480000000000000000e+02
-1.150397013750000070e+02,1.616010355999999959e+01,-6.485000000000000000e+02
-1.150397013750000070e+02,1.643842387249999959e+01,-6.520000000000000000e+02
-1.153180216875000070e+02,1.671674418499999959e+01,-6.510000000000000000e+02
-1.150397013750000070e+02,1.643842387249999959e+01,-6.510000000000000000e+02
-1.150397013750000070e+02,1.671674418499999959e+01,-6.505000000000000000e+02
-1.150397013750000070e+02,1.643842387249999959e+01,-6.490000000000000000e+02
-1.150397013750000070e+02,1.671674418499999959e+01,-6.495000000000000000e+02
-1.150397013750000070e+02,1.699506449749999959e+01,-6.500000000000000000e+02
-1.144830607500000070e+02,1.059369730999999959e+01,-6.535000000000000000e+02
-1.144830607500000070e+02,1.031537699749999959e+01,-6.530000000000000000e+02
-1.144830607500000070e+02,1.031537699749999959e+01,-6.520000000000000000e+02
-1.144830607500000070e+02,1.031537699749999959e+01,-6.510000000000000000e+02
-1.144830607500000070e+02,1.059369730999999959e+01,-6.505000000000000000e+02
-1.147613810625000070e+02,1.115033793499999959e+01,-6.540000000000000000e+02
-1.144830607500000070e+02,1.115033793499999959e+01,-6.535000000000000000e+02
-1.144830607500000070e+02,1.087201762249999959e+01,-6.500000000000000000e+02
-1.144830607500000070e+02,1.115033793499999959e+01,-6.495000000000000000e+02
-1.147613810625000070e+02,1.170697855999999959e+01,-6.550000000000000000e+02
-1.144830607500000070e+02,1.170697855999999959e+01,-6.545000000000000000e+02
-1.144830607500000070e+02,1.142865824749999959e+01,-6.540000000000000000e+02
-1.144830607500000070e+02,1.142865824749999959e+01,-6.490000000000000000e+02
-1.144830607500000070e+02,1.170697855999999959e+01,-6.485000000000000000e+02
-1.144830607500000070e+02,1.198529887249999959e+01,-6.560000000000000000e+02
-1.144830607500000070e+02,1.198529887249999959e+01,-6.570000000000000000e+02
-1.144830607500000070e+02,1.198529887249999959e+01,-6.550000000000000000e+02
-1.144830607500000070e+02,1.198529887249999959e+01,-6.480000000000000000e+02
-1.144830607500000070e+02,1.532514262249999959e+01,-6.570000000000000000e+02
-1.147613810625000070e+02,1.560346293499999959e+01,-6.570000000000000000e+02
-1.144830607500000070e+02,1.560346293499999959e+01,-6.565000000000000000e+02
-1.144830607500000070e+02,1.532514262249999959e+01,-6.530000000000000000e+02
-1.144830607500000070e+02,1.560346293499999959e+01,-6.535000000000000000e+02
-1.144830607500000070e+02,1.560346293499999959e+01,-6.525000000000000000e+02
-1.144830607500000070e+02,1.588178324749999959e+01,-6.560000000000000000e+02
-1.144830607500000070e+02,1.588178324749999959e+01,-6.550000000000000000e+02
-1.144830607500000070e+02,1.588178324749999959e+01,-6.540000000000000000e+02
-1.144830607500000070e+02,1.616010355999999959e+01,-6.525000000000000000e+02
-1.144830607500000070e+02,1.588178324749999959e+01,-6.480000000000000000e+02
-1.144830607500000070e+02,1.616010355999999959e+01,-6.485000000000000000e+02
-1.144830607500000070e+02,1.643842387249999959e+01,-6.520000000000000000e+02
-1.144830607500000070e+02,1.643842387249999959e+01,-6.510000000000000000e+02
-1.147613810625000070e+02,1.671674418499999959e+01,-6.500000000000000000e+02
-1.144830607500000070e+02,1.643842387249999959e+01,-6.500000000000000000e+02
-1.144830607500000070e+02,1.643842387249999959e+01,-6.490000000000000000e+02
-1.142047404375000070e+02,1.059369730999999959e+01,-6.530000000000000000e+02
-1.139264201250000070e+02,1.059369730999999959e+01,-6.525000000000000000e+02
-1.139264201250000070e+02,1.031537699749999959e+01,-6.520000000000000000e+02
-1.142047404375000070e+02,1.059369730999999959e+01,-6.510000000000000000e+02
-1.139264201250000070e+02,1.059369730999999959e+01,-6.515000000000000000e+02
-1.139264201250000070e+02,1.115033793499999959e+01,-6.535000000000000000e+02
-1.139264201250000070e+02,1.087201762249999959e+01,-6.530000000000000000e+02
-1.139264201250000070e+02,1.087201762249999959e+01,-6.510000000000000000e+02
-1.139264201250000070e+02,1.087201762249999959e+01,-6.500000000000000000e+02
-1.139264201250000070e+02,1.115033793499999959e+01,-6.495000000000000000e+02
-1.139264201250000070e+02,1.170697855999999959e+01,-6.545000000000000000e+02
-1.139264201250000070e+02,1.142865824749999959e+01,-6.540000000000000000e+02
-1.139264201250000070e+02,1.142865824749999959e+01,-6.490000000000000000e+02
-1.139264201250000070e+02,1.170697855999999959e+01,-6.485000000000000000e+02
-1.139264201250000070e+02,1.198529887249999959e+01,-6.560000000000000000e+02
-1.139264201250000070e+02,1.198529887249999959e+01,-6.570000000000000000e+02
-1.139264201250000070e+02,1.198529887249999959e+01,-6.550000000000000000e+02
-1.139264201250000070e+02,1.198529887249999959e+01,-6.480000000000000000e+02
-1.139264201250000070e+02,1.532514262249999959e+01,-6.570000000000000000e+02
-1.139264201250000070e+02,1.560346293499999959e+01,-6.565000000000000000e+02
-1.139264201250000070e+02,1.532514262249999959e+01,-6.530000000000000000e+02
-1.139264201250000070e+02,1.560346293499999959e+01,-6.535000000000000000e+02
-1.139264201250000070e+02,1.560346293499999959e+01,-6.525000000000000000e+02
-1.139264201250000070e+02,1.588178324749999959e+01,-6.560000000000000000e+02
-1.142047404375000070e+02,1.616010355999999959e+01,-6.550000000000000000e+02
-1.139264201250000070e+02,1.616010355999999959e+01,-6.555000000000000000e+02
-1.139264201250000070e+02,1.616010355999999959e+01,-6.545000000000000000e+02
-1.139264201250000070e+02,1.588178324749999959e+01,-6.540000000000000000e+02
-1.139264201250000070e+02,1.616010355999999959e+01,-6.525000000000000000e+02
-1.142047404375000070e+02,1.616010355999999959e+01,-6.510000000000000000e+02
-1.139264201250000070e+02,1.588178324749999959e+01,-6.510000000000000000e+02
-1.139264201250000070e+02,1.616010355999999959e+01,-6.515000000000000000e+02
-1.142047404375000070e+02,1.616010355999999959e+01,-6.500000000000000000e+02
-1.139264201250000070e+02,1.588178324749999959e+01,-6.500000000000000000e+02
-1.139264201250000070e+02,1.616010355999999959e+01,-6.495000000000000000e+02
-1.139264201250000070e+02,1.588178324749999959e+01,-6.480000000000000000e+02
-1.139264201250000070e+02,1.616010355999999959e+01,-6.485000000000000000e+02
-1.139264201250000070e+02,1.643842387249999959e+01,-6.550000000000000000e+02
-1.139264201250000070e+02,1.643842387249999959e+01,-6.520000000000000000e+02
-1.139264201250000070e+02,1.643842387249999959e+01,-6.490000000000000000e+02
-1.136480998125000070e+02,1.059369730999999959e+01,-6.520000000000000000e+02
-1.136480998125000070e+02,1.115033793499999959e+01,-6.530000000000000000e+02
-1.133697795000000070e+02,1.115033793499999959e+01,-6.525000000000000000e+02
-1.133697795000000070e+02,1.087201762249999959e+01,-6.520000000000000000e+02
-1.133697795000000070e+02,1.087201762249999959e+01,-6.510000000000000000e+02
-1.136480998125000070e+02,1.115033793499999959e+01,-6.500000000000000000e+02
-1.133697795000000070e+02,1.115033793499999959e+01,-6.505000000000000000e+02
-1.136480998125000070e+02,1.170697855999999959e+01,-6.540000000000000000e+02
-1.133697795000000070e+02,1.170697855999999959e+01,-6.535000000000000000e+02
-1.133697795000000070e+02,1.142865824749999959e+01,-6.530000000000000000e+02
-1.133697795000000070e+02,1.142865824749999959e+01,-6.500000000000000000e+02
-1.136480998125000070e+02,1.170697855999999959e+01,-6.490000000000000000e+02
-1.133697795000000070e+02,1.170697855999999959e+01,-6.495000000000000000e+02
-1.133697795000000070e+02,1.198529887249999959e+01,-6.560000000000000000e+02
-1.133697795000000070e+02,1.198529887249999959e+01,-6.570000000000000000e+02
-1.133697795000000070e+02,1.198529887249999959e+01,-6.550000000000000000e+02
-1.133697795000000070e+02,1.198529887249999959e+01,-6.540000000000000000e+02
-1.133697795000000070e+02,1.198529887249999959e+01,-6.490000000000000000e+02
-1.136480998125000070e+02,1.226361918499999959e+01,-6.480000000000000000e+02
-1.133697795000000070e+02,1.226361918499999959e+01,-6.485000000000000000e+02
-1.136480998125000070e+02,1.282025980999999959e+01,-6.480000000000000000e+02
-1.133697795000000070e+02,1.282025980999999959e+01,-6.485000000000000000e+02
-1.133697795000000070e+02,1.309858012249999959e+01,-6.480000000000000000e+02
-1.136480998125000070e+02,1.560346293499999959e+01,-6.570000000000000000e+02
-1.136480998125000070e+02,1.560346293499999959e+01,-6.530000000000000000e+02
-1.136480998125000070e+02,1.560346293499999959e+01,-6.510000000000000000e+02
-1.133697795000000070e+02,1.532514262249999959e+01,-6.510000000000000000e+02
-1.133697795000000070e+02,1.560346293499999959e+01,-6.515000000000000000e+02
-1.136480998125000070e+02,1.560346293499999959e+01,-6.500000000000000000e+02
-1.133697795000000070e+02,1.532514262249999959e+01,-6.500000000000000000e+02
-1.133697795000000070e+02,1.560346293499999959e+01,-6.495000000000000000e+02
-1.133697795000000070e+02,1.588178324749999959e+01,-6.570000000000000000e+02
-1.133697795000000070e+02,1.588178324749999959e+01,-6.560000000000000000e+02
-1.136480998125000070e+02,1.616010355999999959e+01,-6.550000000000000000e+02
-1.133697795000000070e+02,1.588178324749999959e+01,-6.550000000000000000e+02
-1.136480998125000070e+02,1.616010355999999959e+01,-6.540000000000000000e+02
-1.133697795000000070e+02,1.616010355999999959e+01,-6.545000000000000000e+02
-1.133697795000000070e+02,1.616010355999999959e+01,-6.535000000000000000e+02
-1.133697795000000070e+02,1.588178324749999959e+01,-6.530000000000000000e+02
-1.133697795000000070e+02,1.616010355999999959e+01,-6.525000000000000000e+02
-1.133697795000000070e+02,1.616010355999999959e+01,-6.515000000000000000e+02
-1.133697795000000070e+02,1.616010355999999959e+01,-6.495000000000000000e+02
-1.136480998125000070e+02,1.616010355999999959e+01,-6.480000000000000000e+02
-1.133697795000000070e+02,1.643842387249999959e+01,-6.540000000000000000e+02
-1.133697795000000070e+02,1.643842387249999959e+01,-6.520000000000000000e+02
-1.133697795000000070e+02,1.643842387249999959e+01,-6.490000000000000000e+02
-1.133697795000000070e+02,1.643842387249999959e+01,-6.480000000000000000e+02
-1.130914591875000070e+02,1.115033793499999959e+01,-6.520000000000000000e+02
-1.130914591875000070e+02,1.115033793499999959e+01,-6.510000000000000000e+02
-1.130914591875000070e+02,1.170697855999999959e+01,-6.530000000000000000e+02
-1.128131388750000070e+02,1.170697855999999959e+01,-6.525000000000000000e+02
-1.128131388750000070e+02,1.142865824749999959e+01,-6.520000000000000000e+02
-1.128131388750000070e+02,1.142865824749999959e+01,-6.510000000000000000e+02
-1.128131388750000070e+02,1.142865824749999959e+01,-6.500000000000000000e+02
-1.128131388750000070e+02,1.170697855999999959e+01,-6.495000000000000000e+02
-1.128131388750000070e+02,1.198529887249999959e+01,-6.560000000000000000e+02
-1.128131388750000070e+02,1.198529887249999959e+01,-6.570000000000000000e+02
-1.128131388750000070e+02,1.198529887249999959e+01,-6.550000000000000000e+02
-1.128131388750000070e+02,1.198529887249999959e+01,-6.540000000000000000e+02
-1.128131388750000070e+02,1.198529887249999959e+01,-6.530000000000000000e+02
-1.130914591875000070e+02,1.226361918499999959e+01,-6.490000000000000000e+02
-1.128131388750000070e+02,1.226361918499999959e+01,-6.495000000000000000e+02
-1.130914591875000070e+02,1.282025980999999959e+01,-6.490000000000000000e+02
-1.128131388750000070e+02,1.282025980999999959e+01,-6.495000000000000000e+02
-1.130914591875000070e+02,1.337690043499999959e+01,-6.490000000000000000e+02
-1.128131388750000070e+02,1.337690043499999959e+01,-6.495000000000000000e+02
-1.130914591875000070e+02,1.337690043499999959e+01,-6.480000000000000000e+02
-1.130914591875000070e+02,1.393354105999999959e+01,-6.490000000000000000e+02
-1.128131388750000070e+02,1.393354105999999959e+01,-6.495000000000000000e+02
-1.130914591875000070e+02,1.393354105999999959e+01,-6.480000000000000000e+02
-1.130914591875000070e+02,1.449018168499999959e+01,-6.500000000000000000e+02
-1.128131388750000070e+02,1.421186137249999959e+01,-6.500000000000000000e+02
-1.128131388750000070e+02,1.449018168499999959e+01,-6.505000000000000000e+02
-1.130914591875000070e+02,1.449018168499999959e+01,-6.490000000000000000e+02
-1.130914591875000070e+02,1.449018168499999959e+01,-6.480000000000000000e+02
-1.130914591875000070e+02,1.504682230999999959e+01,-6.500000000000000000e+02
-1.128131388750000070e+02,1.504682230999999959e+01,-6.505000000000000000e+02
-1.128131388750000070e+02,1.504682230999999959e+01,-6.495000000000000000e+02
-1.128131388750000070e+02,1.476850199749999959e+01,-6.490000000000000000e+02
-1.128131388750000070e+02,1.504682230999999959e+01,-6.485000000000000000e+02
-1.130914591875000070e+02,1.504682230999999959e+01,-6.480000000000000000e+02
-1.130914591875000070e+02,1.560346293499999959e+01,-6.560000000000000000e+02
-1.128131388750000070e+02,1.532514262249999959e+01,-6.560000000000000000e+02
-1.128131388750000070e+02,1.560346293499999959e+01,-6.565000000000000000e+02
-1.128131388750000070e+02,1.560346293499999959e+01,-6.555000000000000000e+02
-1.128131388750000070e+02,1.532514262249999959e+01,-6.510000000000000000e+02
-1.128131388750000070e+02,1.560346293499999959e+01,-6.515000000000000000e+02
-1.128131388750000070e+02,1.560346293499999959e+01,-6.495000000000000000e+02
-1.130914591875000070e+02,1.560346293499999959e+01,-6.480000000000000000e+02
-1.128131388750000070e+02,1.560346293499999959e+01,-6.485000000000000000e+02
-1.128131388750000070e+02,1.588178324749999959e+01,-6.570000000000000000e+02
-1.128131388750000070e+02,1.588178324749999959e+01,-6.550000000000000000e+02
-1.130914591875000070e+02,1.616010355999999959e+01,-6.540000000000000000e+02
-1.128131388750000070e+02,1.588178324749999959e+01,-6.540000000000000000e+02
-1.128131388750000070e+02,1.588178324749999959e+01,-6.530000000000000000e+02
-1.130914591875000070e+02,1.616010355999999959e+01,-6.520000000000000000e+02
-1.128131388750000070e+02,1.588178324749999959e+01,-6.520000000000000000e+02
-1.128131388750000070e+02,1.588178324749999959e+01,-6.490000000000000000e+02
-1.130914591875000070e+02,1.616010355999999959e+01,-6.490000000000000000e+02
-1.130914591875000070e+02,1.616010355999999959e+01,-6.480000000000000000e+02
-1.125348185625000070e+02,1.170697855999999959e+01,-6.520000000000000000e+02
-1.125348185625000070e+02,1.170697855999999959e+01,-6.510000000000000000e+02
-1.125348185625000070e+02,1.170697855999999959e+01,-6.500000000000000000e+02
-1.122564982500000070e+02,1.198529887249999959e+01,-6.560000000000000000e+02
-1.122564982500000070e+02,1.198529887249999959e+01,-6.570000000000000000e+02
-1.122564982500000070e+02,1.198529887249999959e+01,-6.550000000000000000e+02
-1.125348185625000070e+02,1.226361918499999959e+01,-6.540000000000000000e+02
-1.122564982500000070e+02,1.226361918499999959e+01,-6.545000000000000000e+02
-1.125348185625000070e+02,1.226361918499999959e+01,-6.530000000000000000e+02
-1.122564982500000070e+02,1.226361918499999959e+01,-6.525000000000000000e+02
-1.122564982500000070e+02,1.198529887249999959e+01,-6.520000000000000000e+02
-1.122564982500000070e+02,1.198529887249999959e+01,-6.510000000000000000e+02
-1.122564982500000070e+02,1.226361918499999959e+01,-6.505000000000000000e+02
-1.125348185625000070e+02,1.226361918499999959e+01,-6.500000000000000000e+02
-1.122564982500000070e+02,1.254193949749999959e+01,-6.540000000000000000e+02
-1.122564982500000070e+02,1.254193949749999959e+01,-6.530000000000000000e+02
-1.125348185625000070e+02,1.282025980999999959e+01,-6.500000000000000000e+02
-1.122564982500000070e+02,1.282025980999999959e+01,-6.505000000000000000e+02
-1.125348185625000070e+02,1.337690043499999959e+01,-6.500000000000000000e+02
-1.122564982500000070e+02,1.337690043499999959e+01,-6.505000000000000000e+02
-1.125348185625000070e+02,1.393354105999999959e+01,-6.500000000000000000e+02
-1.122564982500000070e+02,1.393354105999999959e+01,-6.505000000000000000e+02
-1.122564982500000070e+02,1.449018168499999959e+01,-6.505000000000000000e+02
-1.125348185625000070e+02,1.504682230999999959e+01,-6.560000000000000000e+02
-1.122564982500000070e+02,1.476850199749999959e+01,-6.560000000000000000e+02
-1.122564982500000070e+02,1.504682230999999959e+01,-6.565000000000000000e+02
-1.122564982500000070e+02,1.504682230999999959e+01,-6.555000000000000000e+02
-1.122564982500000070e+02,1.504682230999999959e+01,-6.505000000000000000e+02
-1.125348185625000070e+02,1.504682230999999959e+01,-6.490000000000000000e+02
-1.122564982500000070e+02,1.532514262249999959e+01,-6.570000000000000000e+02
-1.125348185625000070e+02,1.560346293499999959e+01,-6.570000000000000000e+02
-1.125348185625000070e+02,1.560346293499999959e+01,-6.550000000000000000e+02
-1.122564982500000070e+02,1.532514262249999959e+01,-6.550000000000000000e+02
-1.125348185625000070e+02,1.560346293499999959e+01,-6.540000000000000000e+02
-1.122564982500000070e+02,1.532514262249999959e+01,-6.540000000000000000e+02
-1.125348185625000070e+02,1.560346293499999959e+01,-6.530000000000000000e+02
-1.122564982500000070e+02,1.532514262249999959e+01,-6.530000000000000000e+02
-1.125348185625000070e+02,1.560346293499999959e+01,-6.520000000000000000e+02
-1.122564982500000070e+02,1.532514262249999959e+01,-6.520000000000000000e+02
-1.122564982500000070e+02,1.532514262249999959e+01,-6.510000000000000000e+02
-1.125348185625000070e+02,1.560346293499999959e+01,-6.490000000000000000e+02
-1.119781779375000070e+02,1.226361918499999959e+01,-6.560000000000000000e+02
-1.119781779375000070e+02,1.226361918499999959e+01,-6.570000000000000000e+02
-1.119781779375000070e+02,1.226361918499999959e+01,-6.550000000000000000e+02
-1.119781779375000070e+02,1.226361918499999959e+01,-6.520000000000000000e+02
-1.119781779375000070e+02,1.226361918499999959e+01,-6.510000000000000000e+02
-1.119781779375000070e+02,1.282025980999999959e+01,-6.560000000000000000e+02
-1.119781779375000070e+02,1.282025980999999959e+01,-6.570000000000000000e+02
-1.116998576250000070e+02,1.282025980999999959e+01,-6.555000000000000000e+02
-1.116998576250000070e+02,1.254193949749999959e+01,-6.550000000000000000e+02
-1.119781779375000070e+02,1.282025980999999959e+01,-6.540000000000000000e+02
-1.116998576250000070e+02,1.282025980999999959e+01,-6.545000000000000000e+02
-1.119781779375000070e+02,1.282025980999999959e+01,-6.530000000000000000e+02
-1.119781779375000070e+02,1.282025980999999959e+01,-6.520000000000000000e+02
-1.119781779375000070e+02,1.282025980999999959e+01,-6.510000000000000000e+02
-1.119781779375000070e+02,1.337690043499999959e+01,-6.560000000000000000e+02
-1.119781779375000070e+02,1.337690043499999959e+01,-6.570000000000000000e+02
-1.116998576250000070e+02,1.337690043499999959e+01,-6.555000000000000000e+02
-1.116998576250000070e+02,1.309858012249999959e+01,-6.540000000000000000e+02
-1.116998576250000070e+02,1.309858012249999959e+01,-6.530000000000000000e+02
-1.116998576250000070e+02,1.309858012249999959e+01,-6.520000000000000000e+02
-1.116998576250000070e+02,1.309858012249999959e+01,-6.510000000000000000e+02
-1.116998576250000070e+02,1.337690043499999959e+01,-6.505000000000000000e+02
-1.119781779375000070e+02,1.393354105999999959e+01,-6.560000000000000000e+02
-1.119781779375000070e+02,1.393354105999999959e+01,-6.570000000000000000e+02
-1.116998576250000070e+02,1.365522074749999959e+01,-6.550000000000000000e+02
-1.119781779375000070e+02,1.393354105999999959e+01,-6.550000000000000000e+02
-1.119781779375000070e+02,1.393354105999999959e+01,-6.540000000000000000e+02
-1.116998576250000070e+02,1.365522074749999959e+01,-6.540000000000000000e+02
-1.116998576250000070e+02,1.393354105999999959e+01,-6.535000000000000000e+02
-1.116998576250000070e+02,1.393354105999999959e+01,-6.505000000000000000e+02
-1.119781779375000070e+02,1.449018168499999959e+01,-6.560000000000000000e+02
-1.119781779375000070e+02,1.449018168499999959e+01,-6.570000000000000000e+02
-1.119781779375000070e+02,1.449018168499999959e+01,-6.550000000000000000e+02
-1.119781779375000070e+02,1.449018168499999959e+01,-6.540000000000000000e+02
-1.116998576250000070e+02,1.421186137249999959e+01,-6.530000000000000000e+02
-1.119781779375000070e+02,1.449018168499999959e+01,-6.530000000000000000e+02
-1.116998576250000070e+02,1.449018168499999959e+01,-6.525000000000000000e+02
-1.116998576250000070e+02,1.449018168499999959e+01,-6.505000000000000000e+02
-1.119781779375000070e+02,1.504682230999999959e+01,-6.570000000000000000e+02
-1.119781779375000070e+02,1.504682230999999959e+01,-6.550000000000000000e+02
-1.119781779375000070e+02,1.504682230999999959e+01,-6.540000000000000000e+02
-1.119781779375000070e+02,1.504682230999999959e+01,-6.530000000000000000e+02
-1.116998576250000070e+02,1.476850199749999959e+01,-6.520000000000000000e+02
-1.119781779375000070e+02,1.504682230999999959e+01,-6.520000000000000000e+02
-1.116998576250000070e+02,1.504682230999999959e+01,-6.515000000000000000e+02
-1.116998576250000070e+02,1.504682230999999959e+01,-6.505000000000000000e+02
-1.116998576250000070e+02,1.532514262249999959e+01,-6.510000000000000000e+02
-1.114215373125000070e+02,1.282025980999999959e+01,-6.550000000000000000e+02
-1.114215373125000070e+02,1.337690043499999959e+01,-6.550000000000000000e+02
-1.114215373125000070e+02,1.337690043499999959e+01,-6.540000000000000000e+02
-1.114215373125000070e+02,1.337690043499999959e+01,-6.530000000000000000e+02
-1.114215373125000070e+02,1.337690043499999959e+01,-6.520000000000000000e+02
-1.114215373125000070e+02,1.337690043499999959e+01,-6.510000000000000000e+02
-1.114215373125000070e+02,1.393354105999999959e+01,-6.530000000000000000e+02
-1.114215373125000070e+02,1.393354105999999959e+01,-6.520000000000000000e+02
-1.114215373125000070e+02,1.393354105999999959e+01,-6.510000000000000000e+02
-1.114215373125000070e+02,1.449018168499999959e+01,-6.520000000000000000e+02
-1.114215373125000070e+02,1.449018168499999959e+01,-6.510000000000000000e+02
-1.114215373125000070e+02,1.504682230999999959e+01,-6.510000000000000000e+02
